Date Time,Month,Day,Day of Week,Hour,Minute,Site Outdoor Air Drybulb Temperature,Site Outdoor Air Relative Humidity,HeatingElectricity,CoolingElectricity,ElectricityFacility,District Heating Inlet Temperature,District Cooling Inlet Temperature,District Heating Outlet Temperature,District Cooling Outlet Temperature,District Heating Mass Flow Rate,District Cooling Mass Flow Rate,District Heating Hot Water Energy,District Cooling Chilled Water Energy
01/01/2009 01:00,1,1,4,1,0,2.8,93,0,0,1.42679e+07,16.8904,16.8904,16.8904,16.8904,0,0,0,0
01/01/2009 02:00,1,1,4,2,0,2.8,93,0,0,1.42679e+07,16.8904,16.8904,16.8904,16.8904,0,0,0,0
01/01/2009 03:00,1,1,4,3,0,2.2,96,0,0,1.42679e+07,16.8904,16.8904,16.8904,16.8904,0,0,0,0
01/01/2009 04:00,1,1,4,4,0,1.7,92,0,0,1.42679e+07,16.8904,16.8904,16.8904,16.8904,0,0,0,0
01/01/2009 05:00,1,1,4,5,0,1.7,96,0,0,1.42679e+07,16.8904,16.8904,16.8904,16.8904,0,0,0,0
01/01/2009 06:00,1,1,4,6,0,1.1,96,0,0,1.42679e+07,16.8904,16.8904,16.8904,16.8904,0,0,0,0
01/01/2009 07:00,1,1,4,7,0,1.7,92,0,0,1.53816e+07,16.8904,16.8904,16.8904,16.8904,0,0,0,0
01/01/2009 08:00,1,1,4,8,0,1.1,96,0,0,1.20098e+07,16.8904,16.8904,16.8904,16.8904,0,0,0,0
01/01/2009 09:00,1,1,4,9,0,6.7,83,0,0,1.20098e+07,16.8904,16.8904,16.8904,16.8904,0,0,0,0
01/01/2009 10:00,1,1,4,10,0,10.6,72,0,0,1.20098e+07,16.8904,16.8904,16.8904,16.8904,0,0,0,0
01/01/2009 11:00,1,1,4,11,0,12.8,51,0,0,1.20098e+07,16.8904,16.8904,16.8904,16.8904,0,0,0,0
01/01/2009 12:00,1,1,4,12,0,14.4,44,0,0,1.20098e+07,16.8904,16.8904,16.8904,16.8904,0,0,0,0
01/01/2009 13:00,1,1,4,13,0,16.7,40,0,0,1.20098e+07,16.8904,16.8904,16.8904,16.8904,0,0,0,0
01/01/2009 14:00,1,1,4,14,0,17.2,33,0,0,1.20098e+07,16.8904,16.8904,16.8904,16.8904,0,0,0,0
01/01/2009 15:00,1,1,4,15,0,16.7,31,0,0,1.20098e+07,16.8904,16.8904,16.8904,16.8904,0,0,0,0
01/01/2009 16:00,1,1,4,16,0,16.7,31,0,0,1.20098e+07,16.8904,16.8904,16.8904,16.8904,0,0,0,0
01/01/2009 17:00,1,1,4,17,0,15,38,0,0,1.20098e+07,16.8904,16.8904,16.8904,16.8904,0,0,0,0
01/01/2009 18:00,1,1,4,18,0,11.7,49,0,0,1.53816e+07,16.8904,16.8904,16.8904,16.8904,0,0,0,0
01/01/2009 19:00,1,1,4,19,0,7.2,71,0,0,1.53816e+07,16.8904,16.8904,16.8904,16.8904,0,0,0,0
01/01/2009 20:00,1,1,4,20,0,6.1,76,0,0,1.53816e+07,16.8904,16.8904,16.8904,16.8904,0,0,0,0
01/01/2009 21:00,1,1,4,21,0,6.7,68,0,0,1.53816e+07,16.8904,16.8904,16.8904,16.8904,0,0,0,0
01/01/2009 22:00,1,1,4,22,0,4.4,82,0,0,1.53816e+07,16.8904,16.8904,16.8904,16.8904,0,0,0,0
01/01/2009 23:00,1,1,4,23,0,5,73,0,0,1.53816e+07,16.8904,16.8904,16.8904,16.8904,0,0,0,0
01/02/2009 00:00,1,2,5,0,0,3.3,86,0,0,1.53816e+07,16.8904,16.8904,16.8904,16.8904,0,0,0,0
01/02/2009 01:00,1,2,5,1,0,5,76,0,0,2.07703e+07,16.8904,16.8904,16.8904,16.8904,0,0,0,0
01/02/2009 02:00,1,2,5,2,0,2.2,89,0,0,2.07703e+07,16.8904,16.8904,16.8904,16.8904,0,0,0,0
01/02/2009 03:00,1,2,5,3,0,3.3,79,0,0,2.07703e+07,16.8904,16.8904,16.8904,16.8904,0,0,0,0
01/02/2009 04:00,1,2,5,4,0,2.8,82,0,0,2.07703e+07,16.8904,16.8904,16.8904,16.8904,0,0,0,0
01/02/2009 05:00,1,2,5,5,0,2.2,82,0,0,2.07703e+07,16.8904,16.8904,16.8904,16.8904,0,0,0,0
01/02/2009 06:00,1,2,5,6,0,1.1,85,0,0,2.23312e+07,16.8904,16.8904,16.8904,16.8904,0,0,0,0
01/02/2009 07:00,1,2,5,7,0,1.7,82,5.78086e+06,0,3.04098e+07,14.1063,14.1063,16.8904,14.1063,0.348538,0,1.38412e+07,0
01/02/2009 08:00,1,2,5,8,0,2.2,85,3.25677e+06,0,2.98827e+07,14.0461,14.0461,16.8904,14.0461,0.182782,0,7.83474e+06,0
01/02/2009 09:00,1,2,5,9,0,5.6,73,447000,0,5.23405e+07,14.0461,14.0461,16.8904,14.0461,0.0197577,0,846887,0
01/02/2009 10:00,1,2,5,10,0,8.3,58,0,0,5.18266e+07,14.0461,14.0461,14.0461,14.0461,0,0,0,0
01/02/2009 11:00,1,2,5,11,0,10,54,0,0,5.18266e+07,14.0461,14.0461,14.0461,14.0461,0,0,0,0
01/02/2009 12:00,1,2,5,12,0,12.2,53,0,0,5.18266e+07,14.0461,14.0461,14.0461,14.0461,0,0,0,0
01/02/2009 13:00,1,2,5,13,0,13.9,53,0,0,4.74043e+07,14.0461,14.0461,14.0461,14.0461,0,0,0,0
01/02/2009 14:00,1,2,5,14,0,13.3,57,0,0,5.18266e+07,14.0461,14.0461,14.0461,14.0461,0,0,0,0
01/02/2009 15:00,1,2,5,15,0,13.9,58,0,1.26667e+06,5.33674e+07,18.9737,18.9737,19.2316,16.6325,0.0175043,0.0635938,271989,2.95705e+06
01/02/2009 16:00,1,2,5,16,0,13.3,62,0,784601,5.27613e+07,21.5536,21.5536,21.5536,16.8904,0,0.0444166,0,3.11707e+06
01/02/2009 17:00,1,2,5,17,0,12.2,69,0,417464,5.23117e+07,21.785,21.785,21.785,16.8904,0,0.0201736,0,1.48691e+06
01/02/2009 18:00,1,2,5,18,0,11.1,80,0,0,3.53078e+07,21.8396,21.8396,21.8396,21.8396,0,0,0,0
01/02/2009 19:00,1,2,5,19,0,10.6,83,113738,0,2.30026e+07,21.5658,21.5658,21.5658,18.5401,0,0.00442716,0,294724
01/02/2009 20:00,1,2,5,20,0,10.6,86,0,0,2.28739e+07,20.8118,20.8118,20.8118,20.8118,0,0,0,0
01/02/2009 21:00,1,2,5,21,0,11.7,83,0,0,1.97521e+07,20.8118,20.8118,20.8118,20.8118,0,0,0,0
01/02/2009 22:00,1,2,5,22,0,11.7,90,0,0,1.97521e+07,20.8118,20.8118,20.8118,20.8118,0,0,0,0
01/02/2009 23:00,1,2,5,23,0,12.2,86,0,0,1.69425e+07,20.8118,20.8118,20.8118,20.8118,0,0,0,0
01/03/2009 00:00,1,3,6,0,0,11.7,90,0,0,1.53816e+07,20.8118,20.8118,20.8118,20.8118,0,0,0,0
01/03/2009 01:00,1,3,6,1,0,11.7,93,0,0,2.07703e+07,20.8118,20.8118,20.8118,20.8118,0,0,0,0
01/03/2009 02:00,1,3,6,2,0,11.7,96,0,0,2.07703e+07,20.8118,20.8118,20.8118,20.8118,0,0,0,0
01/03/2009 03:00,1,3,6,3,0,12.8,93,0,0,2.07703e+07,20.8118,20.8118,20.8118,20.8118,0,0,0,0
01/03/2009 04:00,1,3,6,4,0,13.3,93,0,0,2.07703e+07,20.8118,20.8118,20.8118,20.8118,0,0,0,0
01/03/2009 05:00,1,3,6,5,0,13.9,97,0,0,2.07703e+07,20.8118,20.8118,20.8118,20.8118,0,0,0,0
01/03/2009 06:00,1,3,6,6,0,14.4,97,0,0,2.23312e+07,20.8118,20.8118,20.8118,20.8118,0,0,0,0
01/03/2009 07:00,1,3,6,7,0,15,90,379961,0,2.3869e+07,19.5808,19.5808,19.5808,16.8904,0,0.0129836,0,525799
01/03/2009 08:00,1,3,6,8,0,15.6,87,0,0,2.60045e+07,18.5086,18.5086,18.5086,18.5086,0,0,0,0
01/03/2009 09:00,1,3,6,9,0,15,81,0,171686,5.20298e+07,18.8285,18.8285,18.8285,17.6995,0,0.00940602,0,298088
01/03/2009 10:00,1,3,6,10,0,12.2,67,0,224708,5.20942e+07,19.6765,19.6765,19.6765,18.1636,0,0.0128089,0,583362
01/03/2009 11:00,1,3,6,11,0,12.2,57,0,1.53062e+06,5.36687e+07,21.4191,21.4191,21.4191,16.8904,0,0.092433,0,6.4053e+06
01/03/2009 12:00,1,3,6,12,0,13.9,55,0,3.09973e+06,5.56139e+07,22.0195,22.0195,22.0195,16.8904,0,0.20379,0,1.573e+07
01/03/2009 13:00,1,3,6,13,0,13.3,57,0,962555,4.85536e+07,22.0663,22.0663,22.0663,16.8904,0,0.0555435,0,4.32651e+06
01/03/2009 14:00,1,3,6,14,0,11.1,64,0,1.68049e+06,5.38556e+07,22.1078,22.1078,22.1078,16.8904,0,0.103685,0,8.14076e+06
01/03/2009 15:00,1,3,6,15,0,9.4,74,0,1.78373e+06,5.39831e+07,22.1279,22.1279,22.1279,16.8904,0,0.11097,0,8.74621e+06
01/03/2009 16:00,1,3,6,16,0,8.9,80,0,1.96785e+06,5.42094e+07,22.135,22.135,22.135,16.8904,0,0.123488,0,9.74604e+06
01/03/2009 17:00,1,3,6,17,0,8.9,80,0,1.9008e+06,5.41285e+07,22.1405,22.1405,22.1405,16.8904,0,0.119425,0,9.43519e+06
01/03/2009 18:00,1,3,6,18,0,8.3,80,0,407706,3.57922e+07,22.1427,22.1427,22.1427,16.8904,0,0.022873,0,1.80786e+06
01/03/2009 19:00,1,3,6,19,0,8.3,71,0,0,2.28739e+07,22.1437,22.1437,22.1437,22.1437,0,0,0,0
01/03/2009 20:00,1,3,6,20,0,8.3,68,0,0,2.28739e+07,22.1437,22.1437,22.1437,22.1437,0,0,0,0
01/03/2009 21:00,1,3,6,21,0,8.3,68,0,0,1.97521e+07,22.1437,22.1437,22.1437,22.1437,0,0,0,0
01/03/2009 22:00,1,3,6,22,0,8.3,66,0,0,1.97521e+07,22.1437,22.1437,22.1437,22.1437,0,0,0,0
01/03/2009 23:00,1,3,6,23,0,7.8,63,0,0,1.69425e+07,22.1437,22.1437,22.1437,22.1437,0,0,0,0
01/04/2009 00:00,1,4,0,0,0,7.2,66,0,0,1.53816e+07,22.1437,22.1437,22.1437,22.1437,0,0,0,0
01/04/2009 01:00,1,4,0,1,0,6.7,68,0,0,2.07703e+07,22.1437,22.1437,22.1437,22.1437,0,0,0,0
01/04/2009 02:00,1,4,0,2,0,7.2,66,0,0,2.07703e+07,22.1437,22.1437,22.1437,22.1437,0,0,0,0
01/04/2009 03:00,1,4,0,3,0,5,76,0,0,2.07703e+07,22.1437,22.1437,22.1437,22.1437,0,0,0,0
01/04/2009 04:00,1,4,0,4,0,5.6,73,0,0,2.07703e+07,22.1437,22.1437,22.1437,22.1437,0,0,0,0
01/04/2009 05:00,1,4,0,5,0,5,70,0,0,2.07703e+07,22.1437,22.1437,22.1437,22.1437,0,0,0,0
01/04/2009 06:00,1,4,0,6,0,3.9,76,0,0,2.23312e+07,22.1437,22.1437,22.1437,22.1437,0,0,0,0
01/04/2009 07:00,1,4,0,7,0,4.4,73,2.58723e+06,0,2.6514e+07,15.5972,15.5972,17.1044,15.3832,0.0705642,0.0711717,2.49095e+06,688006
01/04/2009 08:00,1,4,0,8,0,3.9,76,473575,0,2.65507e+07,14.1364,14.1364,16.8904,14.1364,0.0212983,0,882222,0
01/04/2009 09:00,1,4,0,9,0,4.4,73,0,481543,5.24037e+07,16.3146,16.3146,16.8495,15.7999,0.0161958,0.0123098,243702,250362
01/04/2009 10:00,1,4,0,10,0,5,70,0,620385,5.25705e+07,20.2193,20.2193,20.2193,16.8904,0,0.0368635,0,1.90667e+06
01/04/2009 11:00,1,4,0,11,0,6.7,65,0,2.01707e+06,5.42644e+07,21.7524,21.7524,21.7524,16.8904,0,0.124929,0,9.1712e+06
01/04/2009 12:00,1,4,0,12,0,7.8,63,0,2.57897e+06,5.49624e+07,21.9359,21.9359,21.9359,16.8904,0,0.165295,0,1.25506e+07
01/04/2009 13:00,1,4,0,13,0,8.3,61,0,2.45575e+06,5.03909e+07,21.9068,21.9068,21.9068,16.8904,0,0.15745,0,1.18859e+07
01/04/2009 14:00,1,4,0,14,0,9.4,56,0,3.5364e+06,5.61517e+07,21.9221,21.9221,21.9221,16.8904,0,0.233984,0,1.77173e+07
01/04/2009 15:00,1,4,0,15,0,9.4,59,0,3.96742e+06,5.66667e+07,21.9452,21.9452,21.9452,16.8904,0,0.258539,0,1.96665e+07
01/04/2009 16:00,1,4,0,16,0,10,57,0,4.4849e+06,5.73023e+07,21.9667,21.9667,21.9667,16.8904,0,0.292985,0,2.23815e+07
01/04/2009 17:00,1,4,0,17,0,8.9,63,0,4.19775e+06,5.69434e+07,21.9928,21.9928,21.9928,16.8904,0,0.271693,0,2.08618e+07
01/04/2009 18:00,1,4,0,18,0,6.7,74,0,555546,3.59725e+07,22.0478,22.0478,22.0478,16.8904,0,0.0325731,0,2.52807e+06
01/04/2009 19:00,1,4,0,19,0,5,83,0,0,2.28739e+07,22.0841,22.0841,22.0841,22.0841,0,0,0,0
01/04/2009 20:00,1,4,0,20,0,4.4,86,0,0,2.28739e+07,22.0841,22.0841,22.0841,22.0841,0,0,0,0
01/04/2009 21:00,1,4,0,21,0,3.3,89,0,0,1.97521e+07,22.0841,22.0841,22.0841,22.0841,0,0,0,0
01/04/2009 22:00,1,4,0,22,0,3.9,86,0,0,1.97521e+07,22.0841,22.0841,22.0841,22.0841,0,0,0,0
01/04/2009 23:00,1,4,0,23,0,3.9,89,0,0,1.69425e+07,22.0841,22.0841,22.0841,22.0841,0,0,0,0
01/05/2009 00:00,1,5,1,0,0,3.3,93,0,0,1.53816e+07,22.0841,22.0841,22.0841,22.0841,0,0,0,0
01/05/2009 01:00,1,5,1,1,0,2.2,93,0,0,2.07703e+07,22.0841,22.0841,22.0841,22.0841,0,0,0,0
01/05/2009 02:00,1,5,1,2,0,1.1,96,0,0,2.07703e+07,22.0841,22.0841,22.0841,22.0841,0,0,0,0
01/05/2009 03:00,1,5,1,3,0,1.1,96,0,0,2.07703e+07,22.0841,22.0841,22.0841,22.0841,0,0,0,0
01/05/2009 04:00,1,5,1,4,0,1.1,92,0,0,2.07703e+07,22.0841,22.0841,22.0841,22.0841,0,0,0,0
01/05/2009 05:00,1,5,1,5,0,0.6,92,0,0,2.07703e+07,22.0841,22.0841,22.0841,22.0841,0,0,0,0
01/05/2009 06:00,1,5,1,6,0,-0.6,96,0,0,2.23312e+07,22.0841,22.0841,22.0841,22.0841,0,0,0,0
01/05/2009 07:00,1,5,1,7,0,0.6,96,2.30335e+06,0,2.61717e+07,15.7567,15.7567,17.1803,15.4668,0.0624865,0.0620663,2.09205e+06,812682
01/05/2009 08:00,1,5,1,8,0,1.7,92,655607,0,2.67691e+07,14.1674,14.1674,16.8904,14.1674,0.0320446,0,1.31483e+06,0
01/05/2009 09:00,1,5,1,9,0,4.4,89,0,939347,5.29461e+07,17.3326,17.3326,17.5451,15.9843,0.00929481,0.0440534,237990,1.3664e+06
01/05/2009 10:00,1,5,1,10,0,6.7,80,0,1.77195e+06,5.39572e+07,21.5109,21.5109,21.5109,16.8904,0,0.106167,0,7.60943e+06
01/05/2009 11:00,1,5,1,11,0,9.4,66,0,2.93296e+06,5.53872e+07,22.0438,22.0438,22.0438,16.8904,0,0.185875,0,1.4415e+07
01/05/2009 12:00,1,5,1,12,0,11.1,55,0,3.41803e+06,5.60079e+07,22.0414,22.0414,22.0414,16.8904,0,0.226267,0,1.75391e+07
01/05/2009 13:00,1,5,1,13,0,12.8,49,0,3.07266e+06,5.11604e+07,22.0133,22.0133,22.0133,16.8904,0,0.202504,0,1.56117e+07
01/05/2009 14:00,1,5,1,14,0,13.9,44,0,4.05918e+06,5.67998e+07,22.0188,22.0188,22.0188,16.8904,0,0.271019,0,2.09159e+07
01/05/2009 15:00,1,5,1,15,0,13.9,47,0,4.98714e+06,5.79192e+07,22.0435,22.0435,22.0435,16.8904,0,0.326885,0,2.5349e+07
01/05/2009 16:00,1,5,1,16,0,14.4,48,0,5.52171e+06,5.85742e+07,22.0595,22.0595,22.0595,16.8904,0,0.361895,0,2.81508e+07
01/05/2009 17:00,1,5,1,17,0,13.3,55,0,5.0089e+06,5.79332e+07,22.0627,22.0627,22.0627,16.8904,0,0.324127,0,2.52284e+07
01/05/2009 18:00,1,5,1,18,0,10.6,72,0,819778,3.29111e+07,22.072,22.072,22.072,16.8904,0,0.0462326,0,3.60501e+06
01/05/2009 19:00,1,5,1,19,0,10,77,0,0,2.28739e+07,22.0778,22.0778,22.0778,22.0778,0,0,0,0
01/05/2009 20:00,1,5,1,20,0,8.9,86,0,0,2.28739e+07,22.0778,22.0778,22.0778,22.0778,0,0,0,0
01/05/2009 21:00,1,5,1,21,0,8.9,83,0,0,1.97521e+07,22.0778,22.0778,22.0778,22.0778,0,0,0,0
01/05/2009 22:00,1,5,1,22,0,8.3,86,0,0,1.97521e+07,22.0778,22.0778,22.0778,22.0778,0,0,0,0
01/05/2009 23:00,1,5,1,23,0,6.7,93,0,0,1.69425e+07,22.0778,22.0778,22.0778,22.0778,0,0,0,0
01/06/2009 00:00,1,6,2,0,0,5,96,0,0,1.53816e+07,22.0778,22.0778,22.0778,22.0778,0,0,0,0
01/06/2009 01:00,1,6,2,1,0,7.8,96,0,0,2.07703e+07,22.0778,22.0778,22.0778,22.0778,0,0,0,0
01/06/2009 02:00,1,6,2,2,0,8.9,93,0,0,2.07703e+07,22.0778,22.0778,22.0778,22.0778,0,0,0,0
01/06/2009 03:00,1,6,2,3,0,9.4,93,0,0,2.07703e+07,22.0778,22.0778,22.0778,22.0778,0,0,0,0
01/06/2009 04:00,1,6,2,4,0,8.9,93,0,0,2.07703e+07,22.0778,22.0778,22.0778,22.0778,0,0,0,0
01/06/2009 05:00,1,6,2,5,0,8.3,96,0,0,2.07703e+07,22.0778,22.0778,22.0778,22.0778,0,0,0,0
01/06/2009 06:00,1,6,2,6,0,8.3,96,0,0,2.23312e+07,22.0778,22.0778,22.0778,22.0778,0,0,0,0
01/06/2009 07:00,1,6,2,7,0,8.3,96,281344,0,2.37611e+07,20.8886,20.8886,20.8886,16.8904,0,0.0102951,0,619497
01/06/2009 08:00,1,6,2,8,0,8.3,96,0,0,2.60045e+07,19.8229,19.8229,19.8229,19.8229,0,0,0,0
01/06/2009 09:00,1,6,2,9,0,10.6,93,0,695987,5.26655e+07,20.7419,20.7419,20.7419,17.3792,0,0.0426218,0,2.57147e+06
01/06/2009 10:00,1,6,2,10,0,12.8,83,0,939881,5.29617e+07,21.9051,21.9051,21.9051,16.8904,0,0.0582278,0,4.41173e+06
01/06/2009 11:00,1,6,2,11,0,16.1,72,0,1.60776e+06,5.37663e+07,22.1265,22.1265,22.1265,16.8904,0,0.0987737,0,7.78318e+06
01/06/2009 12:00,1,6,2,12,0,18.9,63,0,2.68625e+06,5.50764e+07,22.1112,22.1112,22.1112,16.8904,0,0.167307,0,1.3144e+07
01/06/2009 13:00,1,6,2,13,0,20,61,0,2.98293e+06,5.10212e+07,22.069,22.069,22.069,16.8904,0,0.18799,0,1.46503e+07
01/06/2009 14:00,1,6,2,14,0,21.1,57,0,4.17076e+06,5.6876e+07,22.1094,22.1094,22.1094,16.8904,0,0.260117,0,2.04302e+07
01/06/2009 15:00,1,6,2,15,0,21.7,55,0,5.56202e+06,5.85896e+07,22.1218,22.1218,22.1218,16.8904,0,0.354912,0,2.79401e+07
01/06/2009 16:00,1,6,2,16,0,20.6,57,0,5.28796e+06,5.82479e+07,22.125,22.125,22.125,16.8904,0,0.334982,0,2.63873e+07
01/06/2009 17:00,1,6,2,17,0,20,59,0,4.94297e+06,5.78217e+07,22.1317,22.1317,22.1317,16.8904,0,0.311185,0,2.45441e+07
01/06/2009 18:00,1,6,2,18,0,17.8,73,0,957001,3.30788e+07,22.1012,22.1012,22.1012,16.8904,0,0.0553015,0,4.33642e+06
01/06/2009 19:00,1,6,2,19,0,16.7,75,0,0,2.28739e+07,22.0842,22.0842,22.0842,22.0842,0,0,0,0
01/06/2009 20:00,1,6,2,20,0,15,87,0,0,2.28739e+07,22.0842,22.0842,22.0842,22.0842,0,0,0,0
01/06/2009 21:00,1,6,2,21,0,15,90,0,0,1.97521e+07,22.0842,22.0842,22.0842,22.0842,0,0,0,0
01/06/2009 22:00,1,6,2,22,0,13.9,93,0,0,1.97521e+07,22.0842,22.0842,22.0842,22.0842,0,0,0,0
01/06/2009 23:00,1,6,2,23,0,13.3,97,0,0,1.69425e+07,22.0842,22.0842,22.0842,22.0842,0,0,0,0
01/07/2009 00:00,1,7,3,0,0,12.8,100,0,0,1.53816e+07,22.0842,22.0842,22.0842,22.0842,0,0,0,0
01/07/2009 01:00,1,7,3,1,0,12.8,100,0,0,1.42679e+07,22.0842,22.0842,22.0842,22.0842,0,0,0,0
01/07/2009 02:00,1,7,3,2,0,12.8,100,0,0,1.42679e+07,22.0842,22.0842,22.0842,22.0842,0,0,0,0
01/07/2009 03:00,1,7,3,3,0,12.8,100,0,0,1.42679e+07,22.0842,22.0842,22.0842,22.0842,0,0,0,0
01/07/2009 04:00,1,7,3,4,0,12.8,100,0,0,1.42679e+07,22.0842,22.0842,22.0842,22.0842,0,0,0,0
01/07/2009 05:00,1,7,3,5,0,12.8,100,0,0,1.42679e+07,22.0842,22.0842,22.0842,22.0842,0,0,0,0
01/07/2009 06:00,1,7,3,6,0,12.8,100,0,0,1.42679e+07,22.0842,22.0842,22.0842,22.0842,0,0,0,0
01/07/2009 07:00,1,7,3,7,0,12.8,100,0,0,1.53816e+07,22.0842,22.0842,22.0842,22.0842,0,0,0,0
01/07/2009 08:00,1,7,3,8,0,13.3,97,0,0,1.20098e+07,22.0842,22.0842,22.0842,22.0842,0,0,0,0
01/07/2009 09:00,1,7,3,9,0,13.9,100,0,0,1.20098e+07,22.0842,22.0842,22.0842,22.0842,0,0,0,0
01/07/2009 10:00,1,7,3,10,0,15.6,97,0,0,1.20098e+07,22.0842,22.0842,22.0842,22.0842,0,0,0,0
01/07/2009 11:00,1,7,3,11,0,17.8,87,0,0,1.20098e+07,22.0842,22.0842,22.0842,22.0842,0,0,0,0
01/07/2009 12:00,1,7,3,12,0,18.3,87,0,0,1.20098e+07,22.0842,22.0842,22.0842,22.0842,0,0,0,0
01/07/2009 13:00,1,7,3,13,0,20,81,0,0,1.20098e+07,22.0842,22.0842,22.0842,22.0842,0,0,0,0
01/07/2009 14:00,1,7,3,14,0,20.6,76,0,0,1.20098e+07,22.0842,22.0842,22.0842,22.0842,0,0,0,0
01/07/2009 15:00,1,7,3,15,0,20.6,76,0,0,1.20098e+07,22.0842,22.0842,22.0842,22.0842,0,0,0,0
01/07/2009 16:00,1,7,3,16,0,20.6,76,0,0,1.20098e+07,22.0842,22.0842,22.0842,22.0842,0,0,0,0
01/07/2009 17:00,1,7,3,17,0,19.4,81,0,0,1.20098e+07,22.0842,22.0842,22.0842,22.0842,0,0,0,0
01/07/2009 18:00,1,7,3,18,0,18.9,84,0,0,1.20098e+07,22.0842,22.0842,22.0842,22.0842,0,0,0,0
01/07/2009 19:00,1,7,3,19,0,18.3,87,0,0,1.53816e+07,22.0842,22.0842,22.0842,22.0842,0,0,0,0
01/07/2009 20:00,1,7,3,20,0,18.3,84,0,0,1.53816e+07,22.0842,22.0842,22.0842,22.0842,0,0,0,0
01/07/2009 21:00,1,7,3,21,0,17.2,90,0,0,1.53816e+07,22.0842,22.0842,22.0842,22.0842,0,0,0,0
01/07/2009 22:00,1,7,3,22,0,16.7,93,0,0,1.53816e+07,22.0842,22.0842,22.0842,22.0842,0,0,0,0
01/07/2009 23:00,1,7,3,23,0,16.1,93,0,0,1.53816e+07,22.0842,22.0842,22.0842,22.0842,0,0,0,0
01/08/2009 00:00,1,8,4,0,0,16.1,93,0,0,1.53816e+07,22.0842,22.0842,22.0842,22.0842,0,0,0,0
01/08/2009 01:00,1,8,4,1,0,15,97,0,0,1.42679e+07,22.0842,22.0842,22.0842,22.0842,0,0,0,0
01/08/2009 02:00,1,8,4,2,0,14.4,97,0,0,1.42679e+07,22.0842,22.0842,22.0842,22.0842,0,0,0,0
01/08/2009 03:00,1,8,4,3,0,13.9,97,0,0,1.42679e+07,22.0842,22.0842,22.0842,22.0842,0,0,0,0
01/08/2009 04:00,1,8,4,4,0,13.9,97,0,0,1.42679e+07,22.0842,22.0842,22.0842,22.0842,0,0,0,0
01/08/2009 05:00,1,8,4,5,0,13.9,97,0,0,1.42679e+07,22.0842,22.0842,22.0842,22.0842,0,0,0,0
01/08/2009 06:00,1,8,4,6,0,14.4,93,0,0,1.42679e+07,22.0842,22.0842,22.0842,22.0842,0,0,0,0
01/08/2009 07:00,1,8,4,7,0,14.4,93,0,0,1.53816e+07,22.0842,22.0842,22.0842,22.0842,0,0,0,0
01/08/2009 08:00,1,8,4,8,0,14.4,93,0,0,1.20098e+07,22.0842,22.0842,22.0842,22.0842,0,0,0,0
01/08/2009 09:00,1,8,4,9,0,14.4,93,0,0,1.20098e+07,22.0842,22.0842,22.0842,22.0842,0,0,0,0
01/08/2009 10:00,1,8,4,10,0,15,87,0,0,1.20098e+07,22.0842,22.0842,22.0842,22.0842,0,0,0,0
01/08/2009 11:00,1,8,4,11,0,15.6,84,0,0,1.20098e+07,22.0842,22.0842,22.0842,22.0842,0,0,0,0
01/08/2009 12:00,1,8,4,12,0,16.7,78,0,0,1.20098e+07,22.0842,22.0842,22.0842,22.0842,0,0,0,0
01/08/2009 13:00,1,8,4,13,0,16.1,78,0,0,1.20098e+07,22.0842,22.0842,22.0842,22.0842,0,0,0,0
01/08/2009 14:00,1,8,4,14,0,17.2,73,0,0,1.20098e+07,22.0842,22.0842,22.0842,22.0842,0,0,0,0
01/08/2009 15:00,1,8,4,15,0,17.2,70,0,0,1.20098e+07,22.0842,22.0842,22.0842,22.0842,0,0,0,0
01/08/2009 16:00,1,8,4,16,0,17.2,70,0,0,1.20098e+07,22.0842,22.0842,22.0842,22.0842,0,0,0,0
01/08/2009 17:00,1,8,4,17,0,17.2,73,0,0,1.20098e+07,22.0842,22.0842,22.0842,22.0842,0,0,0,0
01/08/2009 18:00,1,8,4,18,0,16.1,78,0,0,1.20098e+07,22.0842,22.0842,22.0842,22.0842,0,0,0,0
01/08/2009 19:00,1,8,4,19,0,16.1,78,0,0,1.53816e+07,22.0842,22.0842,22.0842,22.0842,0,0,0,0
01/08/2009 20:00,1,8,4,20,0,15.6,78,0,0,1.53816e+07,22.0842,22.0842,22.0842,22.0842,0,0,0,0
01/08/2009 21:00,1,8,4,21,0,15,81,0,0,1.53816e+07,22.0842,22.0842,22.0842,22.0842,0,0,0,0
01/08/2009 22:00,1,8,4,22,0,15,81,0,0,1.53816e+07,22.0842,22.0842,22.0842,22.0842,0,0,0,0
01/08/2009 23:00,1,8,4,23,0,14.4,84,0,0,1.53816e+07,22.0842,22.0842,22.0842,22.0842,0,0,0,0
01/09/2009 00:00,1,9,5,0,0,14.4,84,0,0,1.53816e+07,22.0842,22.0842,22.0842,22.0842,0,0,0,0
01/09/2009 01:00,1,9,5,1,0,14.4,84,0,0,2.07703e+07,22.0842,22.0842,22.0842,22.0842,0,0,0,0
01/09/2009 02:00,1,9,5,2,0,14.4,87,0,0,2.07703e+07,22.0842,22.0842,22.0842,22.0842,0,0,0,0
01/09/2009 03:00,1,9,5,3,0,14.4,90,0,0,2.07703e+07,22.0842,22.0842,22.0842,22.0842,0,0,0,0
01/09/2009 04:00,1,9,5,4,0,13.9,97,0,0,2.07703e+07,22.0842,22.0842,22.0842,22.0842,0,0,0,0
01/09/2009 05:00,1,9,5,5,0,14.4,97,0,0,2.07703e+07,22.0842,22.0842,22.0842,22.0842,0,0,0,0
01/09/2009 06:00,1,9,5,6,0,15,97,0,0,2.23312e+07,22.0842,22.0842,22.0842,22.0842,0,0,0,0
01/09/2009 07:00,1,9,5,7,0,15,97,0,0,2.34449e+07,22.0842,22.0842,22.0842,22.0842,0,0,0,0
01/09/2009 08:00,1,9,5,8,0,16.1,97,0,0,2.60045e+07,22.0842,22.0842,22.0842,22.0842,0,0,0,0
01/09/2009 09:00,1,9,5,9,0,16.7,97,0,362180,5.22585e+07,22.1016,22.1016,22.1016,17.9292,0,0.0207984,0,1.63292e+06
01/09/2009 10:00,1,9,5,10,0,13.9,90,0,563528,5.25013e+07,22.1469,22.1469,22.1469,16.8904,0,0.0331776,0,2.62673e+06
01/09/2009 11:00,1,9,5,11,0,12.8,90,0,875903,5.2883e+07,22.1933,22.1933,22.1933,16.8904,0,0.0538466,0,4.297e+06
01/09/2009 12:00,1,9,5,12,0,12.8,87,0,1.90526e+06,5.41072e+07,22.1873,22.1873,22.1873,16.8904,0,0.1115,0,8.88494e+06
01/09/2009 13:00,1,9,5,13,0,13.3,83,0,1.11208e+06,4.87365e+07,22.1827,22.1827,22.1827,16.8904,0,0.0655544,0,5.22081e+06
01/09/2009 14:00,1,9,5,14,0,13.3,75,0,3.96894e+06,5.66264e+07,22.1557,22.1557,22.1557,16.8904,0,0.245992,0,1.94908e+07
01/09/2009 15:00,1,9,5,15,0,12.8,72,0,5.144e+06,5.80755e+07,22.138,22.138,22.138,16.8904,0,0.326586,0,2.57901e+07
01/09/2009 16:00,1,9,5,16,0,14.4,65,0,5.91623e+06,5.90284e+07,22.1224,22.1224,22.1224,16.8904,0,0.379584,0,2.98858e+07
01/09/2009 17:00,1,9,5,17,0,13.3,62,0,5.59294e+06,5.86272e+07,22.1098,22.1098,22.1098,16.8904,0,0.356586,0,2.8008e+07
01/09/2009 18:00,1,9,5,18,0,11.1,69,0,932048,3.30378e+07,22.1055,22.1055,22.1055,16.8904,0,0.050355,0,3.95179e+06
01/09/2009 19:00,1,9,5,19,0,10,71,0,0,2.28739e+07,22.1049,22.1049,22.1049,22.1049,0,0,0,0
01/09/2009 20:00,1,9,5,20,0,8.3,80,0,0,2.28739e+07,22.1049,22.1049,22.1049,22.1049,0,0,0,0
01/09/2009 21:00,1,9,5,21,0,7.8,83,0,0,1.97521e+07,22.1049,22.1049,22.1049,22.1049,0,0,0,0
01/09/2009 22:00,1,9,5,22,0,7.2,86,0,0,1.97521e+07,22.1049,22.1049,22.1049,22.1049,0,0,0,0
01/09/2009 23:00,1,9,5,23,0,6.7,89,0,0,1.69425e+07,22.1049,22.1049,22.1049,22.1049,0,0,0,0
01/10/2009 00:00,1,10,6,0,0,6.7,86,0,0,1.53816e+07,22.1049,22.1049,22.1049,22.1049,0,0,0,0
01/10/2009 01:00,1,10,6,1,0,6.7,86,0,0,2.07703e+07,22.1049,22.1049,22.1049,22.1049,0,0,0,0
01/10/2009 02:00,1,10,6,2,0,6.7,83,0,0,2.07703e+07,22.1049,22.1049,22.1049,22.1049,0,0,0,0
01/10/2009 03:00,1,10,6,3,0,6.1,86,0,0,2.07703e+07,22.1049,22.1049,22.1049,22.1049,0,0,0,0
01/10/2009 04:00,1,10,6,4,0,6.1,89,0,0,2.07703e+07,22.1049,22.1049,22.1049,22.1049,0,0,0,0
01/10/2009 05:00,1,10,6,5,0,6.7,83,0,0,2.07703e+07,22.1049,22.1049,22.1049,22.1049,0,0,0,0
01/10/2009 06:00,1,10,6,6,0,6.7,83,0,0,2.23312e+07,22.1049,22.1049,22.1049,22.1049,0,0,0,0
01/10/2009 07:00,1,10,6,7,0,6.7,74,495228,0,2.39956e+07,20.3271,20.3271,20.3271,16.8904,0,0.0162989,0,843071
01/10/2009 08:00,1,10,6,8,0,6.1,71,0,0,2.60045e+07,18.8322,18.8322,18.8322,18.8322,0,0,0,0
01/10/2009 09:00,1,10,6,9,0,7.8,58,0,792940,5.27823e+07,20.2608,20.2608,20.2608,17.214,0,0.0485574,0,2.62787e+06
01/10/2009 10:00,1,10,6,10,0,7.2,54,0,1.1644e+06,5.32374e+07,21.9272,21.9272,21.9272,16.8904,0,0.0735025,0,5.57127e+06
01/10/2009 11:00,1,10,6,11,0,7.8,54,0,1.21641e+06,5.33015e+07,22.1774,22.1774,22.1774,16.8904,0,0.0770983,0,6.13435e+06
01/10/2009 12:00,1,10,6,12,0,8.3,46,0,1.54318e+06,5.369e+07,22.1771,22.1771,22.1771,16.8904,0,0.0954293,0,7.59204e+06
01/10/2009 13:00,1,10,6,13,0,9.4,41,0,1.02433e+06,4.86431e+07,22.1724,22.1724,22.1724,16.8904,0,0.0639614,0,5.08401e+06
01/10/2009 14:00,1,10,6,14,0,10.6,35,0,3.17206e+06,5.56653e+07,22.1169,22.1169,22.1169,16.8904,0,0.197784,0,1.55534e+07
01/10/2009 15:00,1,10,6,15,0,11.1,35,0,3.735e+06,5.63437e+07,22.1006,22.1006,22.1006,16.8904,0,0.231657,0,1.81633e+07
01/10/2009 16:00,1,10,6,16,0,11.1,37,0,3.45208e+06,5.59933e+07,22.1044,22.1044,22.1044,16.8904,0,0.21171,0,1.66114e+07
01/10/2009 17:00,1,10,6,17,0,10.6,43,0,3.58644e+06,5.61586e+07,22.1054,22.1054,22.1054,16.8904,0,0.220802,0,1.73282e+07
01/10/2009 18:00,1,10,6,18,0,9.4,48,0,590876,3.2644e+07,22.104,22.104,22.104,16.8904,0,0.0349293,0,2.74046e+06
01/10/2009 19:00,1,10,6,19,0,8.3,52,0,0,2.28739e+07,22.1028,22.1028,22.1028,22.1028,0,0,0,0
01/10/2009 20:00,1,10,6,20,0,8.3,42,0,0,2.28739e+07,22.1028,22.1028,22.1028,22.1028,0,0,0,0
01/10/2009 21:00,1,10,6,21,0,6.7,47,0,0,1.97521e+07,22.1028,22.1028,22.1028,22.1028,0,0,0,0
01/10/2009 22:00,1,10,6,22,0,4.4,65,0,0,1.97521e+07,22.1028,22.1028,22.1028,22.1028,0,0,0,0
01/10/2009 23:00,1,10,6,23,0,2.8,76,0,0,1.69425e+07,22.1028,22.1028,22.1028,22.1028,0,0,0,0
01/11/2009 00:00,1,11,0,0,0,3.3,67,0,0,1.53816e+07,22.1028,22.1028,22.1028,22.1028,0,0,0,0
01/11/2009 01:00,1,11,0,1,0,2.8,67,0,0,2.07703e+07,22.1028,22.1028,22.1028,22.1028,0,0,0,0
01/11/2009 02:00,1,11,0,2,0,1.1,79,0,0,2.07703e+07,22.1028,22.1028,22.1028,22.1028,0,0,0,0
01/11/2009 03:00,1,11,0,3,0,1.1,76,0,0,2.07703e+07,22.1028,22.1028,22.1028,22.1028,0,0,0,0
01/11/2009 04:00,1,11,0,4,0,0,82,0,0,2.07703e+07,22.1028,22.1028,22.1028,22.1028,0,0,0,0
01/11/2009 05:00,1,11,0,5,0,-0.6,85,0,0,2.07703e+07,22.1028,22.1028,22.1028,22.1028,0,0,0,0
01/11/2009 06:00,1,11,0,6,0,-0.6,82,0,0,2.23312e+07,22.1028,22.1028,22.1028,22.1028,0,0,0,0
01/11/2009 07:00,1,11,0,7,0,-1.1,82,3.03278e+06,0,2.70533e+07,15.2734,15.2734,17.0435,15.1204,0.0972034,0.0721508,3.59884e+06,665120
01/11/2009 08:00,1,11,0,8,0,-1.1,82,594280,0,2.66955e+07,14.083,14.083,16.8904,14.083,0.0283938,0,1.20128e+06,0
01/11/2009 09:00,1,11,0,9,0,1.1,76,0,997633,5.30195e+07,17.3191,17.3191,17.6204,15.9621,0.0156402,0.0422749,263153,1.56928e+06
01/11/2009 10:00,1,11,0,10,0,3.9,57,0,1.3056e+06,5.33914e+07,21.353,21.353,21.353,16.8904,0,0.0768876,0,5.36992e+06
01/11/2009 11:00,1,11,0,11,0,5.6,49,0,2.31607e+06,5.46266e+07,21.9352,21.9352,21.9352,16.8904,0,0.143547,0,1.08987e+07
01/11/2009 12:00,1,11,0,12,0,7.2,44,0,3.02456e+06,5.55161e+07,21.9683,21.9683,21.9683,16.8904,0,0.197229,0,1.50718e+07
01/11/2009 13:00,1,11,0,13,0,8.3,41,0,2.65741e+06,5.06414e+07,21.9724,21.9724,21.9724,16.8904,0,0.171868,0,1.31441e+07
01/11/2009 14:00,1,11,0,14,0,10,36,0,3.11757e+06,5.56285e+07,22.0089,22.0089,22.0089,16.8904,0,0.203087,0,1.56431e+07
01/11/2009 15:00,1,11,0,15,0,10.6,34,0,4.07753e+06,5.68032e+07,22.0074,22.0074,22.0074,16.8904,0,0.266295,0,2.0506e+07
01/11/2009 16:00,1,11,0,16,0,11.1,28,0,4.39639e+06,5.71799e+07,22.0221,22.0221,22.0221,16.8904,0,0.282996,0,2.18542e+07
01/11/2009 17:00,1,11,0,17,0,10.6,30,0,3.99481e+06,5.66805e+07,22.0383,22.0383,22.0383,16.8904,0,0.254112,0,1.96858e+07
01/11/2009 18:00,1,11,0,18,0,6.7,49,0,546569,3.25898e+07,22.0737,22.0737,22.0737,16.8904,0,0.0319838,0,2.49478e+06
01/11/2009 19:00,1,11,0,19,0,3.9,70,0,0,2.28739e+07,22.0971,22.0971,22.0971,22.0971,0,0,0,0
01/11/2009 20:00,1,11,0,20,0,2.8,79,0,0,2.28739e+07,22.0971,22.0971,22.0971,22.0971,0,0,0,0
01/11/2009 21:00,1,11,0,21,0,2.2,79,0,0,1.97521e+07,22.0971,22.0971,22.0971,22.0971,0,0,0,0
01/11/2009 22:00,1,11,0,22,0,2.2,79,0,0,1.97521e+07,22.0971,22.0971,22.0971,22.0971,0,0,0,0
01/11/2009 23:00,1,11,0,23,0,1.7,85,0,0,1.69425e+07,22.0971,22.0971,22.0971,22.0971,0,0,0,0
01/12/2009 00:00,1,12,1,0,0,1.1,89,0,0,1.53816e+07,22.0971,22.0971,22.0971,22.0971,0,0,0,0
01/12/2009 01:00,1,12,1,1,0,1.1,89,0,0,2.07703e+07,22.0971,22.0971,22.0971,22.0971,0,0,0,0
01/12/2009 02:00,1,12,1,2,0,0,92,0,0,2.07703e+07,22.0971,22.0971,22.0971,22.0971,0,0,0,0
01/12/2009 03:00,1,12,1,3,0,0.6,89,0,0,2.07703e+07,22.0971,22.0971,22.0971,22.0971,0,0,0,0
01/12/2009 04:00,1,12,1,4,0,0,92,0,0,2.07703e+07,22.0971,22.0971,22.0971,22.0971,0,0,0,0
01/12/2009 05:00,1,12,1,5,0,0,92,0,0,2.07703e+07,22.0971,22.0971,22.0971,22.0971,0,0,0,0
01/12/2009 06:00,1,12,1,6,0,0,92,0,0,2.23312e+07,22.0971,22.0971,22.0971,22.0971,0,0,0,0
01/12/2009 07:00,1,12,1,7,0,0.6,89,2.04826e+06,0,2.58652e+07,15.8462,15.8462,17.1896,15.547,0.0497424,0.05968,1.59854e+06,806682
01/12/2009 08:00,1,12,1,8,0,1.1,89,868725,0,2.70035e+07,14.2129,14.2129,16.8904,14.2129,0.0382747,0,1.54433e+06,0
01/12/2009 09:00,1,12,1,9,0,6.1,71,0,406203,5.23076e+07,15.7583,15.7583,16.3008,15.5595,0.0129308,0.00936068,253455,96770.1
01/12/2009 10:00,1,12,1,10,0,8.3,56,0,405487,5.23048e+07,19.0894,19.0894,19.0894,17.3372,0,0.021666,0,797419
01/12/2009 11:00,1,12,1,11,0,11.7,42,0,1.40341e+06,5.35143e+07,21.4679,21.4679,21.4679,16.8904,0,0.0844841,0,5.83995e+06
01/12/2009 12:00,1,12,1,12,0,12.8,42,0,1.77993e+06,5.39757e+07,22.1445,22.1445,22.1445,16.8904,0,0.109698,0,8.67376e+06
01/12/2009 13:00,1,12,1,13,0,13.9,42,0,1.26325e+06,4.89204e+07,22.1849,22.1849,22.1849,16.8904,0,0.0751297,0,5.98581e+06
01/12/2009 14:00,1,12,1,14,0,15,41,0,2.21289e+06,5.45081e+07,22.1755,22.1755,22.1755,16.8904,0,0.139251,0,1.1075e+07
01/12/2009 15:00,1,12,1,15,0,14.4,44,0,3.59309e+06,5.61979e+07,22.1443,22.1443,22.1443,16.8904,0,0.230534,0,1.82265e+07
01/12/2009 16:00,1,12,1,16,0,13.9,47,0,2.63232e+06,5.50125e+07,22.147,22.147,22.147,16.8904,0,0.164373,0,1.30025e+07
01/12/2009 17:00,1,12,1,17,0,12.8,53,0,2.16811e+06,5.44559e+07,22.1502,22.1502,22.1502,16.8904,0,0.137249,0,1.08635e+07
01/12/2009 18:00,1,12,1,18,0,11.7,57,0,431473,3.24493e+07,22.155,22.155,22.155,16.8904,0,0.0244119,0,1.93403e+06
01/12/2009 19:00,1,12,1,19,0,10.6,64,0,0,2.28739e+07,22.159,22.159,22.159,22.159,0,0,0,0
01/12/2009 20:00,1,12,1,20,0,10.6,64,0,0,2.28739e+07,22.159,22.159,22.159,22.159,0,0,0,0
01/12/2009 21:00,1,12,1,21,0,10,66,0,0,1.97521e+07,22.159,22.159,22.159,22.159,0,0,0,0
01/12/2009 22:00,1,12,1,22,0,9.4,71,0,0,1.97521e+07,22.159,22.159,22.159,22.159,0,0,0,0
01/12/2009 23:00,1,12,1,23,0,10,69,0,0,1.69425e+07,22.159,22.159,22.159,22.159,0,0,0,0
01/13/2009 00:00,1,13,2,0,0,9.4,74,0,0,1.53816e+07,22.159,22.159,22.159,22.159,0,0,0,0
01/13/2009 01:00,1,13,2,1,0,9.4,77,0,0,2.07703e+07,22.159,22.159,22.159,22.159,0,0,0,0
01/13/2009 02:00,1,13,2,2,0,10,71,0,0,2.07703e+07,22.159,22.159,22.159,22.159,0,0,0,0
01/13/2009 03:00,1,13,2,3,0,9.4,80,0,0,2.07703e+07,22.159,22.159,22.159,22.159,0,0,0,0
01/13/2009 04:00,1,13,2,4,0,10,77,0,0,2.07703e+07,22.159,22.159,22.159,22.159,0,0,0,0
01/13/2009 05:00,1,13,2,5,0,10,74,0,0,2.07703e+07,22.159,22.159,22.159,22.159,0,0,0,0
01/13/2009 06:00,1,13,2,6,0,10,74,0,0,2.23312e+07,22.159,22.159,22.159,22.159,0,0,0,0
01/13/2009 07:00,1,13,2,7,0,10,74,360796,0,2.38461e+07,20.7979,20.7979,20.7979,16.8904,0,0.0118444,0,696567
01/13/2009 08:00,1,13,2,8,0,10,71,0,0,2.60045e+07,19.5981,19.5981,19.5981,19.5981,0,0,0,0
01/13/2009 09:00,1,13,2,9,0,10.6,72,0,681605,5.26483e+07,20.5835,20.5835,20.5835,17.4319,0,0.0417968,0,2.44387e+06
01/13/2009 10:00,1,13,2,10,0,10.6,72,0,934395,5.29549e+07,21.89,21.89,21.89,16.8904,0,0.0578299,0,4.37307e+06
01/13/2009 11:00,1,13,2,11,0,11.7,69,0,1.2047e+06,5.32805e+07,22.1887,22.1887,22.1887,16.8904,0,0.0743247,0,5.92696e+06
01/13/2009 12:00,1,13,2,12,0,11.7,74,0,1.69242e+06,5.38713e+07,22.194,22.194,22.194,16.8904,0,0.104911,0,8.37301e+06
01/13/2009 13:00,1,13,2,13,0,11.7,80,0,1.0061e+06,4.86205e+07,22.1956,22.1956,22.1956,16.8904,0,0.0626773,0,5.00382e+06
01/13/2009 14:00,1,13,2,14,0,11.7,83,0,1.77647e+06,5.39759e+07,22.1809,22.1809,22.1809,16.8904,0,0.111053,0,8.84133e+06
01/13/2009 15:00,1,13,2,15,0,12.8,75,0,3.20549e+06,5.5688e+07,22.2013,22.2013,22.2013,16.8904,0,0.194463,0,1.55415e+07
01/13/2009 16:00,1,13,2,16,0,12.8,64,0,3.64406e+06,5.62257e+07,22.2161,22.2161,22.2161,16.8904,0,0.223601,0,1.792e+07
01/13/2009 17:00,1,13,2,17,0,12.8,67,0,3.35326e+06,5.58696e+07,22.2108,22.2108,22.2108,16.8904,0,0.204454,0,1.63693e+07
01/13/2009 18:00,1,13,2,18,0,12.2,75,0,568151,3.26162e+07,22.1723,22.1723,22.1723,16.8904,0,0.0334193,0,2.6563e+06
01/13/2009 19:00,1,13,2,19,0,11.7,80,0,0,2.28739e+07,22.1459,22.1459,22.1459,22.1459,0,0,0,0
01/13/2009 20:00,1,13,2,20,0,11.7,80,0,0,2.28739e+07,22.1459,22.1459,22.1459,22.1459,0,0,0,0
01/13/2009 21:00,1,13,2,21,0,11.1,86,0,0,1.97521e+07,22.1459,22.1459,22.1459,22.1459,0,0,0,0
01/13/2009 22:00,1,13,2,22,0,10.6,90,0,0,1.97521e+07,22.1459,22.1459,22.1459,22.1459,0,0,0,0
01/13/2009 23:00,1,13,2,23,0,10.6,93,0,0,1.69425e+07,22.1459,22.1459,22.1459,22.1459,0,0,0,0
01/14/2009 00:00,1,14,3,0,0,10.6,90,0,0,1.53816e+07,22.1459,22.1459,22.1459,22.1459,0,0,0,0
01/14/2009 01:00,1,14,3,1,0,10.6,90,0,0,1.42679e+07,22.1459,22.1459,22.1459,22.1459,0,0,0,0
01/14/2009 02:00,1,14,3,2,0,10.6,93,0,0,1.42679e+07,22.1459,22.1459,22.1459,22.1459,0,0,0,0
01/14/2009 03:00,1,14,3,3,0,10,100,0,0,1.42679e+07,22.1459,22.1459,22.1459,22.1459,0,0,0,0
01/14/2009 04:00,1,14,3,4,0,10.6,96,0,0,1.42679e+07,22.1459,22.1459,22.1459,22.1459,0,0,0,0
01/14/2009 05:00,1,14,3,5,0,10.6,96,0,0,1.42679e+07,22.1459,22.1459,22.1459,22.1459,0,0,0,0
01/14/2009 06:00,1,14,3,6,0,10.6,96,0,0,1.42679e+07,22.1459,22.1459,22.1459,22.1459,0,0,0,0
01/14/2009 07:00,1,14,3,7,0,10.6,100,0,0,1.53816e+07,22.1459,22.1459,22.1459,22.1459,0,0,0,0
01/14/2009 08:00,1,14,3,8,0,11.1,96,0,0,1.20098e+07,22.1459,22.1459,22.1459,22.1459,0,0,0,0
01/14/2009 09:00,1,14,3,9,0,11.7,96,0,0,1.20098e+07,22.1459,22.1459,22.1459,22.1459,0,0,0,0
01/14/2009 10:00,1,14,3,10,0,12.2,96,0,0,1.20098e+07,22.1459,22.1459,22.1459,22.1459,0,0,0,0
01/14/2009 11:00,1,14,3,11,0,12.8,97,0,0,1.20098e+07,22.1459,22.1459,22.1459,22.1459,0,0,0,0
01/14/2009 12:00,1,14,3,12,0,13.9,93,0,0,1.20098e+07,22.1459,22.1459,22.1459,22.1459,0,0,0,0
01/14/2009 13:00,1,14,3,13,0,14.4,97,0,0,1.20098e+07,22.1459,22.1459,22.1459,22.1459,0,0,0,0
01/14/2009 14:00,1,14,3,14,0,15.6,90,0,0,1.20098e+07,22.1459,22.1459,22.1459,22.1459,0,0,0,0
01/14/2009 15:00,1,14,3,15,0,15.6,93,0,0,1.20098e+07,22.1459,22.1459,22.1459,22.1459,0,0,0,0
01/14/2009 16:00,1,14,3,16,0,15.6,90,0,0,1.20098e+07,22.1459,22.1459,22.1459,22.1459,0,0,0,0
01/14/2009 17:00,1,14,3,17,0,15.6,90,0,0,1.20098e+07,22.1459,22.1459,22.1459,22.1459,0,0,0,0
01/14/2009 18:00,1,14,3,18,0,15,90,0,0,1.20098e+07,22.1459,22.1459,22.1459,22.1459,0,0,0,0
01/14/2009 19:00,1,14,3,19,0,15,90,0,0,1.53816e+07,22.1459,22.1459,22.1459,22.1459,0,0,0,0
01/14/2009 20:00,1,14,3,20,0,15,90,0,0,1.53816e+07,22.1459,22.1459,22.1459,22.1459,0,0,0,0
01/14/2009 21:00,1,14,3,21,0,15,93,0,0,1.53816e+07,22.1459,22.1459,22.1459,22.1459,0,0,0,0
01/14/2009 22:00,1,14,3,22,0,15,93,0,0,1.53816e+07,22.1459,22.1459,22.1459,22.1459,0,0,0,0
01/14/2009 23:00,1,14,3,23,0,14.4,93,0,0,1.53816e+07,22.1459,22.1459,22.1459,22.1459,0,0,0,0
01/15/2009 00:00,1,15,4,0,0,14.4,93,0,0,1.53816e+07,22.1459,22.1459,22.1459,22.1459,0,0,0,0
01/15/2009 01:00,1,15,4,1,0,14.4,93,0,0,1.42679e+07,22.1459,22.1459,22.1459,22.1459,0,0,0,0
01/15/2009 02:00,1,15,4,2,0,13.9,93,0,0,1.42679e+07,22.1459,22.1459,22.1459,22.1459,0,0,0,0
01/15/2009 03:00,1,15,4,3,0,13.9,93,0,0,1.42679e+07,22.1459,22.1459,22.1459,22.1459,0,0,0,0
01/15/2009 04:00,1,15,4,4,0,13.3,97,0,0,1.42679e+07,22.1459,22.1459,22.1459,22.1459,0,0,0,0
01/15/2009 05:00,1,15,4,5,0,13.3,97,0,0,1.42679e+07,22.1459,22.1459,22.1459,22.1459,0,0,0,0
01/15/2009 06:00,1,15,4,6,0,13.3,97,0,0,1.42679e+07,22.1459,22.1459,22.1459,22.1459,0,0,0,0
01/15/2009 07:00,1,15,4,7,0,13.3,97,0,0,1.53816e+07,22.1459,22.1459,22.1459,22.1459,0,0,0,0
01/15/2009 08:00,1,15,4,8,0,13.3,97,0,0,1.20098e+07,22.1459,22.1459,22.1459,22.1459,0,0,0,0
01/15/2009 09:00,1,15,4,9,0,13.3,97,0,0,1.20098e+07,22.1459,22.1459,22.1459,22.1459,0,0,0,0
01/15/2009 10:00,1,15,4,10,0,13.9,90,0,0,1.20098e+07,22.1459,22.1459,22.1459,22.1459,0,0,0,0
01/15/2009 11:00,1,15,4,11,0,13.9,97,0,0,1.20098e+07,22.1459,22.1459,22.1459,22.1459,0,0,0,0
01/15/2009 12:00,1,15,4,12,0,13.9,97,0,0,1.20098e+07,22.1459,22.1459,22.1459,22.1459,0,0,0,0
01/15/2009 13:00,1,15,4,13,0,15,90,0,0,1.20098e+07,22.1459,22.1459,22.1459,22.1459,0,0,0,0
01/15/2009 14:00,1,15,4,14,0,15.6,87,0,0,1.20098e+07,22.1459,22.1459,22.1459,22.1459,0,0,0,0
01/15/2009 15:00,1,15,4,15,0,15,90,0,0,1.20098e+07,22.1459,22.1459,22.1459,22.1459,0,0,0,0
01/15/2009 16:00,1,15,4,16,0,15,90,0,0,1.20098e+07,22.1459,22.1459,22.1459,22.1459,0,0,0,0
01/15/2009 17:00,1,15,4,17,0,14.4,93,0,0,1.20098e+07,22.1459,22.1459,22.1459,22.1459,0,0,0,0
01/15/2009 18:00,1,15,4,18,0,13.9,97,0,0,1.20098e+07,22.1459,22.1459,22.1459,22.1459,0,0,0,0
01/15/2009 19:00,1,15,4,19,0,13.3,97,0,0,1.53816e+07,22.1459,22.1459,22.1459,22.1459,0,0,0,0
01/15/2009 20:00,1,15,4,20,0,13.3,97,0,0,1.53816e+07,22.1459,22.1459,22.1459,22.1459,0,0,0,0
01/15/2009 21:00,1,15,4,21,0,13.3,97,0,0,1.53816e+07,22.1459,22.1459,22.1459,22.1459,0,0,0,0
01/15/2009 22:00,1,15,4,22,0,13.3,97,0,0,1.53816e+07,22.1459,22.1459,22.1459,22.1459,0,0,0,0
01/15/2009 23:00,1,15,4,23,0,13.3,97,0,0,1.53816e+07,22.1459,22.1459,22.1459,22.1459,0,0,0,0
01/16/2009 00:00,1,16,5,0,0,12.8,97,0,0,1.53816e+07,22.1459,22.1459,22.1459,22.1459,0,0,0,0
01/16/2009 01:00,1,16,5,1,0,12.8,97,0,0,2.07703e+07,22.1459,22.1459,22.1459,22.1459,0,0,0,0
01/16/2009 02:00,1,16,5,2,0,12.8,97,0,0,2.07703e+07,22.1459,22.1459,22.1459,22.1459,0,0,0,0
01/16/2009 03:00,1,16,5,3,0,12.8,97,0,0,2.07703e+07,22.1459,22.1459,22.1459,22.1459,0,0,0,0
01/16/2009 04:00,1,16,5,4,0,12.8,97,0,0,2.07703e+07,22.1459,22.1459,22.1459,22.1459,0,0,0,0
01/16/2009 05:00,1,16,5,5,0,12.8,97,0,0,2.07703e+07,22.1459,22.1459,22.1459,22.1459,0,0,0,0
01/16/2009 06:00,1,16,5,6,0,12.8,97,0,0,2.23312e+07,22.1459,22.1459,22.1459,22.1459,0,0,0,0
01/16/2009 07:00,1,16,5,7,0,13.3,97,652238,0,2.41839e+07,19.5842,19.5842,19.5842,16.8904,0,0.0254942,0,1.03375e+06
01/16/2009 08:00,1,16,5,8,0,13.3,93,0,0,2.60045e+07,17.6293,17.6293,17.6293,17.6293,0,0,0,0
01/16/2009 09:00,1,16,5,9,0,14.4,93,0,0,5.18266e+07,17.6293,17.6293,17.6293,17.6293,0,0,0,0
01/16/2009 10:00,1,16,5,10,0,15,90,0,0,5.18266e+07,17.6293,17.6293,17.6293,17.6293,0,0,0,0
01/16/2009 11:00,1,16,5,11,0,15,87,0,331543,5.2218e+07,18.6805,18.6805,18.6805,16.8904,0,0.0178695,0,495367
01/16/2009 12:00,1,16,5,12,0,15.6,81,0,828487,5.28179e+07,20.8833,20.8833,20.8833,16.8904,0,0.0485053,0,2.97217e+06
01/16/2009 13:00,1,16,5,13,0,15.6,81,0,481555,4.79783e+07,21.9499,21.9499,21.9499,16.8904,0,0.027571,0,2.0993e+06
01/16/2009 14:00,1,16,5,14,0,15.6,81,0,2.33417e+06,5.46353e+07,22.2598,22.2598,22.2598,16.8904,0,0.140786,0,1.13957e+07
01/16/2009 15:00,1,16,5,15,0,16.1,78,0,3.12683e+06,5.55882e+07,22.3122,22.3122,22.3122,16.8904,0,0.188072,0,1.53444e+07
01/16/2009 16:00,1,16,5,16,0,15.6,81,0,3.59402e+06,5.61609e+07,22.3068,22.3068,22.3068,16.8904,0,0.219199,0,1.78664e+07
01/16/2009 17:00,1,16,5,17,0,15.6,81,0,3.86887e+06,5.64983e+07,22.2924,22.2924,22.2924,16.8904,0,0.237641,0,1.93181e+07
01/16/2009 18:00,1,16,5,18,0,15,84,0,387738,3.23959e+07,22.2697,22.2697,22.2697,16.8904,0,0.0215357,0,1.74326e+06
01/16/2009 19:00,1,16,5,19,0,15,84,0,0,2.28739e+07,22.2546,22.2546,22.2546,22.2546,0,0,0,0
01/16/2009 20:00,1,16,5,20,0,14.4,87,0,0,2.28739e+07,22.2546,22.2546,22.2546,22.2546,0,0,0,0
01/16/2009 21:00,1,16,5,21,0,14.4,87,0,0,1.97521e+07,22.2546,22.2546,22.2546,22.2546,0,0,0,0
01/16/2009 22:00,1,16,5,22,0,14.4,87,0,0,1.97521e+07,22.2546,22.2546,22.2546,22.2546,0,0,0,0
01/16/2009 23:00,1,16,5,23,0,14.4,87,0,0,1.69425e+07,22.2546,22.2546,22.2546,22.2546,0,0,0,0
01/17/2009 00:00,1,17,6,0,0,14.4,87,0,0,1.53816e+07,22.2546,22.2546,22.2546,22.2546,0,0,0,0
01/17/2009 01:00,1,17,6,1,0,13.9,90,0,0,2.07703e+07,22.2546,22.2546,22.2546,22.2546,0,0,0,0
01/17/2009 02:00,1,17,6,2,0,13.3,93,0,0,2.07703e+07,22.2546,22.2546,22.2546,22.2546,0,0,0,0
01/17/2009 03:00,1,17,6,3,0,12.8,97,0,0,2.07703e+07,22.2546,22.2546,22.2546,22.2546,0,0,0,0
01/17/2009 04:00,1,17,6,4,0,12.8,97,0,0,2.07703e+07,22.2546,22.2546,22.2546,22.2546,0,0,0,0
01/17/2009 05:00,1,17,6,5,0,12.8,97,0,0,2.07703e+07,22.2546,22.2546,22.2546,22.2546,0,0,0,0
01/17/2009 06:00,1,17,6,6,0,12.2,96,0,0,2.23312e+07,22.2546,22.2546,22.2546,22.2546,0,0,0,0
01/17/2009 07:00,1,17,6,7,0,12.2,96,0,0,2.34449e+07,22.2546,22.2546,22.2546,22.2546,0,0,0,0
01/17/2009 08:00,1,17,6,8,0,12.2,93,0,0,2.60045e+07,22.2546,22.2546,22.2546,22.2546,0,0,0,0
01/17/2009 09:00,1,17,6,9,0,11.7,96,0,1.05999e+06,5.3111e+07,22.2608,22.2608,22.2608,16.8904,0,0.0669423,0,5.41098e+06
01/17/2009 10:00,1,17,6,10,0,11.7,96,0,1.37144e+06,5.34923e+07,22.2596,22.2596,22.2596,16.8904,0,0.0877682,0,7.09123e+06
01/17/2009 11:00,1,17,6,11,0,11.7,96,0,1.78827e+06,5.39789e+07,22.233,22.233,22.233,16.8904,0,0.108466,0,8.72038e+06
01/17/2009 12:00,1,17,6,12,0,11.7,96,0,2.93156e+06,5.53539e+07,22.203,22.203,22.203,16.8904,0,0.176751,0,1.41304e+07
01/17/2009 13:00,1,17,6,13,0,11.7,96,0,2.59785e+06,5.05195e+07,22.1951,22.1951,22.1951,16.8904,0,0.153387,0,1.22445e+07
01/17/2009 14:00,1,17,6,14,0,11.7,96,0,3.83567e+06,5.64603e+07,22.1844,22.1844,22.1844,16.8904,0,0.236323,0,1.8827e+07
01/17/2009 15:00,1,17,6,15,0,11.7,96,0,4.59438e+06,5.73916e+07,22.1774,22.1774,22.1774,16.8904,0,0.287152,0,2.28459e+07
01/17/2009 16:00,1,17,6,16,0,12.2,93,0,4.78283e+06,5.76238e+07,22.1646,22.1646,22.1646,16.8904,0,0.300063,0,2.38157e+07
01/17/2009 17:00,1,17,6,17,0,12.2,93,0,4.43294e+06,5.7195e+07,22.1496,22.1496,22.1496,16.8904,0,0.27685,0,2.19109e+07
01/17/2009 18:00,1,17,6,18,0,12.2,93,0,720161,3.28021e+07,22.1203,22.1203,22.1203,16.8904,0,0.0435347,0,3.42627e+06
01/17/2009 19:00,1,17,6,19,0,12.2,93,0,0,2.28739e+07,22.1031,22.1031,22.1031,22.1031,0,0,0,0
01/17/2009 20:00,1,17,6,20,0,12.2,96,0,0,2.28739e+07,22.1031,22.1031,22.1031,22.1031,0,0,0,0
01/17/2009 21:00,1,17,6,21,0,12.8,93,0,0,1.97521e+07,22.1031,22.1031,22.1031,22.1031,0,0,0,0
01/17/2009 22:00,1,17,6,22,0,12.2,96,0,0,1.97521e+07,22.1031,22.1031,22.1031,22.1031,0,0,0,0
01/17/2009 23:00,1,17,6,23,0,12.2,96,0,0,1.69425e+07,22.1031,22.1031,22.1031,22.1031,0,0,0,0
01/18/2009 00:00,1,18,0,0,0,12.2,96,0,0,1.53816e+07,22.1031,22.1031,22.1031,22.1031,0,0,0,0
01/18/2009 01:00,1,18,0,1,0,12.2,96,0,0,2.07703e+07,22.1031,22.1031,22.1031,22.1031,0,0,0,0
01/18/2009 02:00,1,18,0,2,0,8.3,96,0,0,2.07703e+07,22.1031,22.1031,22.1031,22.1031,0,0,0,0
01/18/2009 03:00,1,18,0,3,0,6.7,93,0,0,2.07703e+07,22.1031,22.1031,22.1031,22.1031,0,0,0,0
01/18/2009 04:00,1,18,0,4,0,5.6,93,0,0,2.07703e+07,22.1031,22.1031,22.1031,22.1031,0,0,0,0
01/18/2009 05:00,1,18,0,5,0,5,96,0,0,2.07703e+07,22.1031,22.1031,22.1031,22.1031,0,0,0,0
01/18/2009 06:00,1,18,0,6,0,5,93,0,0,2.23312e+07,22.1031,22.1031,22.1031,22.1031,0,0,0,0
01/18/2009 07:00,1,18,0,7,0,4.4,96,666305,0,2.4201e+07,19.4864,19.4864,19.4864,16.8904,0,0.0263735,0,1.03062e+06
01/18/2009 08:00,1,18,0,8,0,4.4,93,0,0,2.60045e+07,17.508,17.508,17.508,17.508,0,0,0,0
01/18/2009 09:00,1,18,0,9,0,4.4,89,0,982451,5.30158e+07,19.8539,19.8539,19.8539,16.8904,0,0.0616628,0,3.00521e+06
01/18/2009 10:00,1,18,0,10,0,3.9,89,0,1.22879e+06,5.3317e+07,21.9144,21.9144,21.9144,16.8904,0,0.0780323,0,5.90867e+06
01/18/2009 11:00,1,18,0,11,0,3.9,86,0,1.35922e+06,5.34778e+07,22.1402,22.1402,22.1402,16.8904,0,0.0870941,0,6.88071e+06
01/18/2009 12:00,1,18,0,12,0,4.4,82,0,1.45517e+06,5.35964e+07,22.1498,22.1498,22.1498,16.8904,0,0.0938346,0,7.42661e+06
01/18/2009 13:00,1,18,0,13,0,5.6,76,0,1.64557e+06,4.93903e+07,22.1107,22.1107,22.1107,16.8904,0,0.101284,0,7.95629e+06
01/18/2009 14:00,1,18,0,14,0,8.3,66,0,3.87473e+06,5.6549e+07,22.0431,22.0431,22.0431,16.8904,0,0.251451,0,1.94968e+07
01/18/2009 15:00,1,18,0,15,0,8.3,63,0,4.26607e+06,5.70049e+07,22.0292,22.0292,22.0292,16.8904,0,0.270088,0,2.08864e+07
01/18/2009 16:00,1,18,0,16,0,7.8,61,0,4.3101e+06,5.70558e+07,22.0342,22.0342,22.0342,16.8904,0,0.271888,0,2.1046e+07
01/18/2009 17:00,1,18,0,17,0,6.7,60,0,2.69433e+06,5.50801e+07,22.0528,22.0528,22.0528,16.8904,0,0.166044,0,1.28995e+07
01/18/2009 18:00,1,18,0,18,0,5,65,0,657505,3.27255e+07,22.0676,22.0676,22.0676,16.8904,0,0.0393651,0,3.06694e+06
01/18/2009 19:00,1,18,0,19,0,3.9,65,0,0,2.28739e+07,22.0739,22.0739,22.0739,22.0739,0,0,0,0
01/18/2009 20:00,1,18,0,20,0,3.3,60,0,0,2.28739e+07,22.0739,22.0739,22.0739,22.0739,0,0,0,0
01/18/2009 21:00,1,18,0,21,0,2.8,62,0,0,1.97521e+07,22.0739,22.0739,22.0739,22.0739,0,0,0,0
01/18/2009 22:00,1,18,0,22,0,2.8,59,0,0,1.97521e+07,22.0739,22.0739,22.0739,22.0739,0,0,0,0
01/18/2009 23:00,1,18,0,23,0,2.8,57,0,0,1.69425e+07,22.0739,22.0739,22.0739,22.0739,0,0,0,0
01/19/2009 00:00,1,19,1,0,0,1.7,64,0,0,1.53816e+07,22.0739,22.0739,22.0739,22.0739,0,0,0,0
01/19/2009 01:00,1,19,1,1,0,1.1,67,0,0,2.07703e+07,22.0739,22.0739,22.0739,22.0739,0,0,0,0
01/19/2009 02:00,1,19,1,2,0,0,75,0,0,2.07703e+07,22.0739,22.0739,22.0739,22.0739,0,0,0,0
01/19/2009 03:00,1,19,1,3,0,-0.6,79,0,0,2.07703e+07,22.0739,22.0739,22.0739,22.0739,0,0,0,0
01/19/2009 04:00,1,19,1,4,0,-0.6,79,0,0,2.07703e+07,22.0739,22.0739,22.0739,22.0739,0,0,0,0
01/19/2009 05:00,1,19,1,5,0,-1.1,82,0,0,2.07703e+07,22.0739,22.0739,22.0739,22.0739,0,0,0,0
01/19/2009 06:00,1,19,1,6,0,-1.1,85,0,0,2.23312e+07,22.0739,22.0739,22.0739,22.0739,0,0,0,0
01/19/2009 07:00,1,19,1,7,0,-1.1,82,3.14472e+06,0,2.71879e+07,15.2616,15.2616,17.0481,15.104,0.104024,0.0720108,3.86882e+06,683797
01/19/2009 08:00,1,19,1,8,0,-0.6,82,859578,0,2.70024e+07,14.0721,14.0721,16.8904,14.0721,0.0406495,0,1.72646e+06,0
01/19/2009 09:00,1,19,1,9,0,2.2,76,0,646890,5.25941e+07,16.4495,16.4495,16.8308,15.8012,0.0121223,0.0236971,266704,478167
01/19/2009 10:00,1,19,1,10,0,5,65,0,850458,5.28408e+07,20.3749,20.3749,20.3749,16.8904,0,0.0486503,0,2.80668e+06
01/19/2009 11:00,1,19,1,11,0,7.2,54,0,2.07938e+06,5.4336e+07,21.781,21.781,21.781,16.8904,0,0.12756,0,9.39555e+06
01/19/2009 12:00,1,19,1,12,0,9.4,46,0,2.83477e+06,5.52819e+07,21.9105,21.9105,21.9105,16.8904,0,0.184048,0,1.39042e+07
01/19/2009 13:00,1,19,1,13,0,10.6,40,0,2.20936e+06,5.00865e+07,21.9406,21.9406,21.9406,16.8904,0,0.14022,0,1.06566e+07
01/19/2009 14:00,1,19,1,14,0,11.1,35,0,2.74145e+06,5.51622e+07,21.9946,21.9946,21.9946,16.8904,0,0.176406,0,1.35499e+07
01/19/2009 15:00,1,19,1,15,0,11.7,35,0,2.49273e+06,5.48543e+07,22.0393,22.0393,22.0393,16.8904,0,0.158957,0,1.23167e+07
01/19/2009 16:00,1,19,1,16,0,11.7,32,0,2.24693e+06,5.45522e+07,22.0778,22.0778,22.0778,16.8904,0,0.142371,0,1.11139e+07
01/19/2009 17:00,1,19,1,17,0,11.7,34,0,2.79599e+06,5.5204e+07,22.0826,22.0826,22.0826,16.8904,0,0.172579,0,1.34845e+07
01/19/2009 18:00,1,19,1,18,0,7.8,56,0,463767,3.24887e+07,22.1006,22.1006,22.1006,16.8904,0,0.0265387,0,2.08081e+06
01/19/2009 19:00,1,19,1,19,0,5.6,73,0,0,2.28739e+07,22.1148,22.1148,22.1148,22.1148,0,0,0,0
01/19/2009 20:00,1,19,1,20,0,6.1,65,0,0,2.28739e+07,22.1148,22.1148,22.1148,22.1148,0,0,0,0
01/19/2009 21:00,1,19,1,21,0,4.4,73,0,0,1.97521e+07,22.1148,22.1148,22.1148,22.1148,0,0,0,0
01/19/2009 22:00,1,19,1,22,0,4.4,76,0,0,1.97521e+07,22.1148,22.1148,22.1148,22.1148,0,0,0,0
01/19/2009 23:00,1,19,1,23,0,2.2,89,0,0,1.69425e+07,22.1148,22.1148,22.1148,22.1148,0,0,0,0
01/20/2009 00:00,1,20,2,0,0,1.7,89,0,0,1.53816e+07,22.1148,22.1148,22.1148,22.1148,0,0,0,0
01/20/2009 01:00,1,20,2,1,0,1.7,89,0,0,2.07703e+07,22.1148,22.1148,22.1148,22.1148,0,0,0,0
01/20/2009 02:00,1,20,2,2,0,2.8,79,0,0,2.07703e+07,22.1148,22.1148,22.1148,22.1148,0,0,0,0
01/20/2009 03:00,1,20,2,3,0,2.2,82,0,0,2.07703e+07,22.1148,22.1148,22.1148,22.1148,0,0,0,0
01/20/2009 04:00,1,20,2,4,0,2.8,76,0,0,2.07703e+07,22.1148,22.1148,22.1148,22.1148,0,0,0,0
01/20/2009 05:00,1,20,2,5,0,2.8,76,0,0,2.07703e+07,22.1148,22.1148,22.1148,22.1148,0,0,0,0
01/20/2009 06:00,1,20,2,6,0,2.8,79,0,0,2.23312e+07,22.1148,22.1148,22.1148,22.1148,0,0,0,0
01/20/2009 07:00,1,20,2,7,0,3.3,76,2.93136e+06,0,2.69332e+07,15.2673,15.2673,17.0194,15.1383,0.0883402,0.0754679,3.2624e+06,586498
01/20/2009 08:00,1,20,2,8,0,3.3,79,681065,0,2.67899e+07,14.0906,14.0906,16.8904,14.0906,0.0306474,0,1.2931e+06,0
01/20/2009 09:00,1,20,2,9,0,3.3,79,0,321945,5.22117e+07,15.5198,15.5198,15.8601,15.4229,0.0137703,0.00508924,262205,37152.7
01/20/2009 10:00,1,20,2,10,0,5,70,0,374588,5.22709e+07,18.5231,18.5231,18.5231,16.8904,0,0.0208182,0,650040
01/20/2009 11:00,1,20,2,11,0,6.7,60,0,656441,5.26143e+07,20.8912,20.8912,20.8912,16.8904,0,0.0391448,0,2.37974e+06
01/20/2009 12:00,1,20,2,12,0,7.8,56,0,915492,5.29313e+07,21.9663,21.9663,21.9663,16.8904,0,0.0564297,0,4.31096e+06
01/20/2009 13:00,1,20,2,13,0,8.3,52,0,589642,4.81103e+07,22.2193,22.2193,22.2193,16.8904,0,0.0347038,0,2.78294e+06
01/20/2009 14:00,1,20,2,14,0,7.8,54,0,1.40239e+06,5.35193e+07,22.2505,22.2505,22.2505,16.8904,0,0.0864652,0,6.97369e+06
01/20/2009 15:00,1,20,2,15,0,7.8,54,0,1.71041e+06,5.38927e+07,22.2313,22.2313,22.2313,16.8904,0,0.105884,0,8.51017e+06
01/20/2009 16:00,1,20,2,16,0,7.8,56,0,1.46303e+06,5.35931e+07,22.2411,22.2411,22.2411,16.8904,0,0.0905059,0,7.28741e+06
01/20/2009 17:00,1,20,2,17,0,7.2,56,0,1.45854e+06,5.36001e+07,22.2289,22.2289,22.2289,16.8904,0,0.0939231,0,7.54533e+06
01/20/2009 18:00,1,20,2,18,0,6.7,58,0,265791,3.22475e+07,22.2178,22.2178,22.2178,16.8904,0,0.0136515,0,1.09442e+06
01/20/2009 19:00,1,20,2,19,0,6.7,60,0,0,2.28739e+07,22.2148,22.2148,22.2148,22.2148,0,0,0,0
01/20/2009 20:00,1,20,2,20,0,6.1,60,0,0,2.28739e+07,22.2148,22.2148,22.2148,22.2148,0,0,0,0
01/20/2009 21:00,1,20,2,21,0,6.1,60,0,0,1.97521e+07,22.2148,22.2148,22.2148,22.2148,0,0,0,0
01/20/2009 22:00,1,20,2,22,0,6.1,56,0,0,1.97521e+07,22.2148,22.2148,22.2148,22.2148,0,0,0,0
01/20/2009 23:00,1,20,2,23,0,6.1,53,0,0,1.69425e+07,22.2148,22.2148,22.2148,22.2148,0,0,0,0
01/21/2009 00:00,1,21,3,0,0,5.6,58,0,0,1.53816e+07,22.2148,22.2148,22.2148,22.2148,0,0,0,0
01/21/2009 01:00,1,21,3,1,0,5.6,60,0,0,1.42679e+07,22.2148,22.2148,22.2148,22.2148,0,0,0,0
01/21/2009 02:00,1,21,3,2,0,5,60,0,0,1.42679e+07,22.2148,22.2148,22.2148,22.2148,0,0,0,0
01/21/2009 03:00,1,21,3,3,0,3.9,76,0,0,1.42679e+07,22.2148,22.2148,22.2148,22.2148,0,0,0,0
01/21/2009 04:00,1,21,3,4,0,4.4,73,0,0,1.42679e+07,22.2148,22.2148,22.2148,22.2148,0,0,0,0
01/21/2009 05:00,1,21,3,5,0,4.4,73,0,0,1.42679e+07,22.2148,22.2148,22.2148,22.2148,0,0,0,0
01/21/2009 06:00,1,21,3,6,0,3.9,82,0,0,1.42679e+07,22.2148,22.2148,22.2148,22.2148,0,0,0,0
01/21/2009 07:00,1,21,3,7,0,3.9,79,0,0,1.53816e+07,22.2148,22.2148,22.2148,22.2148,0,0,0,0
01/21/2009 08:00,1,21,3,8,0,3.9,79,0,0,1.20098e+07,22.2148,22.2148,22.2148,22.2148,0,0,0,0
01/21/2009 09:00,1,21,3,9,0,4.4,76,0,0,1.20098e+07,22.2148,22.2148,22.2148,22.2148,0,0,0,0
01/21/2009 10:00,1,21,3,10,0,4.4,70,0,0,1.20098e+07,22.2148,22.2148,22.2148,22.2148,0,0,0,0
01/21/2009 11:00,1,21,3,11,0,5,65,0,0,1.20098e+07,22.2148,22.2148,22.2148,22.2148,0,0,0,0
01/21/2009 12:00,1,21,3,12,0,5.6,60,0,0,1.20098e+07,22.2148,22.2148,22.2148,22.2148,0,0,0,0
01/21/2009 13:00,1,21,3,13,0,5.6,65,0,0,1.20098e+07,22.2148,22.2148,22.2148,22.2148,0,0,0,0
01/21/2009 14:00,1,21,3,14,0,6.1,58,0,0,1.20098e+07,22.2148,22.2148,22.2148,22.2148,0,0,0,0
01/21/2009 15:00,1,21,3,15,0,6.7,51,0,0,1.20098e+07,22.2148,22.2148,22.2148,22.2148,0,0,0,0
01/21/2009 16:00,1,21,3,16,0,6.7,54,0,0,1.20098e+07,22.2148,22.2148,22.2148,22.2148,0,0,0,0
01/21/2009 17:00,1,21,3,17,0,6.7,56,0,0,1.20098e+07,22.2148,22.2148,22.2148,22.2148,0,0,0,0
01/21/2009 18:00,1,21,3,18,0,6.7,60,0,0,1.20098e+07,22.2148,22.2148,22.2148,22.2148,0,0,0,0
01/21/2009 19:00,1,21,3,19,0,5,76,0,0,1.53816e+07,22.2148,22.2148,22.2148,22.2148,0,0,0,0
01/21/2009 20:00,1,21,3,20,0,5.6,71,0,0,1.53816e+07,22.2148,22.2148,22.2148,22.2148,0,0,0,0
01/21/2009 21:00,1,21,3,21,0,3.9,79,0,0,1.53816e+07,22.2148,22.2148,22.2148,22.2148,0,0,0,0
01/21/2009 22:00,1,21,3,22,0,3.3,79,0,0,1.53816e+07,22.2148,22.2148,22.2148,22.2148,0,0,0,0
01/21/2009 23:00,1,21,3,23,0,2.2,82,0,0,1.53816e+07,22.2148,22.2148,22.2148,22.2148,0,0,0,0
01/22/2009 00:00,1,22,4,0,0,1.1,85,0,0,1.53816e+07,22.2148,22.2148,22.2148,22.2148,0,0,0,0
01/22/2009 01:00,1,22,4,1,0,2.8,82,0,0,1.42679e+07,22.2148,22.2148,22.2148,22.2148,0,0,0,0
01/22/2009 02:00,1,22,4,2,0,2.2,89,0,0,1.42679e+07,22.2148,22.2148,22.2148,22.2148,0,0,0,0
01/22/2009 03:00,1,22,4,3,0,2.8,82,0,0,1.42679e+07,22.2148,22.2148,22.2148,22.2148,0,0,0,0
01/22/2009 04:00,1,22,4,4,0,2.8,82,0,0,1.42679e+07,22.2148,22.2148,22.2148,22.2148,0,0,0,0
01/22/2009 05:00,1,22,4,5,0,2.2,85,0,0,1.42679e+07,22.2148,22.2148,22.2148,22.2148,0,0,0,0
01/22/2009 06:00,1,22,4,6,0,2.8,79,0,0,1.42679e+07,22.2148,22.2148,22.2148,22.2148,0,0,0,0
01/22/2009 07:00,1,22,4,7,0,2.8,76,0,0,1.53816e+07,22.2148,22.2148,22.2148,22.2148,0,0,0,0
01/22/2009 08:00,1,22,4,8,0,2.8,73,0,0,1.20098e+07,22.2148,22.2148,22.2148,22.2148,0,0,0,0
01/22/2009 09:00,1,22,4,9,0,4.4,62,0,0,1.20098e+07,22.2148,22.2148,22.2148,22.2148,0,0,0,0
01/22/2009 10:00,1,22,4,10,0,6.1,43,0,0,1.20098e+07,22.2148,22.2148,22.2148,22.2148,0,0,0,0
01/22/2009 11:00,1,22,4,11,0,7.2,33,0,0,1.20098e+07,22.2148,22.2148,22.2148,22.2148,0,0,0,0
01/22/2009 12:00,1,22,4,12,0,8.9,28,0,0,1.20098e+07,22.2148,22.2148,22.2148,22.2148,0,0,0,0
01/22/2009 13:00,1,22,4,13,0,10,27,0,0,1.20098e+07,22.2148,22.2148,22.2148,22.2148,0,0,0,0
01/22/2009 14:00,1,22,4,14,0,10,27,0,0,1.20098e+07,22.2148,22.2148,22.2148,22.2148,0,0,0,0
01/22/2009 15:00,1,22,4,15,0,10.6,26,0,0,1.20098e+07,22.2148,22.2148,22.2148,22.2148,0,0,0,0
01/22/2009 16:00,1,22,4,16,0,10,24,0,0,1.20098e+07,22.2148,22.2148,22.2148,22.2148,0,0,0,0
01/22/2009 17:00,1,22,4,17,0,9.4,25,0,0,1.20098e+07,22.2148,22.2148,22.2148,22.2148,0,0,0,0
01/22/2009 18:00,1,22,4,18,0,7.2,27,0,0,1.20098e+07,22.2148,22.2148,22.2148,22.2148,0,0,0,0
01/22/2009 19:00,1,22,4,19,0,5,35,0,0,1.53816e+07,22.2148,22.2148,22.2148,22.2148,0,0,0,0
01/22/2009 20:00,1,22,4,20,0,2.2,52,0,0,1.53816e+07,22.2148,22.2148,22.2148,22.2148,0,0,0,0
01/22/2009 21:00,1,22,4,21,0,1.7,57,0,0,1.53816e+07,22.2148,22.2148,22.2148,22.2148,0,0,0,0
01/22/2009 22:00,1,22,4,22,0,0.6,70,0,0,1.53816e+07,22.2148,22.2148,22.2148,22.2148,0,0,0,0
01/22/2009 23:00,1,22,4,23,0,0.6,61,0,0,1.53816e+07,22.2148,22.2148,22.2148,22.2148,0,0,0,0
01/23/2009 00:00,1,23,5,0,0,0,69,0,0,1.53816e+07,22.2148,22.2148,22.2148,22.2148,0,0,0,0
01/23/2009 01:00,1,23,5,1,0,-1.1,75,0,0,2.07703e+07,22.2148,22.2148,22.2148,22.2148,0,0,0,0
01/23/2009 02:00,1,23,5,2,0,-1.7,78,0,0,2.07703e+07,22.2148,22.2148,22.2148,22.2148,0,0,0,0
01/23/2009 03:00,1,23,5,3,0,-1.7,82,0,0,2.07703e+07,22.2148,22.2148,22.2148,22.2148,0,0,0,0
01/23/2009 04:00,1,23,5,4,0,-2.8,89,0,0,2.07703e+07,22.2148,22.2148,22.2148,22.2148,0,0,0,0
01/23/2009 05:00,1,23,5,5,0,-2.8,81,0,0,2.07703e+07,22.2148,22.2148,22.2148,22.2148,0,0,0,0
01/23/2009 06:00,1,23,5,6,0,-2.2,82,0,0,2.23312e+07,22.2148,22.2148,22.2148,22.2148,0,0,0,0
01/23/2009 07:00,1,23,5,7,0,-2.2,78,8.94977e+06,0,3.41259e+07,14.1873,14.1873,16.8904,14.1873,0.509938,0,1.84029e+07,0
01/23/2009 08:00,1,23,5,8,0,0,72,5.5077e+06,0,3.25972e+07,14.0462,14.0462,16.8904,14.0462,0.319484,0,1.3694e+07,0
01/23/2009 09:00,1,23,5,9,0,3.9,55,1.57733e+06,0,5.37018e+07,14.0462,14.0462,16.8904,14.0462,0.0876336,0,3.7562e+06,0
01/23/2009 10:00,1,23,5,10,0,8.3,41,723815,0,5.2673e+07,14.0462,14.0462,16.8904,14.0462,0.0361168,0,1.54807e+06,0
01/23/2009 11:00,1,23,5,11,0,11.1,32,133304,356791,5.2402e+07,15.6622,15.6622,16.9574,15.5951,0.0183336,0.00691709,390195,27927.7
01/23/2009 12:00,1,23,5,12,0,12.8,29,0,1.01649e+06,5.30601e+07,19.8674,19.8674,19.8674,16.8904,0,0.0641984,0,2.86729e+06
01/23/2009 13:00,1,23,5,13,0,14.4,27,0,1.27188e+06,4.89532e+07,21.4447,21.4447,21.4447,16.8904,0,0.0819186,0,5.61477e+06
01/23/2009 14:00,1,23,5,14,0,15.6,31,0,1.76915e+06,5.39926e+07,21.6453,21.6453,21.6453,16.8904,0,0.117359,0,8.39776e+06
01/23/2009 15:00,1,23,5,15,0,16.1,34,0,1.57399e+06,5.37495e+07,21.6975,21.6975,21.6975,16.8904,0,0.103183,0,7.46437e+06
01/23/2009 16:00,1,23,5,16,0,16.1,35,0,1.53947e+06,5.36974e+07,21.7301,21.7301,21.7301,16.8904,0,0.0979173,0,7.13171e+06
01/23/2009 17:00,1,23,5,17,0,15,39,0,1.02682e+06,5.30482e+07,21.768,21.768,21.768,16.8904,0,0.0575685,0,4.22568e+06
01/23/2009 18:00,1,23,5,18,0,13.9,44,0,0,3.1936e+07,21.7793,21.7793,21.7793,21.7793,0,0,0,0
01/23/2009 19:00,1,23,5,19,0,12.8,53,217998,0,2.31267e+07,20.848,20.848,20.848,18.1126,0,0.0102712,0,579464
01/23/2009 20:00,1,23,5,20,0,11.7,59,0,0,2.28739e+07,19.6159,19.6159,19.6159,19.6159,0,0,0,0
01/23/2009 21:00,1,23,5,21,0,10.6,66,0,0,1.97521e+07,19.6159,19.6159,19.6159,19.6159,0,0,0,0
01/23/2009 22:00,1,23,5,22,0,10.6,69,0,0,1.97521e+07,19.6159,19.6159,19.6159,19.6159,0,0,0,0
01/23/2009 23:00,1,23,5,23,0,11.1,69,0,0,1.69425e+07,19.6159,19.6159,19.6159,19.6159,0,0,0,0
01/24/2009 00:00,1,24,6,0,0,11.1,72,0,0,1.53816e+07,19.6159,19.6159,19.6159,19.6159,0,0,0,0
01/24/2009 01:00,1,24,6,1,0,11.1,74,0,0,2.07703e+07,19.6159,19.6159,19.6159,19.6159,0,0,0,0
01/24/2009 02:00,1,24,6,2,0,11.1,77,0,0,2.07703e+07,19.6159,19.6159,19.6159,19.6159,0,0,0,0
01/24/2009 03:00,1,24,6,3,0,11.7,77,0,0,2.07703e+07,19.6159,19.6159,19.6159,19.6159,0,0,0,0
01/24/2009 04:00,1,24,6,4,0,12.2,77,0,0,2.07703e+07,19.6159,19.6159,19.6159,19.6159,0,0,0,0
01/24/2009 05:00,1,24,6,5,0,13.3,75,0,0,2.07703e+07,19.6159,19.6159,19.6159,19.6159,0,0,0,0
01/24/2009 06:00,1,24,6,6,0,13.3,75,0,0,2.23312e+07,19.6159,19.6159,19.6159,19.6159,0,0,0,0
01/24/2009 07:00,1,24,6,7,0,13.3,78,683885,0,2.42343e+07,17.0837,17.0837,17.3773,16.5968,0.00589613,0.0251511,52148.7,368804
01/24/2009 08:00,1,24,6,8,0,13.9,75,193914,0,2.62256e+07,15.8391,15.8391,16.8904,15.8391,0.00801724,0,125017,0
01/24/2009 09:00,1,24,6,9,0,14.4,75,0,98935.8,5.19422e+07,15.9517,15.9517,16.3399,15.9517,0.00496857,0,54958.2,0
01/24/2009 10:00,1,24,6,10,0,15.6,72,0,180946,5.20314e+07,17.0157,17.0157,17.0157,16.811,0,0.00708307,0,35839.3
01/24/2009 11:00,1,24,6,11,0,18.9,61,0,1.3582e+06,5.34587e+07,20.4373,20.4373,20.4373,16.8904,0,0.081385,0,4.61757e+06
01/24/2009 12:00,1,24,6,12,0,20.6,59,0,2.64367e+06,5.50388e+07,22.1584,22.1584,22.1584,16.8904,0,0.168794,0,1.33809e+07
01/24/2009 13:00,1,24,6,13,0,20,63,0,1.79337e+06,4.95701e+07,22.1911,22.1911,22.1911,16.8904,0,0.110574,0,8.82029e+06
01/24/2009 14:00,1,24,6,14,0,21.1,61,0,4.16919e+06,5.68919e+07,22.15,22.15,22.15,16.8904,0,0.26553,0,2.10151e+07
01/24/2009 15:00,1,24,6,15,0,21.7,61,0,3.99497e+06,5.66614e+07,22.1625,22.1625,22.1625,16.8904,0,0.248719,0,1.9733e+07
01/24/2009 16:00,1,24,6,16,0,22.2,59,0,5.51747e+06,5.85381e+07,22.1217,22.1217,22.1217,16.8904,0,0.352792,0,2.7773e+07
01/24/2009 17:00,1,24,6,17,0,21.1,64,0,6.5384e+06,5.98041e+07,22.1024,22.1024,22.1024,16.8904,0,0.42463,0,3.33052e+07
01/24/2009 18:00,1,24,6,18,0,19.4,68,0,1.17517e+06,3.33338e+07,22.1022,22.1022,22.1022,16.8904,0,0.0660284,0,5.1786e+06
01/24/2009 19:00,1,24,6,19,0,17.8,73,0,0,2.28739e+07,22.1058,22.1058,22.1058,22.1058,0,0,0,0
01/24/2009 20:00,1,24,6,20,0,16.1,81,0,0,2.28739e+07,22.1058,22.1058,22.1058,22.1058,0,0,0,0
01/24/2009 21:00,1,24,6,21,0,15.6,84,0,0,1.97521e+07,22.1058,22.1058,22.1058,22.1058,0,0,0,0
01/24/2009 22:00,1,24,6,22,0,15,84,0,0,1.97521e+07,22.1058,22.1058,22.1058,22.1058,0,0,0,0
01/24/2009 23:00,1,24,6,23,0,14.4,78,0,0,1.69425e+07,22.1058,22.1058,22.1058,22.1058,0,0,0,0
01/25/2009 00:00,1,25,0,0,0,13.3,69,0,0,1.53816e+07,22.1058,22.1058,22.1058,22.1058,0,0,0,0
01/25/2009 01:00,1,25,0,1,0,10,50,0,0,2.07703e+07,22.1058,22.1058,22.1058,22.1058,0,0,0,0
01/25/2009 02:00,1,25,0,2,0,6.1,58,0,0,2.07703e+07,22.1058,22.1058,22.1058,22.1058,0,0,0,0
01/25/2009 03:00,1,25,0,3,0,3.9,67,0,0,2.07703e+07,22.1058,22.1058,22.1058,22.1058,0,0,0,0
01/25/2009 04:00,1,25,0,4,0,2.2,70,0,0,2.07703e+07,22.1058,22.1058,22.1058,22.1058,0,0,0,0
01/25/2009 05:00,1,25,0,5,0,1.7,67,0,0,2.07703e+07,22.1058,22.1058,22.1058,22.1058,0,0,0,0
01/25/2009 06:00,1,25,0,6,0,1.1,73,0,0,2.23312e+07,22.1058,22.1058,22.1058,22.1058,0,0,0,0
01/25/2009 07:00,1,25,0,7,0,1.7,76,1.47157e+06,0,2.51693e+07,16.5572,16.5572,17.4353,16.0123,0.0226617,0.0516803,599639,848059
01/25/2009 08:00,1,25,0,8,0,2.2,76,0,0,2.60045e+07,14.7867,14.7867,14.7867,14.7867,0,0,0,0
01/25/2009 09:00,1,25,0,9,0,3.3,76,0,854976,5.28601e+07,18.1915,18.1915,18.3118,16.4195,0.0132461,0.0400194,144020,1.58989e+06
01/25/2009 10:00,1,25,0,10,0,5,73,0,1.08617e+06,5.3141e+07,21.6857,21.6857,21.6857,16.8904,0,0.0680786,0,4.94785e+06
01/25/2009 11:00,1,25,0,11,0,7.8,68,0,2.80383e+06,5.52289e+07,21.9957,21.9957,21.9957,16.8904,0,0.177549,0,1.36227e+07
01/25/2009 12:00,1,25,0,12,0,10,61,0,3.58551e+06,5.62047e+07,21.9368,21.9368,21.9368,16.8904,0,0.23516,0,1.78584e+07
01/25/2009 13:00,1,25,0,13,0,12.2,53,0,3.38973e+06,5.15509e+07,21.9145,21.9145,21.9145,16.8904,0,0.224428,0,1.69683e+07
01/25/2009 14:00,1,25,0,14,0,13.9,49,0,4.78566e+06,5.76675e+07,21.933,21.933,21.933,16.8904,0,0.312627,0,2.3724e+07
01/25/2009 15:00,1,25,0,15,0,15.6,39,0,5.80689e+06,5.89171e+07,21.9426,21.9426,21.9426,16.8904,0,0.379446,0,2.88491e+07
01/25/2009 16:00,1,25,0,16,0,15.6,44,0,6.11232e+06,5.92875e+07,21.9615,21.9615,21.9615,16.8904,0,0.398345,0,3.0399e+07
01/25/2009 17:00,1,25,0,17,0,15.6,43,0,5.79693e+06,5.88895e+07,21.9783,21.9783,21.9783,16.8904,0,0.373933,0,2.86305e+07
01/25/2009 18:00,1,25,0,18,0,12.8,49,0,1.42172e+06,3.36357e+07,22.004,22.004,22.004,16.8904,0,0.0824399,0,6.344e+06
01/25/2009 19:00,1,25,0,19,0,11.1,53,0,0,2.28739e+07,22.0144,22.0144,22.0144,22.0144,0,0,0,0
01/25/2009 20:00,1,25,0,20,0,8.3,66,0,0,2.28739e+07,22.0144,22.0144,22.0144,22.0144,0,0,0,0
01/25/2009 21:00,1,25,0,21,0,7.8,68,0,0,1.97521e+07,22.0144,22.0144,22.0144,22.0144,0,0,0,0
01/25/2009 22:00,1,25,0,22,0,5.6,79,0,0,1.97521e+07,22.0144,22.0144,22.0144,22.0144,0,0,0,0
01/25/2009 23:00,1,25,0,23,0,4.4,82,0,0,1.69425e+07,22.0144,22.0144,22.0144,22.0144,0,0,0,0
01/26/2009 00:00,1,26,1,0,0,3.9,89,0,0,1.53816e+07,22.0144,22.0144,22.0144,22.0144,0,0,0,0
01/26/2009 01:00,1,26,1,1,0,2.8,89,0,0,2.07703e+07,22.0144,22.0144,22.0144,22.0144,0,0,0,0
01/26/2009 02:00,1,26,1,2,0,2.2,89,0,0,2.07703e+07,22.0144,22.0144,22.0144,22.0144,0,0,0,0
01/26/2009 03:00,1,26,1,3,0,3.3,86,0,0,2.07703e+07,22.0144,22.0144,22.0144,22.0144,0,0,0,0
01/26/2009 04:00,1,26,1,4,0,2.8,86,0,0,2.07703e+07,22.0144,22.0144,22.0144,22.0144,0,0,0,0
01/26/2009 05:00,1,26,1,5,0,2.2,89,0,0,2.07703e+07,22.0144,22.0144,22.0144,22.0144,0,0,0,0
01/26/2009 06:00,1,26,1,6,0,2.2,89,0,0,2.23312e+07,22.0144,22.0144,22.0144,22.0144,0,0,0,0
01/26/2009 07:00,1,26,1,7,0,2.2,89,1.82698e+06,0,2.55973e+07,16.1505,16.1505,17.3355,15.7055,0.0480018,0.0477099,1.36197e+06,959114
01/26/2009 08:00,1,26,1,8,0,2.8,86,335509,0,2.63849e+07,14.3714,14.3714,16.8904,14.3714,0.0131934,0,499781,0
01/26/2009 09:00,1,26,1,9,0,6.7,71,0,1.8464e+06,5.40545e+07,19.0187,19.0187,19.0869,16.3925,0.0223416,0.0906527,137511,5.24027e+06
01/26/2009 10:00,1,26,1,10,0,10,52,0,3.1126e+06,5.56065e+07,21.8629,21.8629,21.8629,16.8904,0,0.197479,0,1.47872e+07
01/26/2009 11:00,1,26,1,11,0,12.2,47,0,4.01553e+06,5.67251e+07,21.9247,21.9247,21.9247,16.8904,0,0.261377,0,1.98023e+07
01/26/2009 12:00,1,26,1,12,0,15,41,0,4.37281e+06,5.71819e+07,21.9573,21.9573,21.9573,16.8904,0,0.291146,0,2.22002e+07
01/26/2009 13:00,1,26,1,13,0,16.7,37,0,4.10194e+06,5.2433e+07,21.9508,21.9508,21.9508,16.8904,0,0.274628,0,2.09135e+07
01/26/2009 14:00,1,26,1,14,0,18.3,34,0,5.69219e+06,5.88007e+07,21.9624,21.9624,21.9624,16.8904,0,0.379437,0,2.89618e+07
01/26/2009 15:00,1,26,1,15,0,18.9,32,0,6.86274e+06,6.02326e+07,21.9862,21.9862,21.9862,16.8904,0,0.455761,0,3.49502e+07
01/26/2009 16:00,1,26,1,16,0,18.9,33,0,7.34812e+06,6.08271e+07,21.9965,21.9965,21.9965,16.8904,0,0.487681,0,3.7473e+07
01/26/2009 17:00,1,26,1,17,0,17.8,34,0,6.83786e+06,6.01808e+07,22.0047,22.0047,22.0047,16.8904,0,0.447548,0,3.44445e+07
01/26/2009 18:00,1,26,1,18,0,15.6,39,0,2.18719e+06,3.45738e+07,21.9887,21.9887,21.9887,16.8904,0,0.133225,0,1.02214e+07
01/26/2009 19:00,1,26,1,19,0,12.2,51,0,0,2.28739e+07,21.9841,21.9841,21.9841,21.9841,0,0,0,0
01/26/2009 20:00,1,26,1,20,0,8.3,71,0,0,2.28739e+07,21.9841,21.9841,21.9841,21.9841,0,0,0,0
01/26/2009 21:00,1,26,1,21,0,7.8,74,0,0,1.97521e+07,21.9841,21.9841,21.9841,21.9841,0,0,0,0
01/26/2009 22:00,1,26,1,22,0,7.2,77,0,0,1.97521e+07,21.9841,21.9841,21.9841,21.9841,0,0,0,0
01/26/2009 23:00,1,26,1,23,0,5.6,86,0,0,1.69425e+07,21.9841,21.9841,21.9841,21.9841,0,0,0,0
01/27/2009 00:00,1,27,2,0,0,5.6,83,0,0,1.53816e+07,21.9841,21.9841,21.9841,21.9841,0,0,0,0
01/27/2009 01:00,1,27,2,1,0,4.4,89,0,0,2.07703e+07,21.9841,21.9841,21.9841,21.9841,0,0,0,0
01/27/2009 02:00,1,27,2,2,0,3.3,93,0,0,2.07703e+07,21.9841,21.9841,21.9841,21.9841,0,0,0,0
01/27/2009 03:00,1,27,2,3,0,3.3,93,0,0,2.07703e+07,21.9841,21.9841,21.9841,21.9841,0,0,0,0
01/27/2009 04:00,1,27,2,4,0,2.8,93,0,0,2.07703e+07,21.9841,21.9841,21.9841,21.9841,0,0,0,0
01/27/2009 05:00,1,27,2,5,0,3.9,93,0,0,2.07703e+07,21.9841,21.9841,21.9841,21.9841,0,0,0,0
01/27/2009 06:00,1,27,2,6,0,4.4,93,0,0,2.23312e+07,21.9841,21.9841,21.9841,21.9841,0,0,0,0
01/27/2009 07:00,1,27,2,7,0,5,96,500056,0,2.4013e+07,19.9026,19.9026,19.9026,16.8904,0,0.0200501,0,909049
01/27/2009 08:00,1,27,2,8,0,7.2,96,0,0,2.60045e+07,18.2205,18.2205,18.2205,18.2205,0,0,0,0
01/27/2009 09:00,1,27,2,9,0,10,93,0,2.49854e+06,5.48562e+07,20.8347,20.8347,20.8347,17.1121,0,0.157167,0,1.02987e+07
01/27/2009 10:00,1,27,2,10,0,13.9,78,0,3.86151e+06,5.65299e+07,21.9824,21.9824,21.9824,16.8904,0,0.249018,0,1.90819e+07
01/27/2009 11:00,1,27,2,11,0,16.1,63,0,4.7338e+06,5.76112e+07,21.9913,21.9913,21.9913,16.8904,0,0.31092,0,2.38667e+07
01/27/2009 12:00,1,27,2,12,0,18.9,51,0,5.27897e+06,5.82828e+07,21.9926,21.9926,21.9926,16.8904,0,0.348489,0,2.67573e+07
01/27/2009 13:00,1,27,2,13,0,20.6,44,0,4.87866e+06,5.33804e+07,21.9727,21.9727,21.9727,16.8904,0,0.324856,0,2.48457e+07
01/27/2009 14:00,1,27,2,14,0,22.2,41,0,7.11669e+06,6.055e+07,22.0057,22.0057,22.0057,16.8904,0,0.475015,0,3.65658e+07
01/27/2009 15:00,1,27,2,15,0,22.8,41,0,8.31192e+06,6.20247e+07,22.0253,22.0253,22.0253,16.8904,0,0.556761,0,4.30226e+07
01/27/2009 16:00,1,27,2,16,0,22.8,40,0,8.60949e+06,6.23876e+07,22.0225,22.0225,22.0225,16.8904,0,0.575773,0,4.44679e+07
01/27/2009 17:00,1,27,2,17,0,21.7,43,0,8.38729e+06,6.21028e+07,22.0197,22.0197,22.0197,16.8904,0,0.557203,0,4.301e+07
01/27/2009 18:00,1,27,2,18,0,19.4,51,0,3.23843e+06,3.58551e+07,21.9822,21.9822,21.9822,16.8904,0,0.200814,0,1.53874e+07
01/27/2009 19:00,1,27,2,19,0,17.2,61,0,0,2.28739e+07,21.9747,21.9747,21.9747,21.9747,0,0,0,0
01/27/2009 20:00,1,27,2,20,0,14.4,72,0,0,2.28739e+07,21.9747,21.9747,21.9747,21.9747,0,0,0,0
01/27/2009 21:00,1,27,2,21,0,15.6,72,0,0,1.97521e+07,21.9747,21.9747,21.9747,21.9747,0,0,0,0
01/27/2009 22:00,1,27,2,22,0,14.4,78,0,0,1.97521e+07,21.9747,21.9747,21.9747,21.9747,0,0,0,0
01/27/2009 23:00,1,27,2,23,0,12.8,87,0,0,1.69425e+07,21.9747,21.9747,21.9747,21.9747,0,0,0,0
01/28/2009 00:00,1,28,3,0,0,11.7,90,0,0,1.53816e+07,21.9747,21.9747,21.9747,21.9747,0,0,0,0
01/28/2009 01:00,1,28,3,1,0,10,96,0,0,1.42679e+07,21.9747,21.9747,21.9747,21.9747,0,0,0,0
01/28/2009 02:00,1,28,3,2,0,9.4,96,0,0,1.42679e+07,21.9747,21.9747,21.9747,21.9747,0,0,0,0
01/28/2009 03:00,1,28,3,3,0,8.9,96,0,0,1.42679e+07,21.9747,21.9747,21.9747,21.9747,0,0,0,0
01/28/2009 04:00,1,28,3,4,0,10.6,96,0,0,1.42679e+07,21.9747,21.9747,21.9747,21.9747,0,0,0,0
01/28/2009 05:00,1,28,3,5,0,12.2,100,0,0,1.42679e+07,21.9747,21.9747,21.9747,21.9747,0,0,0,0
01/28/2009 06:00,1,28,3,6,0,11.7,100,0,0,1.42679e+07,21.9747,21.9747,21.9747,21.9747,0,0,0,0
01/28/2009 07:00,1,28,3,7,0,12.8,100,0,0,1.53816e+07,21.9747,21.9747,21.9747,21.9747,0,0,0,0
01/28/2009 08:00,1,28,3,8,0,12.8,100,0,0,1.20098e+07,21.9747,21.9747,21.9747,21.9747,0,0,0,0
01/28/2009 09:00,1,28,3,9,0,13.9,100,0,0,1.20098e+07,21.9747,21.9747,21.9747,21.9747,0,0,0,0
01/28/2009 10:00,1,28,3,10,0,15,100,0,0,1.20098e+07,21.9747,21.9747,21.9747,21.9747,0,0,0,0
01/28/2009 11:00,1,28,3,11,0,17.8,97,0,0,1.20098e+07,21.9747,21.9747,21.9747,21.9747,0,0,0,0
01/28/2009 12:00,1,28,3,12,0,22.2,66,0,0,1.20098e+07,21.9747,21.9747,21.9747,21.9747,0,0,0,0
01/28/2009 13:00,1,28,3,13,0,23.9,56,0,0,1.20098e+07,21.9747,21.9747,21.9747,21.9747,0,0,0,0
01/28/2009 14:00,1,28,3,14,0,24.4,54,0,0,1.20098e+07,21.9747,21.9747,21.9747,21.9747,0,0,0,0
01/28/2009 15:00,1,28,3,15,0,24.4,47,0,0,1.20098e+07,21.9747,21.9747,21.9747,21.9747,0,0,0,0
01/28/2009 16:00,1,28,3,16,0,23.9,46,0,0,1.20098e+07,21.9747,21.9747,21.9747,21.9747,0,0,0,0
01/28/2009 17:00,1,28,3,17,0,22.8,60,0,0,1.20098e+07,21.9747,21.9747,21.9747,21.9747,0,0,0,0
01/28/2009 18:00,1,28,3,18,0,21.7,61,0,0,1.20098e+07,21.9747,21.9747,21.9747,21.9747,0,0,0,0
01/28/2009 19:00,1,28,3,19,0,20,71,0,0,1.53816e+07,21.9747,21.9747,21.9747,21.9747,0,0,0,0
01/28/2009 20:00,1,28,3,20,0,19.4,76,0,0,1.53816e+07,21.9747,21.9747,21.9747,21.9747,0,0,0,0
01/28/2009 21:00,1,28,3,21,0,18.3,81,0,0,1.53816e+07,21.9747,21.9747,21.9747,21.9747,0,0,0,0
01/28/2009 22:00,1,28,3,22,0,17.8,84,0,0,1.53816e+07,21.9747,21.9747,21.9747,21.9747,0,0,0,0
01/28/2009 23:00,1,28,3,23,0,17.8,84,0,0,1.53816e+07,21.9747,21.9747,21.9747,21.9747,0,0,0,0
01/29/2009 00:00,1,29,4,0,0,17.8,84,0,0,1.53816e+07,21.9747,21.9747,21.9747,21.9747,0,0,0,0
01/29/2009 01:00,1,29,4,1,0,18.3,78,0,0,1.42679e+07,21.9747,21.9747,21.9747,21.9747,0,0,0,0
01/29/2009 02:00,1,29,4,2,0,17.8,81,0,0,1.42679e+07,21.9747,21.9747,21.9747,21.9747,0,0,0,0
01/29/2009 03:00,1,29,4,3,0,17.8,81,0,0,1.42679e+07,21.9747,21.9747,21.9747,21.9747,0,0,0,0
01/29/2009 04:00,1,29,4,4,0,17.2,84,0,0,1.42679e+07,21.9747,21.9747,21.9747,21.9747,0,0,0,0
01/29/2009 05:00,1,29,4,5,0,17.2,84,0,0,1.42679e+07,21.9747,21.9747,21.9747,21.9747,0,0,0,0
01/29/2009 06:00,1,29,4,6,0,16.7,87,0,0,1.42679e+07,21.9747,21.9747,21.9747,21.9747,0,0,0,0
01/29/2009 07:00,1,29,4,7,0,16.1,90,0,0,1.53816e+07,21.9747,21.9747,21.9747,21.9747,0,0,0,0
01/29/2009 08:00,1,29,4,8,0,16.1,93,0,0,1.20098e+07,21.9747,21.9747,21.9747,21.9747,0,0,0,0
01/29/2009 09:00,1,29,4,9,0,18.3,84,0,0,1.20098e+07,21.9747,21.9747,21.9747,21.9747,0,0,0,0
01/29/2009 10:00,1,29,4,10,0,20.6,73,0,0,1.20098e+07,21.9747,21.9747,21.9747,21.9747,0,0,0,0
01/29/2009 11:00,1,29,4,11,0,22.2,64,0,0,1.20098e+07,21.9747,21.9747,21.9747,21.9747,0,0,0,0
01/29/2009 12:00,1,29,4,12,0,22.8,60,0,0,1.20098e+07,21.9747,21.9747,21.9747,21.9747,0,0,0,0
01/29/2009 13:00,1,29,4,13,0,23.3,58,0,0,1.20098e+07,21.9747,21.9747,21.9747,21.9747,0,0,0,0
01/29/2009 14:00,1,29,4,14,0,25,52,0,0,1.20098e+07,21.9747,21.9747,21.9747,21.9747,0,0,0,0
01/29/2009 15:00,1,29,4,15,0,24.4,56,0,0,1.20098e+07,21.9747,21.9747,21.9747,21.9747,0,0,0,0
01/29/2009 16:00,1,29,4,16,0,24.4,56,0,0,1.20098e+07,21.9747,21.9747,21.9747,21.9747,0,0,0,0
01/29/2009 17:00,1,29,4,17,0,24.4,56,0,0,1.20098e+07,21.9747,21.9747,21.9747,21.9747,0,0,0,0
01/29/2009 18:00,1,29,4,18,0,22.8,60,0,0,1.20098e+07,21.9747,21.9747,21.9747,21.9747,0,0,0,0
01/29/2009 19:00,1,29,4,19,0,20.6,71,0,0,1.53816e+07,21.9747,21.9747,21.9747,21.9747,0,0,0,0
01/29/2009 20:00,1,29,4,20,0,19.4,76,0,0,1.53816e+07,21.9747,21.9747,21.9747,21.9747,0,0,0,0
01/29/2009 21:00,1,29,4,21,0,18.3,81,0,0,1.53816e+07,21.9747,21.9747,21.9747,21.9747,0,0,0,0
01/29/2009 22:00,1,29,4,22,0,17.8,87,0,0,1.53816e+07,21.9747,21.9747,21.9747,21.9747,0,0,0,0
01/29/2009 23:00,1,29,4,23,0,16.7,93,0,0,1.53816e+07,21.9747,21.9747,21.9747,21.9747,0,0,0,0
01/30/2009 00:00,1,30,5,0,0,17.2,90,0,0,1.53816e+07,21.9747,21.9747,21.9747,21.9747,0,0,0,0
01/30/2009 01:00,1,30,5,1,0,17.2,90,0,0,2.07703e+07,21.9747,21.9747,21.9747,21.9747,0,0,0,0
01/30/2009 02:00,1,30,5,2,0,16.7,87,0,0,2.07703e+07,21.9747,21.9747,21.9747,21.9747,0,0,0,0
01/30/2009 03:00,1,30,5,3,0,15,62,0,0,2.07703e+07,21.9747,21.9747,21.9747,21.9747,0,0,0,0
01/30/2009 04:00,1,30,5,4,0,14.4,51,0,0,2.07703e+07,21.9747,21.9747,21.9747,21.9747,0,0,0,0
01/30/2009 05:00,1,30,5,5,0,13.3,53,0,0,2.07703e+07,21.9747,21.9747,21.9747,21.9747,0,0,0,0
01/30/2009 06:00,1,30,5,6,0,12.8,55,0,0,2.23312e+07,21.9747,21.9747,21.9747,21.9747,0,0,0,0
01/30/2009 07:00,1,30,5,7,0,11.1,61,0,0,2.34449e+07,21.9747,21.9747,21.9747,21.9747,0,0,0,0
01/30/2009 08:00,1,30,5,8,0,11.1,61,0,91220.8,2.61076e+07,21.9725,21.9725,21.9725,18.9241,0,0.00347272,0,265521
01/30/2009 09:00,1,30,5,9,0,14.4,48,0,4.69886e+06,5.75385e+07,21.9755,21.9755,21.9755,16.8904,0,0.299212,0,2.29011e+07
01/30/2009 10:00,1,30,5,10,0,16.7,37,0,6.23634e+06,5.94419e+07,21.9797,21.9797,21.9797,16.8904,0,0.407302,0,3.11936e+07
01/30/2009 11:00,1,30,5,11,0,18.9,31,0,7.38402e+06,6.08711e+07,21.9762,21.9762,21.9762,16.8904,0,0.490551,0,3.7544e+07
01/30/2009 12:00,1,30,5,12,0,20.6,24,0,8.00197e+06,6.16528e+07,21.971,21.971,21.971,16.8904,0,0.539145,0,4.12213e+07
01/30/2009 13:00,1,30,5,13,0,21.7,22,0,7.37444e+06,5.6458e+07,21.9524,21.9524,21.9524,16.8904,0,0.49633,0,3.78092e+07
01/30/2009 14:00,1,30,5,14,0,22.8,19,0,9.03425e+06,6.2943e+07,21.9507,21.9507,21.9507,16.8904,0,0.615212,0,4.6849e+07
01/30/2009 15:00,1,30,5,15,0,22.8,18,0,9.84925e+06,6.39508e+07,21.9553,21.9553,21.9553,16.8904,0,0.671483,0,5.11808e+07
01/30/2009 16:00,1,30,5,16,0,22.8,20,0,1.01354e+07,6.43e+07,21.9538,21.9538,21.9538,16.8904,0,0.689685,0,5.25522e+07
01/30/2009 17:00,1,30,5,17,0,21.7,20,0,9.70009e+06,6.37448e+07,21.9524,21.9524,21.9524,16.8904,0,0.654235,0,4.9837e+07
01/30/2009 18:00,1,30,5,18,0,19.4,21,0,4.49148e+06,3.73808e+07,21.9472,21.9472,21.9472,16.8904,0,0.2813,0,2.14063e+07
01/30/2009 19:00,1,30,5,19,0,14.4,39,0,0,2.28739e+07,21.9452,21.9452,21.9452,21.9452,0,0,0,0
01/30/2009 20:00,1,30,5,20,0,12.2,51,0,0,2.28739e+07,21.9452,21.9452,21.9452,21.9452,0,0,0,0
01/30/2009 21:00,1,30,5,21,0,10.6,61,0,0,1.97521e+07,21.9452,21.9452,21.9452,21.9452,0,0,0,0
01/30/2009 22:00,1,30,5,22,0,9.4,66,0,0,1.97521e+07,21.9452,21.9452,21.9452,21.9452,0,0,0,0
01/30/2009 23:00,1,30,5,23,0,8.9,69,0,0,1.69425e+07,21.9452,21.9452,21.9452,21.9452,0,0,0,0
01/31/2009 00:00,1,31,6,0,0,8.3,71,0,0,1.53816e+07,21.9452,21.9452,21.9452,21.9452,0,0,0,0
01/31/2009 01:00,1,31,6,1,0,6.7,83,0,0,2.07703e+07,21.9452,21.9452,21.9452,21.9452,0,0,0,0
01/31/2009 02:00,1,31,6,2,0,6.7,80,0,0,2.07703e+07,21.9452,21.9452,21.9452,21.9452,0,0,0,0
01/31/2009 03:00,1,31,6,3,0,7.2,74,0,0,2.07703e+07,21.9452,21.9452,21.9452,21.9452,0,0,0,0
01/31/2009 04:00,1,31,6,4,0,6.7,77,0,0,2.07703e+07,21.9452,21.9452,21.9452,21.9452,0,0,0,0
01/31/2009 05:00,1,31,6,5,0,6.1,83,0,0,2.07703e+07,21.9452,21.9452,21.9452,21.9452,0,0,0,0
01/31/2009 06:00,1,31,6,6,0,6.7,71,0,0,2.23312e+07,21.9452,21.9452,21.9452,21.9452,0,0,0,0
01/31/2009 07:00,1,31,6,7,0,6.7,74,0,0,2.34449e+07,21.9452,21.9452,21.9452,21.9452,0,0,0,0
01/31/2009 08:00,1,31,6,8,0,8.3,66,0,142120,2.61659e+07,21.9542,21.9542,21.9542,16.8904,0,0.00574927,0,438196
01/31/2009 09:00,1,31,6,9,0,11.7,51,0,3.55931e+06,5.61346e+07,21.9521,21.9521,21.9521,16.8904,0,0.221673,0,1.6873e+07
01/31/2009 10:00,1,31,6,10,0,15,42,0,4.42156e+06,5.71867e+07,21.9415,21.9415,21.9415,16.8904,0,0.277623,0,2.11019e+07
01/31/2009 11:00,1,31,6,11,0,18.9,31,0,6.41011e+06,5.96485e+07,21.9367,21.9367,21.9367,16.8904,0,0.41725,0,3.1686e+07
01/31/2009 12:00,1,31,6,12,0,20,31,0,5.82022e+06,5.89104e+07,21.9612,21.9612,21.9612,16.8904,0,0.373615,0,2.85102e+07
01/31/2009 13:00,1,31,6,13,0,20,26,0,5.32694e+06,5.38827e+07,21.9603,21.9603,21.9603,16.8904,0,0.340504,0,2.59789e+07
01/31/2009 14:00,1,31,6,14,0,20,31,0,7.50398e+06,6.10147e+07,21.9452,21.9452,21.9452,16.8904,0,0.497863,0,3.78712e+07
01/31/2009 15:00,1,31,6,15,0,20,33,0,8.26011e+06,6.19485e+07,21.9481,21.9481,21.9481,16.8904,0,0.549737,0,4.18417e+07
01/31/2009 16:00,1,31,6,16,0,18.9,43,0,7.3493e+06,6.08035e+07,21.9601,21.9601,21.9601,16.8904,0,0.480693,0,3.66729e+07
01/31/2009 17:00,1,31,6,17,0,17.8,50,0,7.20975e+06,6.06293e+07,21.9671,21.9671,21.9671,16.8904,0,0.470437,0,3.59402e+07
01/31/2009 18:00,1,31,6,18,0,16.7,54,0,3.11767e+06,3.569e+07,21.9693,21.9693,21.9693,16.8904,0,0.188077,0,1.4375e+07
01/31/2009 19:00,1,31,6,19,0,15.6,60,0,0,2.28739e+07,21.9676,21.9676,21.9676,21.9676,0,0,0,0
01/31/2009 20:00,1,31,6,20,0,14.4,67,0,0,2.28739e+07,21.9676,21.9676,21.9676,21.9676,0,0,0,0
01/31/2009 21:00,1,31,6,21,0,13.9,72,0,0,1.97521e+07,21.9676,21.9676,21.9676,21.9676,0,0,0,0
01/31/2009 22:00,1,31,6,22,0,14.9,78,0,0,1.97521e+07,21.9676,21.9676,21.9676,21.9676,0,0,0,0
01/31/2009 23:00,1,31,6,23,0,15.8,84,0,0,1.69425e+07,21.9676,21.9676,21.9676,21.9676,0,0,0,0
02/01/2009 00:00,2,1,0,0,0,16.8,84,0,0,1.53816e+07,21.9676,21.9676,21.9676,21.9676,0,0,0,0
02/01/2009 01:00,2,1,0,1,0,17.7,81,0,0,2.07703e+07,21.9676,21.9676,21.9676,21.9676,0,0,0,0
02/01/2009 02:00,2,1,0,2,0,18.7,81,0,0,2.07703e+07,21.9676,21.9676,21.9676,21.9676,0,0,0,0
02/01/2009 03:00,2,1,0,3,0,19.6,81,0,0,2.07703e+07,21.9676,21.9676,21.9676,21.9676,0,0,0,0
02/01/2009 04:00,2,1,0,4,0,20.6,81,0,0,2.07703e+07,21.9676,21.9676,21.9676,21.9676,0,0,0,0
02/01/2009 05:00,2,1,0,5,0,20.6,81,0,0,2.07703e+07,21.9676,21.9676,21.9676,21.9676,0,0,0,0
02/01/2009 06:00,2,1,0,6,0,12.8,86,0,0,2.23312e+07,21.9676,21.9676,21.9676,21.9676,0,0,0,0
02/01/2009 07:00,2,1,0,7,0,11.7,86,0,301076,2.37996e+07,21.9868,21.9868,21.9868,16.8904,0,0.0159843,0,1.2259e+06
02/01/2009 08:00,2,1,0,8,0,11.1,96,0,398424,2.64778e+07,22.0166,22.0166,22.0166,16.8904,0,0.0223196,0,1.72165e+06
02/01/2009 09:00,2,1,0,9,0,11.1,96,0,3.57144e+06,5.61501e+07,22.0264,22.0264,22.0264,16.8904,0,0.222787,0,1.72156e+07
02/01/2009 10:00,2,1,0,10,0,11.1,93,0,4.62179e+06,5.74287e+07,22.0395,22.0395,22.0395,16.8904,0,0.290036,0,2.24741e+07
02/01/2009 11:00,2,1,0,11,0,11.7,93,0,4.90269e+06,5.77749e+07,22.0468,22.0468,22.0468,16.8904,0,0.30934,0,2.40036e+07
02/01/2009 12:00,2,1,0,12,0,10.6,90,0,5.46104e+06,5.84627e+07,22.0585,22.0585,22.0585,16.8904,0,0.347554,0,2.703e+07
02/01/2009 13:00,2,1,0,13,0,11.7,57,0,5.10744e+06,5.36083e+07,22.051,22.051,22.051,16.8904,0,0.324399,0,2.51927e+07
02/01/2009 14:00,2,1,0,14,0,13.9,47,0,7.73163e+06,6.13017e+07,22.0203,22.0203,22.0203,16.8904,0,0.515529,0,3.97984e+07
02/01/2009 15:00,2,1,0,15,0,14.4,41,0,8.21374e+06,6.18917e+07,21.9995,21.9995,21.9995,16.8904,0,0.546763,0,4.2038e+07
02/01/2009 16:00,2,1,0,16,0,15,41,0,8.59648e+06,6.23644e+07,21.9885,21.9885,21.9885,16.8904,0,0.572854,0,4.39491e+07
02/01/2009 17:00,2,1,0,17,0,13.3,42,0,7.9677e+06,6.15774e+07,21.9843,21.9843,21.9843,16.8904,0,0.526108,0,4.03297e+07
02/01/2009 18:00,2,1,0,18,0,11.1,47,0,3.19165e+06,3.57856e+07,21.9688,21.9688,21.9688,16.8904,0,0.194198,0,1.48413e+07
02/01/2009 19:00,2,1,0,19,0,8.9,52,0,0,2.28739e+07,21.9644,21.9644,21.9644,21.9644,0,0,0,0
02/01/2009 20:00,2,1,0,20,0,7.2,58,0,0,2.28739e+07,21.9644,21.9644,21.9644,21.9644,0,0,0,0
02/01/2009 21:00,2,1,0,21,0,6.1,63,0,0,1.97521e+07,21.9644,21.9644,21.9644,21.9644,0,0,0,0
02/01/2009 22:00,2,1,0,22,0,5,65,0,0,1.97521e+07,21.9644,21.9644,21.9644,21.9644,0,0,0,0
02/01/2009 23:00,2,1,0,23,0,5,62,0,0,1.69425e+07,21.9644,21.9644,21.9644,21.9644,0,0,0,0
02/02/2009 00:00,2,2,1,0,0,5,60,0,0,1.53816e+07,21.9644,21.9644,21.9644,21.9644,0,0,0,0
02/02/2009 01:00,2,2,1,1,0,4.4,55,0,0,2.07703e+07,21.9644,21.9644,21.9644,21.9644,0,0,0,0
02/02/2009 02:00,2,2,1,2,0,3.3,57,0,0,2.07703e+07,21.9644,21.9644,21.9644,21.9644,0,0,0,0
02/02/2009 03:00,2,2,1,3,0,2.2,59,0,0,2.07703e+07,21.9644,21.9644,21.9644,21.9644,0,0,0,0
02/02/2009 04:00,2,2,1,4,0,1.1,62,0,0,2.07703e+07,21.9644,21.9644,21.9644,21.9644,0,0,0,0
02/02/2009 05:00,2,2,1,5,0,0.6,64,0,0,2.07703e+07,21.9644,21.9644,21.9644,21.9644,0,0,0,0
02/02/2009 06:00,2,2,1,6,0,0,67,0,0,2.23312e+07,21.9644,21.9644,21.9644,21.9644,0,0,0,0
02/02/2009 07:00,2,2,1,7,0,0.6,61,1.01624e+06,0,2.4621e+07,18.0463,18.0463,18.1926,16.7441,0.022011,0.0249942,96996.6,979836
02/02/2009 08:00,2,2,1,8,0,1.1,57,0,0,2.60045e+07,15.8044,15.8044,15.8044,15.8044,0,0,0,0
02/02/2009 09:00,2,2,1,9,0,3.9,48,0,2.14739e+06,5.44248e+07,19.9515,19.9515,20.0489,16.793,0.00421906,0.129491,43331.7,7.25326e+06
02/02/2009 10:00,2,2,1,10,0,5.6,40,0,2.98589e+06,5.54493e+07,21.8325,21.8325,21.8325,16.8904,0,0.188678,0,1.40335e+07
02/02/2009 11:00,2,2,1,11,0,7.2,32,0,3.84074e+06,5.65068e+07,21.827,21.827,21.827,16.8904,0,0.248641,0,1.84716e+07
02/02/2009 12:00,2,2,1,12,0,8.3,29,0,3.76248e+06,5.64165e+07,21.8619,21.8619,21.8619,16.8904,0,0.245416,0,1.83605e+07
02/02/2009 13:00,2,2,1,13,0,10,27,0,3.13936e+06,5.12248e+07,21.8738,21.8738,21.8738,16.8904,0,0.202071,0,1.51541e+07
02/02/2009 14:00,2,2,1,14,0,10.6,26,0,4.46405e+06,5.72658e+07,21.8736,21.8736,21.8736,16.8904,0,0.288957,0,2.16695e+07
02/02/2009 15:00,2,2,1,15,0,11.1,27,0,5.14849e+06,5.80954e+07,21.8948,21.8948,21.8948,16.8904,0,0.331405,0,2.49584e+07
02/02/2009 16:00,2,2,1,16,0,11.1,27,0,5.04127e+06,5.79555e+07,21.9252,21.9252,21.9252,16.8904,0,0.321566,0,2.43644e+07
02/02/2009 17:00,2,2,1,17,0,9.4,29,0,4.67813e+06,5.75055e+07,21.9604,21.9604,21.9604,16.8904,0,0.295976,0,2.25819e+07
02/02/2009 18:00,2,2,1,18,0,7.8,34,0,963367,3.30876e+07,21.9996,21.9996,21.9996,16.8904,0,0.0560797,0,4.31176e+06
02/02/2009 19:00,2,2,1,19,0,4.4,47,0,0,2.28739e+07,22.0182,22.0182,22.0182,22.0182,0,0,0,0
02/02/2009 20:00,2,2,1,20,0,3.9,45,0,0,2.28739e+07,22.0182,22.0182,22.0182,22.0182,0,0,0,0
02/02/2009 21:00,2,2,1,21,0,1.1,70,0,0,1.97521e+07,22.0182,22.0182,22.0182,22.0182,0,0,0,0
02/02/2009 22:00,2,2,1,22,0,0,72,0,0,1.97521e+07,22.0182,22.0182,22.0182,22.0182,0,0,0,0
02/02/2009 23:00,2,2,1,23,0,-0.6,75,0,0,1.69425e+07,22.0182,22.0182,22.0182,22.0182,0,0,0,0
02/03/2009 00:00,2,3,2,0,0,-1.1,78,0,0,1.53816e+07,22.0182,22.0182,22.0182,22.0182,0,0,0,0
02/03/2009 01:00,2,3,2,1,0,-1.7,82,0,0,2.07703e+07,22.0182,22.0182,22.0182,22.0182,0,0,0,0
02/03/2009 02:00,2,3,2,2,0,-1.7,82,0,0,2.07703e+07,22.0182,22.0182,22.0182,22.0182,0,0,0,0
02/03/2009 03:00,2,3,2,3,0,-1.1,66,0,0,2.07703e+07,22.0182,22.0182,22.0182,22.0182,0,0,0,0
02/03/2009 04:00,2,3,2,4,0,-2.2,78,0,0,2.07703e+07,22.0182,22.0182,22.0182,22.0182,0,0,0,0
02/03/2009 05:00,2,3,2,5,0,-2.2,78,0,0,2.07703e+07,22.0182,22.0182,22.0182,22.0182,0,0,0,0
02/03/2009 06:00,2,3,2,6,0,-3.3,88,0,0,2.23312e+07,22.0182,22.0182,22.0182,22.0182,0,0,0,0
02/03/2009 07:00,2,3,2,7,0,-1.1,72,2.918e+06,0,2.69146e+07,15.3322,15.3322,17.0669,15.1557,0.0937946,0.0685044,3.40925e+06,728168
02/03/2009 08:00,2,3,2,8,0,-0.6,61,877322,0,2.70319e+07,14.0807,14.0807,16.8904,14.0807,0.0441229,0,1.86739e+06,0
02/03/2009 09:00,2,3,2,9,0,3.3,57,0,637168,5.25866e+07,16.6013,16.6013,17.1984,15.8893,0.0151307,0.0214706,264756,521466
02/03/2009 10:00,2,3,2,10,0,6.7,40,0,1.05766e+06,5.30899e+07,20.7981,20.7981,20.7981,16.8904,0,0.0610611,0,3.749e+06
02/03/2009 11:00,2,3,2,11,0,8.9,34,0,2.40121e+06,5.47283e+07,21.9515,21.9515,21.9515,16.8904,0,0.148341,0,1.13016e+07
02/03/2009 12:00,2,3,2,12,0,11.7,30,0,2.87962e+06,5.53345e+07,22.0345,22.0345,22.0345,16.8904,0,0.186411,0,1.44305e+07
02/03/2009 13:00,2,3,2,13,0,12.8,27,0,2.69932e+06,5.06924e+07,22.0183,22.0183,22.0183,16.8904,0,0.174561,0,1.34705e+07
02/03/2009 14:00,2,3,2,14,0,12.8,29,0,3.5694e+06,5.61851e+07,22.0201,22.0201,22.0201,16.8904,0,0.23409,0,1.80705e+07
02/03/2009 15:00,2,3,2,15,0,12.8,34,0,4.26913e+06,5.7023e+07,22.0362,22.0362,22.0362,16.8904,0,0.274398,0,2.12485e+07
02/03/2009 16:00,2,3,2,16,0,11.7,38,0,4.57885e+06,5.74008e+07,22.0539,22.0539,22.0539,16.8904,0,0.29404,0,2.28478e+07
02/03/2009 17:00,2,3,2,17,0,10.6,43,0,3.46182e+06,5.60209e+07,22.0662,22.0662,22.0662,16.8904,0,0.216884,0,1.68927e+07
02/03/2009 18:00,2,3,2,18,0,8.9,50,0,576075,3.26259e+07,22.0851,22.0851,22.0851,16.8904,0,0.0339431,0,2.65346e+06
02/03/2009 19:00,2,3,2,19,0,8.3,56,0,0,2.28739e+07,22.097,22.097,22.097,22.097,0,0,0,0
02/03/2009 20:00,2,3,2,20,0,7.8,61,0,0,2.28739e+07,22.097,22.097,22.097,22.097,0,0,0,0
02/03/2009 21:00,2,3,2,21,0,7.8,63,0,0,1.97521e+07,22.097,22.097,22.097,22.097,0,0,0,0
02/03/2009 22:00,2,3,2,22,0,7.8,66,0,0,1.97521e+07,22.097,22.097,22.097,22.097,0,0,0,0
02/03/2009 23:00,2,3,2,23,0,7.8,68,0,0,1.69425e+07,22.097,22.097,22.097,22.097,0,0,0,0
02/04/2009 00:00,2,4,3,0,0,7.8,74,0,0,1.53816e+07,22.097,22.097,22.097,22.097,0,0,0,0
02/04/2009 01:00,2,4,3,1,0,7.8,74,0,0,1.42679e+07,22.097,22.097,22.097,22.097,0,0,0,0
02/04/2009 02:00,2,4,3,2,0,7.8,77,0,0,1.42679e+07,22.097,22.097,22.097,22.097,0,0,0,0
02/04/2009 03:00,2,4,3,3,0,7.8,80,0,0,1.42679e+07,22.097,22.097,22.097,22.097,0,0,0,0
02/04/2009 04:00,2,4,3,4,0,7.2,93,0,0,1.42679e+07,22.097,22.097,22.097,22.097,0,0,0,0
02/04/2009 05:00,2,4,3,5,0,7.2,93,0,0,1.42679e+07,22.097,22.097,22.097,22.097,0,0,0,0
02/04/2009 06:00,2,4,3,6,0,7.8,93,0,0,1.42679e+07,22.097,22.097,22.097,22.097,0,0,0,0
02/04/2009 07:00,2,4,3,7,0,7.8,100,0,0,1.53816e+07,22.097,22.097,22.097,22.097,0,0,0,0
02/04/2009 08:00,2,4,3,8,0,8.9,93,0,0,1.20098e+07,22.097,22.097,22.097,22.097,0,0,0,0
02/04/2009 09:00,2,4,3,9,0,8.9,93,0,0,1.20098e+07,22.097,22.097,22.097,22.097,0,0,0,0
02/04/2009 10:00,2,4,3,10,0,8.9,93,0,0,1.20098e+07,22.097,22.097,22.097,22.097,0,0,0,0
02/04/2009 11:00,2,4,3,11,0,10.6,90,0,0,1.20098e+07,22.097,22.097,22.097,22.097,0,0,0,0
02/04/2009 12:00,2,4,3,12,0,11.1,86,0,0,1.20098e+07,22.097,22.097,22.097,22.097,0,0,0,0
02/04/2009 13:00,2,4,3,13,0,12.2,75,0,0,1.20098e+07,22.097,22.097,22.097,22.097,0,0,0,0
02/04/2009 14:00,2,4,3,14,0,12.8,67,0,0,1.20098e+07,22.097,22.097,22.097,22.097,0,0,0,0
02/04/2009 15:00,2,4,3,15,0,13.3,60,0,0,1.20098e+07,22.097,22.097,22.097,22.097,0,0,0,0
02/04/2009 16:00,2,4,3,16,0,12.8,57,0,0,1.20098e+07,22.097,22.097,22.097,22.097,0,0,0,0
02/04/2009 17:00,2,4,3,17,0,11.7,69,0,0,1.20098e+07,22.097,22.097,22.097,22.097,0,0,0,0
02/04/2009 18:00,2,4,3,18,0,10.6,83,0,0,1.20098e+07,22.097,22.097,22.097,22.097,0,0,0,0
02/04/2009 19:00,2,4,3,19,0,10,86,0,0,1.53816e+07,22.097,22.097,22.097,22.097,0,0,0,0
02/04/2009 20:00,2,4,3,20,0,9.4,89,0,0,1.53816e+07,22.097,22.097,22.097,22.097,0,0,0,0
02/04/2009 21:00,2,4,3,21,0,8.9,86,0,0,1.53816e+07,22.097,22.097,22.097,22.097,0,0,0,0
02/04/2009 22:00,2,4,3,22,0,8.3,86,0,0,1.53816e+07,22.097,22.097,22.097,22.097,0,0,0,0
02/04/2009 23:00,2,4,3,23,0,8.3,80,0,0,1.53816e+07,22.097,22.097,22.097,22.097,0,0,0,0
02/05/2009 00:00,2,5,4,0,0,8.3,83,0,0,1.53816e+07,22.097,22.097,22.097,22.097,0,0,0,0
02/05/2009 01:00,2,5,4,1,0,7.8,93,0,0,1.42679e+07,22.097,22.097,22.097,22.097,0,0,0,0
02/05/2009 02:00,2,5,4,2,0,8.3,89,0,0,1.42679e+07,22.097,22.097,22.097,22.097,0,0,0,0
02/05/2009 03:00,2,5,4,3,0,7.8,89,0,0,1.42679e+07,22.097,22.097,22.097,22.097,0,0,0,0
02/05/2009 04:00,2,5,4,4,0,7.8,93,0,0,1.42679e+07,22.097,22.097,22.097,22.097,0,0,0,0
02/05/2009 05:00,2,5,4,5,0,7.8,93,0,0,1.42679e+07,22.097,22.097,22.097,22.097,0,0,0,0
02/05/2009 06:00,2,5,4,6,0,7.8,93,0,0,1.42679e+07,22.097,22.097,22.097,22.097,0,0,0,0
02/05/2009 07:00,2,5,4,7,0,7.2,93,0,0,1.53816e+07,22.097,22.097,22.097,22.097,0,0,0,0
02/05/2009 08:00,2,5,4,8,0,7.2,96,0,0,1.20098e+07,22.097,22.097,22.097,22.097,0,0,0,0
02/05/2009 09:00,2,5,4,9,0,7.2,96,0,0,1.20098e+07,22.097,22.097,22.097,22.097,0,0,0,0
02/05/2009 10:00,2,5,4,10,0,6.7,96,0,0,1.20098e+07,22.097,22.097,22.097,22.097,0,0,0,0
02/05/2009 11:00,2,5,4,11,0,6.1,96,0,0,1.20098e+07,22.097,22.097,22.097,22.097,0,0,0,0
02/05/2009 12:00,2,5,4,12,0,6.7,93,0,0,1.20098e+07,22.097,22.097,22.097,22.097,0,0,0,0
02/05/2009 13:00,2,5,4,13,0,6.1,96,0,0,1.20098e+07,22.097,22.097,22.097,22.097,0,0,0,0
02/05/2009 14:00,2,5,4,14,0,6.1,96,0,0,1.20098e+07,22.097,22.097,22.097,22.097,0,0,0,0
02/05/2009 15:00,2,5,4,15,0,6.1,96,0,0,1.20098e+07,22.097,22.097,22.097,22.097,0,0,0,0
02/05/2009 16:00,2,5,4,16,0,6.1,96,0,0,1.20098e+07,22.097,22.097,22.097,22.097,0,0,0,0
02/05/2009 17:00,2,5,4,17,0,5.6,96,0,0,1.20098e+07,22.097,22.097,22.097,22.097,0,0,0,0
02/05/2009 18:00,2,5,4,18,0,5.6,93,0,0,1.20098e+07,22.097,22.097,22.097,22.097,0,0,0,0
02/05/2009 19:00,2,5,4,19,0,5,93,0,0,1.53816e+07,22.097,22.097,22.097,22.097,0,0,0,0
02/05/2009 20:00,2,5,4,20,0,5,93,0,0,1.53816e+07,22.097,22.097,22.097,22.097,0,0,0,0
02/05/2009 21:00,2,5,4,21,0,5,93,0,0,1.53816e+07,22.097,22.097,22.097,22.097,0,0,0,0
02/05/2009 22:00,2,5,4,22,0,5,93,0,0,1.53816e+07,22.097,22.097,22.097,22.097,0,0,0,0
02/05/2009 23:00,2,5,4,23,0,5,93,0,0,1.53816e+07,22.097,22.097,22.097,22.097,0,0,0,0
02/06/2009 00:00,2,6,5,0,0,5,93,0,0,1.53816e+07,22.097,22.097,22.097,22.097,0,0,0,0
02/06/2009 01:00,2,6,5,1,0,5.6,89,0,0,2.07703e+07,22.097,22.097,22.097,22.097,0,0,0,0
02/06/2009 02:00,2,6,5,2,0,5.6,93,0,0,2.07703e+07,22.097,22.097,22.097,22.097,0,0,0,0
02/06/2009 03:00,2,6,5,3,0,5.6,93,0,0,2.07703e+07,22.097,22.097,22.097,22.097,0,0,0,0
02/06/2009 04:00,2,6,5,4,0,5.6,93,0,0,2.07703e+07,22.097,22.097,22.097,22.097,0,0,0,0
02/06/2009 05:00,2,6,5,5,0,5.6,100,0,0,2.07703e+07,22.097,22.097,22.097,22.097,0,0,0,0
02/06/2009 06:00,2,6,5,6,0,5.6,96,0,0,2.23312e+07,22.097,22.097,22.097,22.097,0,0,0,0
02/06/2009 07:00,2,6,5,7,0,5.6,96,6.46767e+06,0,3.12536e+07,14.2343,14.2343,16.8904,14.2343,0.394898,0,1.34468e+07,0
02/06/2009 08:00,2,6,5,8,0,5.6,93,4.51357e+06,0,3.14003e+07,14.0461,14.0461,16.8904,14.0461,0.259613,0,1.11283e+07,0
02/06/2009 09:00,2,6,5,9,0,5.6,96,1.40928e+06,0,5.34742e+07,14.0461,14.0461,16.8904,14.0461,0.0700714,0,3.0036e+06,0
02/06/2009 10:00,2,6,5,10,0,6.7,89,0,0,5.18266e+07,14.0461,14.0461,14.0461,14.0461,0,0,0,0
02/06/2009 11:00,2,6,5,11,0,6.7,89,0,0,5.18266e+07,14.0461,14.0461,14.0461,14.0461,0,0,0,0
02/06/2009 12:00,2,6,5,12,0,7.2,100,0,0,5.18266e+07,14.0461,14.0461,14.0461,14.0461,0,0,0,0
02/06/2009 13:00,2,6,5,13,0,8.9,86,0,0,4.74043e+07,14.0461,14.0461,14.0461,14.0461,0,0,0,0
02/06/2009 14:00,2,6,5,14,0,11.1,80,0,0,5.18266e+07,14.0461,14.0461,14.0461,14.0461,0,0,0,0
02/06/2009 15:00,2,6,5,15,0,11.1,77,0,0,5.18266e+07,14.0461,14.0461,14.0461,14.0461,0,0,0,0
02/06/2009 16:00,2,6,5,16,0,11.7,74,0,0,5.18266e+07,14.0461,14.0461,14.0461,14.0461,0,0,0,0
02/06/2009 17:00,2,6,5,17,0,11.7,77,0,0,5.18266e+07,14.0461,14.0461,14.0461,14.0461,0,0,0,0
02/06/2009 18:00,2,6,5,18,0,11.7,77,0,0,3.1936e+07,14.0461,14.0461,14.0461,14.0461,0,0,0,0
02/06/2009 19:00,2,6,5,19,0,11.1,80,329724,0,2.32443e+07,14.0466,14.0466,15.9423,14.0466,0.011942,0,511730,0
02/06/2009 20:00,2,6,5,20,0,10,89,0,0,2.28739e+07,14.047,14.047,14.047,14.047,0,0,0,0
02/06/2009 21:00,2,6,5,21,0,10.6,83,0,0,1.97521e+07,14.047,14.047,14.047,14.047,0,0,0,0
02/06/2009 22:00,2,6,5,22,0,10.6,86,0,0,1.97521e+07,14.047,14.047,14.047,14.047,0,0,0,0
02/06/2009 23:00,2,6,5,23,0,10.6,90,0,0,1.69425e+07,14.047,14.047,14.047,14.047,0,0,0,0
02/07/2009 00:00,2,7,6,0,0,10,93,0,0,1.53816e+07,14.047,14.047,14.047,14.047,0,0,0,0
02/07/2009 01:00,2,7,6,1,0,10,93,0,0,2.07703e+07,14.047,14.047,14.047,14.047,0,0,0,0
02/07/2009 02:00,2,7,6,2,0,10,93,0,0,2.07703e+07,14.047,14.047,14.047,14.047,0,0,0,0
02/07/2009 03:00,2,7,6,3,0,10,93,0,0,2.07703e+07,14.047,14.047,14.047,14.047,0,0,0,0
02/07/2009 04:00,2,7,6,4,0,10,96,0,0,2.07703e+07,14.047,14.047,14.047,14.047,0,0,0,0
02/07/2009 05:00,2,7,6,5,0,9.4,100,0,0,2.07703e+07,14.047,14.047,14.047,14.047,0,0,0,0
02/07/2009 06:00,2,7,6,6,0,9.4,100,0,0,2.23312e+07,14.047,14.047,14.047,14.047,0,0,0,0
02/07/2009 07:00,2,7,6,7,0,10,100,1.62029e+06,0,2.53498e+07,14.0173,14.0173,16.8904,14.0173,0.083742,0,3.62165e+06,0
02/07/2009 08:00,2,7,6,8,0,10,100,599931,0,2.66808e+07,14.035,14.035,16.8904,14.035,0.0224081,0,964250,0
02/07/2009 09:00,2,7,6,9,0,11.1,96,0,0,5.18266e+07,14.0384,14.0384,14.0384,14.0384,0,0,0,0
02/07/2009 10:00,2,7,6,10,0,11.7,93,0,0,5.18266e+07,14.0384,14.0384,14.0384,14.0384,0,0,0,0
02/07/2009 11:00,2,7,6,11,0,12.8,90,0,335424,5.22223e+07,15.6289,15.6289,16.8904,15.6289,0.0180061,0,215329,0
02/07/2009 12:00,2,7,6,12,0,13.9,87,0,876551,5.28821e+07,20.313,20.313,20.313,16.8904,0,0.0533743,0,2.76155e+06
02/07/2009 13:00,2,7,6,13,0,16.1,75,0,468139,4.79614e+07,22.0574,22.0574,22.0574,16.8904,0,0.0265291,0,2.06149e+06
02/07/2009 14:00,2,7,6,14,0,17.8,70,0,1.63765e+06,5.38101e+07,22.4767,22.4767,22.4767,16.8904,0,0.103066,0,8.66735e+06
02/07/2009 15:00,2,7,6,15,0,18.9,68,0,2.02976e+06,5.42731e+07,22.4852,22.4852,22.4852,16.8904,0,0.124127,0,1.04519e+07
02/07/2009 16:00,2,7,6,16,0,19.4,66,0,2.88655e+06,5.52978e+07,22.4003,22.4003,22.4003,16.8904,0,0.173536,0,1.43885e+07
02/07/2009 17:00,2,7,6,17,0,19.4,66,0,3.7477e+06,5.6351e+07,22.3658,22.3658,22.3658,16.8904,0,0.229956,0,1.8947e+07
02/07/2009 18:00,2,7,6,18,0,17.8,73,0,340622,3.23385e+07,22.3435,22.3435,22.3435,16.8904,0,0.0184467,0,1.51367e+06
02/07/2009 19:00,2,7,6,19,0,15.6,84,0,0,2.28739e+07,22.3307,22.3307,22.3307,22.3307,0,0,0,0
02/07/2009 20:00,2,7,6,20,0,14.4,87,0,0,2.28739e+07,22.3307,22.3307,22.3307,22.3307,0,0,0,0
02/07/2009 21:00,2,7,6,21,0,13.3,90,0,0,1.97521e+07,22.3307,22.3307,22.3307,22.3307,0,0,0,0
02/07/2009 22:00,2,7,6,22,0,12.2,90,0,0,1.97521e+07,22.3307,22.3307,22.3307,22.3307,0,0,0,0
02/07/2009 23:00,2,7,6,23,0,11.7,93,0,0,1.69425e+07,22.3307,22.3307,22.3307,22.3307,0,0,0,0
02/08/2009 00:00,2,8,0,0,0,11.7,86,0,0,1.53816e+07,22.3307,22.3307,22.3307,22.3307,0,0,0,0
02/08/2009 01:00,2,8,0,1,0,10.6,86,0,0,2.07703e+07,22.3307,22.3307,22.3307,22.3307,0,0,0,0
02/08/2009 02:00,2,8,0,2,0,10,89,0,0,2.07703e+07,22.3307,22.3307,22.3307,22.3307,0,0,0,0
02/08/2009 03:00,2,8,0,3,0,8.9,86,0,0,2.07703e+07,22.3307,22.3307,22.3307,22.3307,0,0,0,0
02/08/2009 04:00,2,8,0,4,0,6.7,93,0,0,2.07703e+07,22.3307,22.3307,22.3307,22.3307,0,0,0,0
02/08/2009 05:00,2,8,0,5,0,6.7,93,0,0,2.07703e+07,22.3307,22.3307,22.3307,22.3307,0,0,0,0
02/08/2009 06:00,2,8,0,6,0,5,96,0,0,2.23312e+07,22.3307,22.3307,22.3307,22.3307,0,0,0,0
02/08/2009 07:00,2,8,0,7,0,8.3,96,376976,0,2.38655e+07,20.2486,20.2486,20.2486,16.8904,0,0.0128036,0,761360
02/08/2009 08:00,2,8,0,8,0,8.9,93,0,0,2.60045e+07,19.5422,19.5422,19.5422,19.5422,0,0,0,0
02/08/2009 09:00,2,8,0,9,0,9.4,89,0,687816,5.26556e+07,20.5854,20.5854,20.5854,17.4208,0,0.0421093,0,2.48199e+06
02/08/2009 10:00,2,8,0,10,0,11.1,80,0,932032,5.29516e+07,21.9826,21.9826,21.9826,16.8904,0,0.0575523,0,4.43975e+06
02/08/2009 11:00,2,8,0,11,0,13.3,67,0,3.64329e+06,5.62595e+07,22.1612,22.1612,22.1612,16.8904,0,0.233833,0,1.85364e+07
02/08/2009 12:00,2,8,0,12,0,15,60,0,3.70598e+06,5.6345e+07,22.1286,22.1286,22.1286,16.8904,0,0.240943,0,1.89935e+07
02/08/2009 13:00,2,8,0,13,0,16.7,54,0,3.33649e+06,5.14825e+07,22.0712,22.0712,22.0712,16.8904,0,0.219913,0,1.71463e+07
02/08/2009 14:00,2,8,0,14,0,17.8,50,0,5.42175e+06,5.84323e+07,22.0862,22.0862,22.0862,16.8904,0,0.350408,0,2.73983e+07
02/08/2009 15:00,2,8,0,15,0,18.3,49,0,6.88731e+06,6.02386e+07,22.109,22.109,22.109,16.8904,0,0.450093,0,3.53466e+07
02/08/2009 16:00,2,8,0,16,0,17.8,52,0,7.43528e+06,6.09146e+07,22.1006,22.1006,22.1006,16.8904,0,0.487488,0,3.82218e+07
02/08/2009 17:00,2,8,0,17,0,16.1,63,0,5.88387e+06,5.8984e+07,22.1024,22.1024,22.1024,16.8904,0,0.376198,0,2.95061e+07
02/08/2009 18:00,2,8,0,18,0,13.9,72,0,2.03722e+06,3.43898e+07,22.0626,22.0626,22.0626,16.8904,0,0.122883,0,9.56456e+06
02/08/2009 19:00,2,8,0,19,0,12.8,75,0,0,2.28739e+07,22.0509,22.0509,22.0509,22.0509,0,0,0,0
02/08/2009 20:00,2,8,0,20,0,11.7,80,0,0,2.28739e+07,22.0509,22.0509,22.0509,22.0509,0,0,0,0
02/08/2009 21:00,2,8,0,21,0,11.1,80,0,0,1.97521e+07,22.0509,22.0509,22.0509,22.0509,0,0,0,0
02/08/2009 22:00,2,8,0,22,0,10,86,0,0,1.97521e+07,22.0509,22.0509,22.0509,22.0509,0,0,0,0
02/08/2009 23:00,2,8,0,23,0,9.4,86,0,0,1.69425e+07,22.0509,22.0509,22.0509,22.0509,0,0,0,0
02/09/2009 00:00,2,9,1,0,0,7.8,89,0,0,1.53816e+07,22.0509,22.0509,22.0509,22.0509,0,0,0,0
02/09/2009 01:00,2,9,1,1,0,6.7,93,0,0,2.07703e+07,22.0509,22.0509,22.0509,22.0509,0,0,0,0
02/09/2009 02:00,2,9,1,2,0,6.1,93,0,0,2.07703e+07,22.0509,22.0509,22.0509,22.0509,0,0,0,0
02/09/2009 03:00,2,9,1,3,0,6.7,96,0,0,2.07703e+07,22.0509,22.0509,22.0509,22.0509,0,0,0,0
02/09/2009 04:00,2,9,1,4,0,7.8,96,0,0,2.07703e+07,22.0509,22.0509,22.0509,22.0509,0,0,0,0
02/09/2009 05:00,2,9,1,5,0,8.3,96,0,0,2.07703e+07,22.0509,22.0509,22.0509,22.0509,0,0,0,0
02/09/2009 06:00,2,9,1,6,0,10,93,0,0,2.23312e+07,22.0509,22.0509,22.0509,22.0509,0,0,0,0
02/09/2009 07:00,2,9,1,7,0,10.6,93,0,0,2.34449e+07,22.0509,22.0509,22.0509,22.0509,0,0,0,0
02/09/2009 08:00,2,9,1,8,0,11.1,90,0,0,2.60045e+07,22.0509,22.0509,22.0509,22.0509,0,0,0,0
02/09/2009 09:00,2,9,1,9,0,12.2,86,0,1.18304e+06,5.32512e+07,22.1056,22.1056,22.1056,16.8904,0,0.0719875,0,5.65832e+06
02/09/2009 10:00,2,9,1,10,0,14.4,81,0,1.60168e+06,5.37559e+07,22.1485,22.1485,22.1485,16.8904,0,0.0975683,0,7.71765e+06
02/09/2009 11:00,2,9,1,11,0,15.6,78,0,2.61836e+06,5.4971e+07,22.1022,22.1022,22.1022,16.8904,0,0.156095,0,1.22424e+07
02/09/2009 12:00,2,9,1,12,0,17.8,70,0,3.70018e+06,5.62948e+07,22.103,22.103,22.103,16.8904,0,0.227413,0,1.7839e+07
02/09/2009 13:00,2,9,1,13,0,20.6,66,0,3.39808e+06,5.14994e+07,22.1087,22.1087,22.1087,16.8904,0,0.206218,0,1.61937e+07
02/09/2009 14:00,2,9,1,14,0,20,68,0,4.92905e+06,5.78039e+07,22.1038,22.1038,22.1038,16.8904,0,0.309966,0,2.4318e+07
02/09/2009 15:00,2,9,1,15,0,20,71,0,5.27653e+06,5.82321e+07,22.0994,22.0994,22.0994,16.8904,0,0.33375,0,2.61618e+07
02/09/2009 16:00,2,9,1,16,0,19.4,76,0,5.5085e+06,5.85185e+07,22.0939,22.0939,22.0939,16.8904,0,0.349798,0,2.73911e+07
02/09/2009 17:00,2,9,1,17,0,18.3,81,0,5.46657e+06,5.84674e+07,22.0901,22.0901,22.0901,16.8904,0,0.347172,0,2.71654e+07
02/09/2009 18:00,2,9,1,18,0,17.2,93,0,1.25468e+06,3.34203e+07,22.0753,22.0753,22.0753,16.8904,0,0.0682522,0,5.3254e+06
02/09/2009 19:00,2,9,1,19,0,16.7,97,0,0,2.28739e+07,22.0681,22.0681,22.0681,22.0681,0,0,0,0
02/09/2009 20:00,2,9,1,20,0,17.2,93,0,0,2.28739e+07,22.0681,22.0681,22.0681,22.0681,0,0,0,0
02/09/2009 21:00,2,9,1,21,0,17.8,93,0,0,1.97521e+07,22.0681,22.0681,22.0681,22.0681,0,0,0,0
02/09/2009 22:00,2,9,1,22,0,17.2,97,0,0,1.97521e+07,22.0681,22.0681,22.0681,22.0681,0,0,0,0
02/09/2009 23:00,2,9,1,23,0,17.8,93,0,0,1.69425e+07,22.0681,22.0681,22.0681,22.0681,0,0,0,0
02/10/2009 00:00,2,10,2,0,0,18.3,93,0,0,1.53816e+07,22.0681,22.0681,22.0681,22.0681,0,0,0,0
02/10/2009 01:00,2,10,2,1,0,17.8,93,0,0,2.07703e+07,22.0681,22.0681,22.0681,22.0681,0,0,0,0
02/10/2009 02:00,2,10,2,2,0,19.4,90,0,0,2.07703e+07,22.0681,22.0681,22.0681,22.0681,0,0,0,0
02/10/2009 03:00,2,10,2,3,0,20,90,0,0,2.07703e+07,22.0681,22.0681,22.0681,22.0681,0,0,0,0
02/10/2009 04:00,2,10,2,4,0,20,90,0,0,2.07703e+07,22.0681,22.0681,22.0681,22.0681,0,0,0,0
02/10/2009 05:00,2,10,2,5,0,15.6,90,0,0,2.07703e+07,22.0681,22.0681,22.0681,22.0681,0,0,0,0
02/10/2009 06:00,2,10,2,6,0,15,90,0,0,2.23312e+07,22.0681,22.0681,22.0681,22.0681,0,0,0,0
02/10/2009 07:00,2,10,2,7,0,15,93,0,0,2.34449e+07,22.0681,22.0681,22.0681,22.0681,0,0,0,0
02/10/2009 08:00,2,10,2,8,0,15,90,0,133287,2.61552e+07,22.0701,22.0701,22.0701,16.8904,0,0.00518101,0,403924
02/10/2009 09:00,2,10,2,9,0,17.2,84,0,4.99733e+06,5.78935e+07,22.1338,22.1338,22.1338,16.8904,0,0.316109,0,2.49642e+07
02/10/2009 10:00,2,10,2,10,0,18.9,76,0,5.69278e+06,5.87444e+07,22.1404,22.1404,22.1404,16.8904,0,0.362023,0,2.86011e+07
02/10/2009 11:00,2,10,2,11,0,21.7,73,0,8.3545e+06,6.20595e+07,22.1154,22.1154,22.1154,16.8904,0,0.554683,0,4.36154e+07
02/10/2009 12:00,2,10,2,12,0,23.9,56,0,8.59109e+06,6.23607e+07,22.0699,22.0699,22.0699,16.8904,0,0.574055,0,4.47474e+07
02/10/2009 13:00,2,10,2,13,0,25,37,0,7.74533e+06,5.68935e+07,22.0221,22.0221,22.0221,16.8904,0,0.515279,0,3.9795e+07
02/10/2009 14:00,2,10,2,14,0,25.6,35,0,9.15024e+06,6.30629e+07,22.0031,22.0031,22.0031,16.8904,0,0.616294,0,4.74168e+07
02/10/2009 15:00,2,10,2,15,0,25.6,36,0,9.82536e+06,6.38987e+07,21.9964,21.9964,21.9964,16.8904,0,0.66308,0,5.09497e+07
02/10/2009 16:00,2,10,2,16,0,23.9,39,0,1.01465e+07,6.42983e+07,21.9922,21.9922,21.9922,16.8904,0,0.685911,0,5.26612e+07
02/10/2009 17:00,2,10,2,17,0,21.1,49,0,9.32079e+06,6.32602e+07,21.9832,21.9832,21.9832,16.8904,0,0.623275,0,4.77676e+07
02/10/2009 18:00,2,10,2,18,0,14.4,58,0,4.08956e+06,3.68854e+07,21.9753,21.9753,21.9753,16.8904,0,0.253746,0,1.94169e+07
02/10/2009 19:00,2,10,2,19,0,9.4,61,0,0,2.28739e+07,21.9721,21.9721,21.9721,21.9721,0,0,0,0
02/10/2009 20:00,2,10,2,20,0,6.7,63,0,0,2.28739e+07,21.9721,21.9721,21.9721,21.9721,0,0,0,0
02/10/2009 21:00,2,10,2,21,0,3.9,62,0,0,1.97521e+07,21.9721,21.9721,21.9721,21.9721,0,0,0,0
02/10/2009 22:00,2,10,2,22,0,1.7,64,0,0,1.97521e+07,21.9721,21.9721,21.9721,21.9721,0,0,0,0
02/10/2009 23:00,2,10,2,23,0,0,64,0,0,1.69425e+07,21.9721,21.9721,21.9721,21.9721,0,0,0,0
02/11/2009 00:00,2,11,3,0,0,-1.1,66,0,0,1.53816e+07,21.9721,21.9721,21.9721,21.9721,0,0,0,0
02/11/2009 01:00,2,11,3,1,0,-2.2,72,0,0,1.42679e+07,21.9721,21.9721,21.9721,21.9721,0,0,0,0
02/11/2009 02:00,2,11,3,2,0,-3.3,69,0,0,1.42679e+07,21.9721,21.9721,21.9721,21.9721,0,0,0,0
02/11/2009 03:00,2,11,3,3,0,-3.9,63,0,0,1.42679e+07,21.9721,21.9721,21.9721,21.9721,0,0,0,0
02/11/2009 04:00,2,11,3,4,0,-4.4,60,0,0,1.42679e+07,21.9721,21.9721,21.9721,21.9721,0,0,0,0
02/11/2009 05:00,2,11,3,5,0,-5.6,57,0,0,1.42679e+07,21.9721,21.9721,21.9721,21.9721,0,0,0,0
02/11/2009 06:00,2,11,3,6,0,-6.1,57,0,0,1.42679e+07,21.9721,21.9721,21.9721,21.9721,0,0,0,0
02/11/2009 07:00,2,11,3,7,0,-6.1,55,0,0,1.53816e+07,21.9721,21.9721,21.9721,21.9721,0,0,0,0
02/11/2009 08:00,2,11,3,8,0,-6.1,52,0,0,1.20098e+07,21.9721,21.9721,21.9721,21.9721,0,0,0,0
02/11/2009 09:00,2,11,3,9,0,-4.4,44,0,0,1.20098e+07,21.9721,21.9721,21.9721,21.9721,0,0,0,0
02/11/2009 10:00,2,11,3,10,0,-3.3,39,0,0,1.20098e+07,21.9721,21.9721,21.9721,21.9721,0,0,0,0
02/11/2009 11:00,2,11,3,11,0,-1.7,34,0,0,1.20098e+07,21.9721,21.9721,21.9721,21.9721,0,0,0,0
02/11/2009 12:00,2,11,3,12,0,0.6,30,0,0,1.20098e+07,21.9721,21.9721,21.9721,21.9721,0,0,0,0
02/11/2009 13:00,2,11,3,13,0,1.7,28,0,0,1.20098e+07,21.9721,21.9721,21.9721,21.9721,0,0,0,0
02/11/2009 14:00,2,11,3,14,0,3.3,27,0,0,1.20098e+07,21.9721,21.9721,21.9721,21.9721,0,0,0,0
02/11/2009 15:00,2,11,3,15,0,3.9,26,0,0,1.20098e+07,21.9721,21.9721,21.9721,21.9721,0,0,0,0
02/11/2009 16:00,2,11,3,16,0,3.9,26,0,0,1.20098e+07,21.9721,21.9721,21.9721,21.9721,0,0,0,0
02/11/2009 17:00,2,11,3,17,0,3.3,26,0,0,1.20098e+07,21.9721,21.9721,21.9721,21.9721,0,0,0,0
02/11/2009 18:00,2,11,3,18,0,1.7,31,0,0,1.20098e+07,21.9721,21.9721,21.9721,21.9721,0,0,0,0
02/11/2009 19:00,2,11,3,19,0,-0.6,36,0,0,1.53816e+07,21.9721,21.9721,21.9721,21.9721,0,0,0,0
02/11/2009 20:00,2,11,3,20,0,-1.1,38,0,0,1.53816e+07,21.9721,21.9721,21.9721,21.9721,0,0,0,0
02/11/2009 21:00,2,11,3,21,0,-1.7,43,0,0,1.53816e+07,21.9721,21.9721,21.9721,21.9721,0,0,0,0
02/11/2009 22:00,2,11,3,22,0,-2.8,51,0,0,1.53816e+07,21.9721,21.9721,21.9721,21.9721,0,0,0,0
02/11/2009 23:00,2,11,3,23,0,-2.8,55,0,0,1.53816e+07,21.9721,21.9721,21.9721,21.9721,0,0,0,0
02/12/2009 00:00,2,12,4,0,0,-2.2,56,0,0,1.53816e+07,21.9721,21.9721,21.9721,21.9721,0,0,0,0
02/12/2009 01:00,2,12,4,1,0,-2.8,61,0,0,1.42679e+07,21.9721,21.9721,21.9721,21.9721,0,0,0,0
02/12/2009 02:00,2,12,4,2,0,-3.3,63,0,0,1.42679e+07,21.9721,21.9721,21.9721,21.9721,0,0,0,0
02/12/2009 03:00,2,12,4,3,0,-3.9,66,0,0,1.42679e+07,21.9721,21.9721,21.9721,21.9721,0,0,0,0
02/12/2009 04:00,2,12,4,4,0,-4.4,66,0,0,1.42679e+07,21.9721,21.9721,21.9721,21.9721,0,0,0,0
02/12/2009 05:00,2,12,4,5,0,-3.9,60,0,0,1.42679e+07,21.9721,21.9721,21.9721,21.9721,0,0,0,0
02/12/2009 06:00,2,12,4,6,0,-4.4,63,0,0,1.42679e+07,21.9721,21.9721,21.9721,21.9721,0,0,0,0
02/12/2009 07:00,2,12,4,7,0,-4.4,66,0,0,1.53816e+07,21.9721,21.9721,21.9721,21.9721,0,0,0,0
02/12/2009 08:00,2,12,4,8,0,-2.8,61,0,0,1.20098e+07,21.9721,21.9721,21.9721,21.9721,0,0,0,0
02/12/2009 09:00,2,12,4,9,0,-0.6,45,0,0,1.20098e+07,21.9721,21.9721,21.9721,21.9721,0,0,0,0
02/12/2009 10:00,2,12,4,10,0,3.3,31,0,0,1.20098e+07,21.9721,21.9721,21.9721,21.9721,0,0,0,0
02/12/2009 11:00,2,12,4,11,0,4.4,28,0,0,1.20098e+07,21.9721,21.9721,21.9721,21.9721,0,0,0,0
02/12/2009 12:00,2,12,4,12,0,6.1,24,0,0,1.20098e+07,21.9721,21.9721,21.9721,21.9721,0,0,0,0
02/12/2009 13:00,2,12,4,13,0,6.7,25,0,0,1.20098e+07,21.9721,21.9721,21.9721,21.9721,0,0,0,0
02/12/2009 14:00,2,12,4,14,0,7.8,25,0,0,1.20098e+07,21.9721,21.9721,21.9721,21.9721,0,0,0,0
02/12/2009 15:00,2,12,4,15,0,7.8,27,0,0,1.20098e+07,21.9721,21.9721,21.9721,21.9721,0,0,0,0
02/12/2009 16:00,2,12,4,16,0,7.8,29,0,0,1.20098e+07,21.9721,21.9721,21.9721,21.9721,0,0,0,0
02/12/2009 17:00,2,12,4,17,0,6.7,30,0,0,1.20098e+07,21.9721,21.9721,21.9721,21.9721,0,0,0,0
02/12/2009 18:00,2,12,4,18,0,5.6,33,0,0,1.20098e+07,21.9721,21.9721,21.9721,21.9721,0,0,0,0
02/12/2009 19:00,2,12,4,19,0,3.9,39,0,0,1.53816e+07,21.9721,21.9721,21.9721,21.9721,0,0,0,0
02/12/2009 20:00,2,12,4,20,0,2.8,44,0,0,1.53816e+07,21.9721,21.9721,21.9721,21.9721,0,0,0,0
02/12/2009 21:00,2,12,4,21,0,2.8,42,0,0,1.53816e+07,21.9721,21.9721,21.9721,21.9721,0,0,0,0
02/12/2009 22:00,2,12,4,22,0,3.3,44,0,0,1.53816e+07,21.9721,21.9721,21.9721,21.9721,0,0,0,0
02/12/2009 23:00,2,12,4,23,0,2.2,50,0,0,1.53816e+07,21.9721,21.9721,21.9721,21.9721,0,0,0,0
02/13/2009 00:00,2,13,5,0,0,2.2,44,0,0,1.53816e+07,21.9721,21.9721,21.9721,21.9721,0,0,0,0
02/13/2009 01:00,2,13,5,1,0,0.6,54,0,0,2.07703e+07,21.9721,21.9721,21.9721,21.9721,0,0,0,0
02/13/2009 02:00,2,13,5,2,0,0.6,56,0,0,2.07703e+07,21.9721,21.9721,21.9721,21.9721,0,0,0,0
02/13/2009 03:00,2,13,5,3,0,2.8,46,0,0,2.07703e+07,21.9721,21.9721,21.9721,21.9721,0,0,0,0
02/13/2009 04:00,2,13,5,4,0,3.3,39,0,0,2.07703e+07,21.9721,21.9721,21.9721,21.9721,0,0,0,0
02/13/2009 05:00,2,13,5,5,0,2.8,42,0,0,2.07703e+07,21.9721,21.9721,21.9721,21.9721,0,0,0,0
02/13/2009 06:00,2,13,5,6,0,2.8,42,0,0,2.23312e+07,21.9721,21.9721,21.9721,21.9721,0,0,0,0
02/13/2009 07:00,2,13,5,7,0,2.2,44,8.92854e+06,0,3.40876e+07,14.1724,14.1724,16.8904,14.1724,0.504835,0,1.83335e+07,0
02/13/2009 08:00,2,13,5,8,0,2.8,41,6.00676e+06,0,3.32004e+07,14.0462,14.0462,16.8904,14.0462,0.350136,0,1.50075e+07,0
02/13/2009 09:00,2,13,5,9,0,3.9,39,2.63602e+06,0,5.49522e+07,14.0463,14.0463,16.8904,14.0463,0.144031,0,6.17344e+06,0
02/13/2009 10:00,2,13,5,10,0,6.1,32,1.05e+06,0,5.30548e+07,14.0462,14.0462,16.8904,14.0462,0.0524131,0,2.24654e+06,0
02/13/2009 11:00,2,13,5,11,0,7.8,27,219701,0,5.20688e+07,14.0462,14.0462,16.8904,14.0462,0.00666582,0,285712,0
02/13/2009 12:00,2,13,5,12,0,10,24,0,0,5.18266e+07,14.0462,14.0462,14.0462,14.0462,0,0,0,0
02/13/2009 13:00,2,13,5,13,0,11.7,22,0,0,4.74043e+07,14.0462,14.0462,14.0462,14.0462,0,0,0,0
02/13/2009 14:00,2,13,5,14,0,12.2,21,0,0,5.18266e+07,14.0462,14.0462,14.0462,14.0462,0,0,0,0
02/13/2009 15:00,2,13,5,15,0,13.3,21,0,0,5.18266e+07,14.0462,14.0462,14.0462,14.0462,0,0,0,0
02/13/2009 16:00,2,13,5,16,0,12.8,22,0,0,5.18266e+07,14.0462,14.0462,14.0462,14.0462,0,0,0,0
02/13/2009 17:00,2,13,5,17,0,12.2,23,0,0,5.18266e+07,14.0462,14.0462,14.0462,14.0462,0,0,0,0
02/13/2009 18:00,2,13,5,18,0,11.7,26,0,0,3.1936e+07,14.0462,14.0462,14.0462,14.0462,0,0,0,0
02/13/2009 19:00,2,13,5,19,0,8.3,36,1.04675e+06,0,2.40952e+07,14.0475,14.0475,16.8904,14.0475,0.0513271,0,2.19883e+06,0
02/13/2009 20:00,2,13,5,20,0,6.7,45,0,0,2.28739e+07,14.0472,14.0472,14.0472,14.0472,0,0,0,0
02/13/2009 21:00,2,13,5,21,0,4.4,60,0,0,1.97521e+07,14.0472,14.0472,14.0472,14.0472,0,0,0,0
02/13/2009 22:00,2,13,5,22,0,3.3,62,0,0,1.97521e+07,14.0472,14.0472,14.0472,14.0472,0,0,0,0
02/13/2009 23:00,2,13,5,23,0,3.3,62,0,0,1.69425e+07,14.0472,14.0472,14.0472,14.0472,0,0,0,0
02/14/2009 00:00,2,14,6,0,0,3.3,65,0,0,1.53816e+07,14.0472,14.0472,14.0472,14.0472,0,0,0,0
02/14/2009 01:00,2,14,6,1,0,3.3,65,0,0,2.07703e+07,14.0472,14.0472,14.0472,14.0472,0,0,0,0
02/14/2009 02:00,2,14,6,2,0,3.3,62,0,0,2.07703e+07,14.0472,14.0472,14.0472,14.0472,0,0,0,0
02/14/2009 03:00,2,14,6,3,0,2.8,67,0,0,2.07703e+07,14.0472,14.0472,14.0472,14.0472,0,0,0,0
02/14/2009 04:00,2,14,6,4,0,2.8,65,0,0,2.07703e+07,14.0472,14.0472,14.0472,14.0472,0,0,0,0
02/14/2009 05:00,2,14,6,5,0,2.8,65,0,0,2.07703e+07,14.0472,14.0472,14.0472,14.0472,0,0,0,0
02/14/2009 06:00,2,14,6,6,0,1.7,73,0,0,2.23312e+07,14.0472,14.0472,14.0472,14.0472,0,0,0,0
02/14/2009 07:00,2,14,6,7,0,1.7,73,4.98321e+06,0,2.94364e+07,14.0064,14.0064,16.8904,14.0064,0.29672,0,1.29153e+07,0
02/14/2009 08:00,2,14,6,8,0,2.2,67,2.99432e+06,0,2.95616e+07,14.046,14.046,16.8904,14.046,0.165586,0,7.09802e+06,0
02/14/2009 09:00,2,14,6,9,0,6.1,47,0,0,5.18266e+07,14.046,14.046,14.046,14.046,0,0,0,0
02/14/2009 10:00,2,14,6,10,0,8.3,39,0,0,5.18266e+07,14.046,14.046,14.046,14.046,0,0,0,0
02/14/2009 11:00,2,14,6,11,0,10.6,31,0,81278.3,5.19187e+07,14.3696,14.3696,15.7527,14.3696,0.00322427,0,119542,0
02/14/2009 12:00,2,14,6,12,0,12.8,28,0,417610,5.23246e+07,16.6254,16.6254,17.6083,15.8128,0.0200937,0.00368606,185673,135311
02/14/2009 13:00,2,14,6,13,0,15,27,0,1.09594e+06,4.87344e+07,20.524,20.524,20.524,16.8904,0,0.0692565,0,3.79696e+06
02/14/2009 14:00,2,14,6,14,0,15.6,26,0,2.01967e+06,5.42802e+07,21.9158,21.9158,21.9158,16.8904,0,0.128637,0,9.79544e+06
02/14/2009 15:00,2,14,6,15,0,16.1,26,0,2.91476e+06,5.53645e+07,22.1486,22.1486,22.1486,16.8904,0,0.184661,0,1.46133e+07
02/14/2009 16:00,2,14,6,16,0,16.7,26,0,3.86854e+06,5.65332e+07,22.158,22.158,22.158,16.8904,0,0.24772,0,1.96365e+07
02/14/2009 17:00,2,14,6,17,0,15.6,28,0,3.73097e+06,5.63626e+07,22.1912,22.1912,22.1912,16.8904,0,0.238021,0,1.89864e+07
02/14/2009 18:00,2,14,6,18,0,13.9,32,0,162409,3.21235e+07,22.169,22.169,22.169,16.8904,0,0.00730988,0,580653
02/14/2009 19:00,2,14,6,19,0,8.9,48,0,0,2.28739e+07,22.1441,22.1441,22.1441,22.1441,0,0,0,0
02/14/2009 20:00,2,14,6,20,0,6.7,60,0,0,2.28739e+07,22.1441,22.1441,22.1441,22.1441,0,0,0,0
02/14/2009 21:00,2,14,6,21,0,5,68,0,0,1.97521e+07,22.1441,22.1441,22.1441,22.1441,0,0,0,0
02/14/2009 22:00,2,14,6,22,0,3.9,70,0,0,1.97521e+07,22.1441,22.1441,22.1441,22.1441,0,0,0,0
02/14/2009 23:00,2,14,6,23,0,3.3,73,0,0,1.69425e+07,22.1441,22.1441,22.1441,22.1441,0,0,0,0
02/15/2009 00:00,2,15,0,0,0,2.8,76,0,0,1.53816e+07,22.1441,22.1441,22.1441,22.1441,0,0,0,0
02/15/2009 01:00,2,15,0,1,0,0.6,85,0,0,2.07703e+07,22.1441,22.1441,22.1441,22.1441,0,0,0,0
02/15/2009 02:00,2,15,0,2,0,0.6,82,0,0,2.07703e+07,22.1441,22.1441,22.1441,22.1441,0,0,0,0
02/15/2009 03:00,2,15,0,3,0,0,85,0,0,2.07703e+07,22.1441,22.1441,22.1441,22.1441,0,0,0,0
02/15/2009 04:00,2,15,0,4,0,0,85,0,0,2.07703e+07,22.1441,22.1441,22.1441,22.1441,0,0,0,0
02/15/2009 05:00,2,15,0,5,0,-0.6,85,0,0,2.07703e+07,22.1441,22.1441,22.1441,22.1441,0,0,0,0
02/15/2009 06:00,2,15,0,6,0,-1.1,82,0,0,2.23312e+07,22.1441,22.1441,22.1441,22.1441,0,0,0,0
02/15/2009 07:00,2,15,0,7,0,0,75,3.20476e+06,0,2.72645e+07,14.9179,14.9179,16.8925,14.9158,0.100055,0.0808969,4.04229e+06,10315.1
02/15/2009 08:00,2,15,0,8,0,2.2,73,996235,0,2.71731e+07,14.0554,14.0554,16.8904,14.0554,0.0507212,0,2.16636e+06,0
02/15/2009 09:00,2,15,0,9,0,6.7,65,0,524043,5.24462e+07,15.9353,15.9353,16.6024,15.5921,0.0143686,0.0137902,275741,220043
02/15/2009 10:00,2,15,0,10,0,11.7,57,0,0,5.18266e+07,18.7915,18.7915,18.7915,18.7915,0,0,0,0
02/15/2009 11:00,2,15,0,11,0,12.2,69,0,607684,5.25538e+07,20.2735,20.2735,20.2735,16.8904,0,0.0356493,0,1.84232e+06
02/15/2009 12:00,2,15,0,12,0,14.4,60,0,1.00376e+06,5.30382e+07,22.0762,22.0762,22.0762,16.8904,0,0.061994,0,4.83112e+06
02/15/2009 13:00,2,15,0,13,0,15,62,0,545334,4.80555e+07,22.4733,22.4733,22.4733,16.8904,0,0.03159,0,2.65398e+06
02/15/2009 14:00,2,15,0,14,0,16.7,58,0,3.52914e+06,5.61359e+07,22.3068,22.3068,22.3068,16.8904,0,0.231504,0,1.88681e+07
02/15/2009 15:00,2,15,0,15,0,18.3,52,0,3.34724e+06,5.58907e+07,22.2553,22.2553,22.2553,16.8904,0,0.212504,0,1.71573e+07
02/15/2009 16:00,2,15,0,16,0,17.2,56,0,3.17154e+06,5.5662e+07,22.2416,22.2416,22.2416,16.8904,0,0.196727,0,1.58418e+07
02/15/2009 17:00,2,15,0,17,0,17.8,54,0,5.16123e+06,5.81201e+07,22.1992,22.1992,22.1992,16.8904,0,0.333858,0,2.66716e+07
02/15/2009 18:00,2,15,0,18,0,16.1,63,0,858192,3.29476e+07,22.1923,22.1923,22.1923,16.8904,0,0.0452514,0,3.61039e+06
02/15/2009 19:00,2,15,0,19,0,14.4,70,0,0,2.28739e+07,22.1912,22.1912,22.1912,22.1912,0,0,0,0
02/15/2009 20:00,2,15,0,20,0,12.8,77,0,0,2.28739e+07,22.1912,22.1912,22.1912,22.1912,0,0,0,0
02/15/2009 21:00,2,15,0,21,0,12.8,80,0,0,1.97521e+07,22.1912,22.1912,22.1912,22.1912,0,0,0,0
02/15/2009 22:00,2,15,0,22,0,12.8,80,0,0,1.97521e+07,22.1912,22.1912,22.1912,22.1912,0,0,0,0
02/15/2009 23:00,2,15,0,23,0,12.8,80,0,0,1.69425e+07,22.1912,22.1912,22.1912,22.1912,0,0,0,0
02/16/2009 00:00,2,16,1,0,0,12.8,83,0,0,1.53816e+07,22.1912,22.1912,22.1912,22.1912,0,0,0,0
02/16/2009 01:00,2,16,1,1,0,13.3,83,0,0,2.07703e+07,22.1912,22.1912,22.1912,22.1912,0,0,0,0
02/16/2009 02:00,2,16,1,2,0,12.8,90,0,0,2.07703e+07,22.1912,22.1912,22.1912,22.1912,0,0,0,0
02/16/2009 03:00,2,16,1,3,0,11.7,93,0,0,2.07703e+07,22.1912,22.1912,22.1912,22.1912,0,0,0,0
02/16/2009 04:00,2,16,1,4,0,12.2,93,0,0,2.07703e+07,22.1912,22.1912,22.1912,22.1912,0,0,0,0
02/16/2009 05:00,2,16,1,5,0,12.2,90,0,0,2.07703e+07,22.1912,22.1912,22.1912,22.1912,0,0,0,0
02/16/2009 06:00,2,16,1,6,0,11.7,93,0,0,2.23312e+07,22.1912,22.1912,22.1912,22.1912,0,0,0,0
02/16/2009 07:00,2,16,1,7,0,11.7,93,0,0,2.34449e+07,22.1912,22.1912,22.1912,22.1912,0,0,0,0
02/16/2009 08:00,2,16,1,8,0,11.7,90,0,0,2.60045e+07,22.1912,22.1912,22.1912,22.1912,0,0,0,0
02/16/2009 09:00,2,16,1,9,0,13.3,80,0,1.11851e+06,5.3174e+07,22.2278,22.2278,22.2278,17.9506,0,0.0681689,0,5.48348e+06
02/16/2009 10:00,2,16,1,10,0,16.1,70,0,2.21579e+06,5.44947e+07,22.229,22.229,22.229,16.8904,0,0.134268,0,1.07799e+07
02/16/2009 11:00,2,16,1,11,0,17.8,61,0,4.38547e+06,5.7144e+07,22.1851,22.1851,22.1851,16.8904,0,0.275657,0,2.1963e+07
02/16/2009 12:00,2,16,1,12,0,18.9,54,0,5.50443e+06,5.85247e+07,22.1492,22.1492,22.1492,16.8904,0,0.353078,0,2.79419e+07
02/16/2009 13:00,2,16,1,13,0,20,51,0,4.44698e+06,5.27997e+07,22.1057,22.1057,22.1057,16.8904,0,0.280577,0,2.20215e+07
02/16/2009 14:00,2,16,1,14,0,21.1,46,0,6.98395e+06,6.03562e+07,22.1063,22.1063,22.1063,16.8904,0,0.456844,0,3.58584e+07
02/16/2009 15:00,2,16,1,15,0,21.7,44,0,7.41046e+06,6.08761e+07,22.1004,22.1004,22.1004,16.8904,0,0.483971,0,3.79459e+07
02/16/2009 16:00,2,16,1,16,0,21.1,44,0,7.80613e+06,6.13671e+07,22.0765,22.0765,22.0765,16.8904,0,0.511831,0,3.99451e+07
02/16/2009 17:00,2,16,1,17,0,21.1,44,0,8.10079e+06,6.17365e+07,22.055,22.055,22.055,16.8904,0,0.53361,0,4.14724e+07
02/16/2009 18:00,2,16,1,18,0,18.9,57,0,2.4834e+06,3.49113e+07,22.0371,22.0371,22.0371,16.8904,0,0.145416,0,1.12626e+07
02/16/2009 19:00,2,16,1,19,0,16.1,70,0,0,2.28739e+07,22.0348,22.0348,22.0348,22.0348,0,0,0,0
02/16/2009 20:00,2,16,1,20,0,13.3,80,0,0,2.28739e+07,22.0348,22.0348,22.0348,22.0348,0,0,0,0
02/16/2009 21:00,2,16,1,21,0,12.8,80,0,0,1.97521e+07,22.0348,22.0348,22.0348,22.0348,0,0,0,0
02/16/2009 22:00,2,16,1,22,0,11.1,86,0,0,1.97521e+07,22.0348,22.0348,22.0348,22.0348,0,0,0,0
02/16/2009 23:00,2,16,1,23,0,11.7,86,0,0,1.69425e+07,22.0348,22.0348,22.0348,22.0348,0,0,0,0
02/17/2009 00:00,2,17,2,0,0,12.2,90,0,0,1.53816e+07,22.0348,22.0348,22.0348,22.0348,0,0,0,0
02/17/2009 01:00,2,17,2,1,0,11.7,93,0,0,2.07703e+07,22.0348,22.0348,22.0348,22.0348,0,0,0,0
02/17/2009 02:00,2,17,2,2,0,10.6,90,0,0,2.07703e+07,22.0348,22.0348,22.0348,22.0348,0,0,0,0
02/17/2009 03:00,2,17,2,3,0,10,93,0,0,2.07703e+07,22.0348,22.0348,22.0348,22.0348,0,0,0,0
02/17/2009 04:00,2,17,2,4,0,8.9,96,0,0,2.07703e+07,22.0348,22.0348,22.0348,22.0348,0,0,0,0
02/17/2009 05:00,2,17,2,5,0,8.3,96,0,0,2.07703e+07,22.0348,22.0348,22.0348,22.0348,0,0,0,0
02/17/2009 06:00,2,17,2,6,0,6.7,96,0,0,2.23312e+07,22.0348,22.0348,22.0348,22.0348,0,0,0,0
02/17/2009 07:00,2,17,2,7,0,7.2,96,0,0,2.34449e+07,22.0348,22.0348,22.0348,22.0348,0,0,0,0
02/17/2009 08:00,2,17,2,8,0,6.7,96,0,0,2.60045e+07,22.0348,22.0348,22.0348,22.0348,0,0,0,0
02/17/2009 09:00,2,17,2,9,0,11.1,83,0,3.86765e+06,5.65156e+07,22.0465,22.0465,22.0465,16.8904,0,0.242837,0,1.88406e+07
02/17/2009 10:00,2,17,2,10,0,15,72,0,5.58692e+06,5.86389e+07,22.0305,22.0305,22.0305,16.8904,0,0.362053,0,2.80046e+07
02/17/2009 11:00,2,17,2,11,0,18.9,57,0,6.8703e+06,6.0221e+07,22.0246,22.0246,22.0246,16.8904,0,0.450284,0,3.47903e+07
02/17/2009 12:00,2,17,2,12,0,20.6,49,0,7.14199e+06,6.05601e+07,22.0213,22.0213,22.0213,16.8904,0,0.470446,0,3.63244e+07
02/17/2009 13:00,2,17,2,13,0,21.7,43,0,6.484e+06,5.53277e+07,22.0047,22.0047,22.0047,16.8904,0,0.425498,0,3.27482e+07
02/17/2009 14:00,2,17,2,14,0,22.2,41,0,8.00234e+06,6.16338e+07,22.0013,22.0013,22.0013,16.8904,0,0.533426,0,4.10266e+07
02/17/2009 15:00,2,17,2,15,0,23.3,38,0,9.19499e+06,6.3115e+07,21.9998,21.9998,21.9998,16.8904,0,0.617905,0,4.75103e+07
02/17/2009 16:00,2,17,2,16,0,23.9,36,0,9.72096e+06,6.37695e+07,21.9907,21.9907,21.9907,16.8904,0,0.655352,0,5.02996e+07
02/17/2009 17:00,2,17,2,17,0,23.3,38,0,9.19186e+06,6.31006e+07,21.9861,21.9861,21.9861,16.8904,0,0.614076,0,4.70894e+07
02/17/2009 18:00,2,17,2,18,0,21.1,46,0,4.12248e+06,3.69235e+07,21.9792,21.9792,21.9792,16.8904,0,0.255295,0,1.95503e+07
02/17/2009 19:00,2,17,2,19,0,18.3,59,0,0,2.28739e+07,21.9771,21.9771,21.9771,21.9771,0,0,0,0
02/17/2009 20:00,2,17,2,20,0,16.7,65,0,0,2.28739e+07,21.9771,21.9771,21.9771,21.9771,0,0,0,0
02/17/2009 21:00,2,17,2,21,0,16.1,65,0,0,1.97521e+07,21.9771,21.9771,21.9771,21.9771,0,0,0,0
02/17/2009 22:00,2,17,2,22,0,15,70,0,0,1.97521e+07,21.9771,21.9771,21.9771,21.9771,0,0,0,0
02/17/2009 23:00,2,17,2,23,0,13.9,78,0,0,1.69425e+07,21.9771,21.9771,21.9771,21.9771,0,0,0,0
02/18/2009 00:00,2,18,3,0,0,13.3,83,0,0,1.53816e+07,21.9771,21.9771,21.9771,21.9771,0,0,0,0
02/18/2009 01:00,2,18,3,1,0,13.9,83,0,0,1.42679e+07,21.9771,21.9771,21.9771,21.9771,0,0,0,0
02/18/2009 02:00,2,18,3,2,0,14.4,84,0,0,1.42679e+07,21.9771,21.9771,21.9771,21.9771,0,0,0,0
02/18/2009 03:00,2,18,3,3,0,13.3,90,0,0,1.42679e+07,21.9771,21.9771,21.9771,21.9771,0,0,0,0
02/18/2009 04:00,2,18,3,4,0,13.9,90,0,0,1.42679e+07,21.9771,21.9771,21.9771,21.9771,0,0,0,0
02/18/2009 05:00,2,18,3,5,0,13.9,90,0,0,1.42679e+07,21.9771,21.9771,21.9771,21.9771,0,0,0,0
02/18/2009 06:00,2,18,3,6,0,15,90,0,0,1.42679e+07,21.9771,21.9771,21.9771,21.9771,0,0,0,0
02/18/2009 07:00,2,18,3,7,0,14.4,90,0,0,1.53816e+07,21.9771,21.9771,21.9771,21.9771,0,0,0,0
02/18/2009 08:00,2,18,3,8,0,14.4,84,0,0,1.20098e+07,21.9771,21.9771,21.9771,21.9771,0,0,0,0
02/18/2009 09:00,2,18,3,9,0,15.6,84,0,0,1.20098e+07,21.9771,21.9771,21.9771,21.9771,0,0,0,0
02/18/2009 10:00,2,18,3,10,0,18.3,73,0,0,1.20098e+07,21.9771,21.9771,21.9771,21.9771,0,0,0,0
02/18/2009 11:00,2,18,3,11,0,20.6,66,0,0,1.20098e+07,21.9771,21.9771,21.9771,21.9771,0,0,0,0
02/18/2009 12:00,2,18,3,12,0,22.2,59,0,0,1.20098e+07,21.9771,21.9771,21.9771,21.9771,0,0,0,0
02/18/2009 13:00,2,18,3,13,0,22.8,57,0,0,1.20098e+07,21.9771,21.9771,21.9771,21.9771,0,0,0,0
02/18/2009 14:00,2,18,3,14,0,22.8,57,0,0,1.20098e+07,21.9771,21.9771,21.9771,21.9771,0,0,0,0
02/18/2009 15:00,2,18,3,15,0,23.3,55,0,0,1.20098e+07,21.9771,21.9771,21.9771,21.9771,0,0,0,0
02/18/2009 16:00,2,18,3,16,0,22.2,57,0,0,1.20098e+07,21.9771,21.9771,21.9771,21.9771,0,0,0,0
02/18/2009 17:00,2,18,3,17,0,21.1,64,0,0,1.20098e+07,21.9771,21.9771,21.9771,21.9771,0,0,0,0
02/18/2009 18:00,2,18,3,18,0,20.6,66,0,0,1.20098e+07,21.9771,21.9771,21.9771,21.9771,0,0,0,0
02/18/2009 19:00,2,18,3,19,0,18.9,73,0,0,1.53816e+07,21.9771,21.9771,21.9771,21.9771,0,0,0,0
02/18/2009 20:00,2,18,3,20,0,18.9,76,0,0,1.53816e+07,21.9771,21.9771,21.9771,21.9771,0,0,0,0
02/18/2009 21:00,2,18,3,21,0,16.7,87,0,0,1.53816e+07,21.9771,21.9771,21.9771,21.9771,0,0,0,0
02/18/2009 22:00,2,18,3,22,0,16.1,87,0,0,1.53816e+07,21.9771,21.9771,21.9771,21.9771,0,0,0,0
02/18/2009 23:00,2,18,3,23,0,16.1,90,0,0,1.53816e+07,21.9771,21.9771,21.9771,21.9771,0,0,0,0
02/19/2009 00:00,2,19,4,0,0,16.1,93,0,0,1.53816e+07,21.9771,21.9771,21.9771,21.9771,0,0,0,0
02/19/2009 01:00,2,19,4,1,0,16.1,97,0,0,1.42679e+07,21.9771,21.9771,21.9771,21.9771,0,0,0,0
02/19/2009 02:00,2,19,4,2,0,16.1,100,0,0,1.42679e+07,21.9771,21.9771,21.9771,21.9771,0,0,0,0
02/19/2009 03:00,2,19,4,3,0,16.7,100,0,0,1.42679e+07,21.9771,21.9771,21.9771,21.9771,0,0,0,0
02/19/2009 04:00,2,19,4,4,0,16.7,100,0,0,1.42679e+07,21.9771,21.9771,21.9771,21.9771,0,0,0,0
02/19/2009 05:00,2,19,4,5,0,16.7,100,0,0,1.42679e+07,21.9771,21.9771,21.9771,21.9771,0,0,0,0
02/19/2009 06:00,2,19,4,6,0,16.7,100,0,0,1.42679e+07,21.9771,21.9771,21.9771,21.9771,0,0,0,0
02/19/2009 07:00,2,19,4,7,0,16.7,100,0,0,1.53816e+07,21.9771,21.9771,21.9771,21.9771,0,0,0,0
02/19/2009 08:00,2,19,4,8,0,17.2,97,0,0,1.20098e+07,21.9771,21.9771,21.9771,21.9771,0,0,0,0
02/19/2009 09:00,2,19,4,9,0,17.8,90,0,0,1.20098e+07,21.9771,21.9771,21.9771,21.9771,0,0,0,0
02/19/2009 10:00,2,19,4,10,0,18.9,84,0,0,1.20098e+07,21.9771,21.9771,21.9771,21.9771,0,0,0,0
02/19/2009 11:00,2,19,4,11,0,20.6,76,0,0,1.20098e+07,21.9771,21.9771,21.9771,21.9771,0,0,0,0
02/19/2009 12:00,2,19,4,12,0,22.2,68,0,0,1.20098e+07,21.9771,21.9771,21.9771,21.9771,0,0,0,0
02/19/2009 13:00,2,19,4,13,0,24.4,60,0,0,1.20098e+07,21.9771,21.9771,21.9771,21.9771,0,0,0,0
02/19/2009 14:00,2,19,4,14,0,25.6,54,0,0,1.20098e+07,21.9771,21.9771,21.9771,21.9771,0,0,0,0
02/19/2009 15:00,2,19,4,15,0,26.1,52,0,0,1.20098e+07,21.9771,21.9771,21.9771,21.9771,0,0,0,0
02/19/2009 16:00,2,19,4,16,0,27.8,47,0,0,1.20098e+07,21.9771,21.9771,21.9771,21.9771,0,0,0,0
02/19/2009 17:00,2,19,4,17,0,26.7,51,0,0,1.20098e+07,21.9771,21.9771,21.9771,21.9771,0,0,0,0
02/19/2009 18:00,2,19,4,18,0,23.3,60,0,0,1.20098e+07,21.9771,21.9771,21.9771,21.9771,0,0,0,0
02/19/2009 19:00,2,19,4,19,0,22.2,64,0,0,1.53816e+07,21.9771,21.9771,21.9771,21.9771,0,0,0,0
02/19/2009 20:00,2,19,4,20,0,20.6,73,0,0,1.53816e+07,21.9771,21.9771,21.9771,21.9771,0,0,0,0
02/19/2009 21:00,2,19,4,21,0,20,78,0,0,1.53816e+07,21.9771,21.9771,21.9771,21.9771,0,0,0,0
02/19/2009 22:00,2,19,4,22,0,19.4,81,0,0,1.53816e+07,21.9771,21.9771,21.9771,21.9771,0,0,0,0
02/19/2009 23:00,2,19,4,23,0,17.8,87,0,0,1.53816e+07,21.9771,21.9771,21.9771,21.9771,0,0,0,0
02/20/2009 00:00,2,20,5,0,0,17.2,93,0,0,1.53816e+07,21.9771,21.9771,21.9771,21.9771,0,0,0,0
02/20/2009 01:00,2,20,5,1,0,16.1,97,0,0,2.07703e+07,21.9771,21.9771,21.9771,21.9771,0,0,0,0
02/20/2009 02:00,2,20,5,2,0,15.6,100,0,0,2.07703e+07,21.9771,21.9771,21.9771,21.9771,0,0,0,0
02/20/2009 03:00,2,20,5,3,0,16.1,100,0,0,2.07703e+07,21.9771,21.9771,21.9771,21.9771,0,0,0,0
02/20/2009 04:00,2,20,5,4,0,15.6,100,0,0,2.07703e+07,21.9771,21.9771,21.9771,21.9771,0,0,0,0
02/20/2009 05:00,2,20,5,5,0,15.6,100,0,0,2.07703e+07,21.9771,21.9771,21.9771,21.9771,0,0,0,0
02/20/2009 06:00,2,20,5,6,0,15.6,100,0,0,2.23312e+07,21.9771,21.9771,21.9771,21.9771,0,0,0,0
02/20/2009 07:00,2,20,5,7,0,15.6,100,0,0,2.34449e+07,21.9771,21.9771,21.9771,21.9771,0,0,0,0
02/20/2009 08:00,2,20,5,8,0,16.1,100,0,0,2.60045e+07,21.9771,21.9771,21.9771,21.9771,0,0,0,0
02/20/2009 09:00,2,20,5,9,0,16.7,93,0,3.43364e+06,5.59715e+07,22.0757,22.0757,22.0757,16.8904,0,0.210369,0,1.645e+07
02/20/2009 10:00,2,20,5,10,0,18.3,87,0,4.89189e+06,5.77566e+07,22.1154,22.1154,22.1154,16.8904,0,0.306747,0,2.4119e+07
02/20/2009 11:00,2,20,5,11,0,19.4,81,0,5.77354e+06,5.88434e+07,22.1137,22.1137,22.1137,16.8904,0,0.367254,0,2.88672e+07
02/20/2009 12:00,2,20,5,12,0,21.1,73,0,6.93219e+06,6.02772e+07,22.1019,22.1019,22.1019,16.8904,0,0.448363,0,3.5163e+07
02/20/2009 13:00,2,20,5,13,0,22.8,66,0,5.79334e+06,5.44465e+07,22.0776,22.0776,22.0776,16.8904,0,0.368744,0,2.87847e+07
02/20/2009 14:00,2,20,5,14,0,23.9,62,0,7.41415e+06,6.08765e+07,22.0475,22.0475,22.0475,16.8904,0,0.482996,0,3.74847e+07
02/20/2009 15:00,2,20,5,15,0,24.4,60,0,8.39453e+06,6.2098e+07,22.0287,22.0287,22.0287,16.8904,0,0.554017,0,4.28392e+07
02/20/2009 16:00,2,20,5,16,0,24.4,58,0,9.05461e+06,6.29222e+07,22.0159,22.0159,22.0159,16.8904,0,0.602196,0,4.64487e+07
02/20/2009 17:00,2,20,5,17,0,24.4,58,0,8.12919e+06,6.17664e+07,22.0076,22.0076,22.0076,16.8904,0,0.534505,0,4.11604e+07
02/20/2009 18:00,2,20,5,18,0,24.4,58,0,4.11224e+06,3.69083e+07,22.0009,22.0009,22.0009,16.8904,0,0.253876,0,1.95247e+07
02/20/2009 19:00,2,20,5,19,0,23.3,60,0,0,2.28739e+07,22.0001,22.0001,22.0001,22.0001,0,0,0,0
02/20/2009 20:00,2,20,5,20,0,22.2,66,0,0,2.28739e+07,22.0001,22.0001,22.0001,22.0001,0,0,0,0
02/20/2009 21:00,2,20,5,21,0,19.4,81,0,0,1.97521e+07,22.0001,22.0001,22.0001,22.0001,0,0,0,0
02/20/2009 22:00,2,20,5,22,0,19.4,81,0,0,1.97521e+07,22.0001,22.0001,22.0001,22.0001,0,0,0,0
02/20/2009 23:00,2,20,5,23,0,19.4,81,0,0,1.69425e+07,22.0001,22.0001,22.0001,22.0001,0,0,0,0
02/21/2009 00:00,2,21,6,0,0,19.4,84,0,0,1.53816e+07,22.0001,22.0001,22.0001,22.0001,0,0,0,0
02/21/2009 01:00,2,21,6,1,0,19.4,84,0,0,2.07703e+07,22.0001,22.0001,22.0001,22.0001,0,0,0,0
02/21/2009 02:00,2,21,6,2,0,20,81,0,0,2.07703e+07,22.0001,22.0001,22.0001,22.0001,0,0,0,0
02/21/2009 03:00,2,21,6,3,0,20,81,0,0,2.07703e+07,22.0001,22.0001,22.0001,22.0001,0,0,0,0
02/21/2009 04:00,2,21,6,4,0,20,84,0,0,2.07703e+07,22.0001,22.0001,22.0001,22.0001,0,0,0,0
02/21/2009 05:00,2,21,6,5,0,20,84,0,0,2.07703e+07,22.0001,22.0001,22.0001,22.0001,0,0,0,0
02/21/2009 06:00,2,21,6,6,0,20,84,0,0,2.23312e+07,22.0001,22.0001,22.0001,22.0001,0,0,0,0
02/21/2009 07:00,2,21,6,7,0,20,84,0,942993,2.45388e+07,22.0451,22.0451,22.0451,16.8904,0,0.0448098,0,3.47224e+06
02/21/2009 08:00,2,21,6,8,0,20,84,0,1.89061e+06,2.82531e+07,22.0921,22.0921,22.0921,16.8904,0,0.105751,0,8.27787e+06
02/21/2009 09:00,2,21,6,9,0,21.1,79,0,6.44116e+06,5.9669e+07,22.1004,22.1004,22.1004,16.8904,0,0.41393,0,3.24533e+07
02/21/2009 10:00,2,21,6,10,0,22.8,69,0,7.503e+06,6.0985e+07,22.09,22.09,22.09,16.8904,0,0.488902,0,3.82547e+07
02/21/2009 11:00,2,21,6,11,0,22.8,69,0,8.18499e+06,6.1833e+07,22.0695,22.0695,22.0695,16.8904,0,0.537838,0,4.19185e+07
02/21/2009 12:00,2,21,6,12,0,22.8,69,0,8.67044e+06,6.24384e+07,22.0476,22.0476,22.0476,16.8904,0,0.573225,0,4.44876e+07
02/21/2009 13:00,2,21,6,13,0,22.8,71,0,7.63246e+06,5.6726e+07,22.0221,22.0221,22.0221,16.8904,0,0.498755,0,3.85171e+07
02/21/2009 14:00,2,21,6,14,0,25.6,58,0,1.01385e+07,6.42876e+07,21.9919,21.9919,21.9919,16.8904,0,0.685834,0,5.26524e+07
02/21/2009 15:00,2,21,6,15,0,23.3,71,0,8.63678e+06,6.23994e+07,21.9792,21.9792,21.9792,16.8904,0,0.571743,0,4.37838e+07
02/21/2009 16:00,2,21,6,16,0,23.9,64,0,8.96551e+06,6.2809e+07,21.9772,21.9772,21.9772,16.8904,0,0.595567,0,4.55901e+07
02/21/2009 17:00,2,21,6,17,0,23.3,69,0,8.58954e+06,6.2341e+07,21.9783,21.9783,21.9783,16.8904,0,0.568519,0,4.35296e+07
02/21/2009 18:00,2,21,6,18,0,22.2,73,0,4.97395e+06,3.79694e+07,21.9806,21.9806,21.9806,16.8904,0,0.312919,0,2.39697e+07
02/21/2009 19:00,2,21,6,19,0,22.2,73,0,0,2.28739e+07,21.9808,21.9808,21.9808,21.9808,0,0,0,0
02/21/2009 20:00,2,21,6,20,0,21.7,76,0,0,2.28739e+07,21.9808,21.9808,21.9808,21.9808,0,0,0,0
02/21/2009 21:00,2,21,6,21,0,22.8,71,0,0,1.97521e+07,21.9808,21.9808,21.9808,21.9808,0,0,0,0
02/21/2009 22:00,2,21,6,22,0,21.7,76,0,0,1.97521e+07,21.9808,21.9808,21.9808,21.9808,0,0,0,0
02/21/2009 23:00,2,21,6,23,0,16.1,90,0,0,1.69425e+07,21.9808,21.9808,21.9808,21.9808,0,0,0,0
02/22/2009 00:00,2,22,0,0,0,16.1,93,0,0,1.53816e+07,21.9808,21.9808,21.9808,21.9808,0,0,0,0
02/22/2009 01:00,2,22,0,1,0,15.6,93,0,0,2.07703e+07,21.9808,21.9808,21.9808,21.9808,0,0,0,0
02/22/2009 02:00,2,22,0,2,0,13.9,96,0,0,2.07703e+07,21.9808,21.9808,21.9808,21.9808,0,0,0,0
02/22/2009 03:00,2,22,0,3,0,13.3,93,0,0,2.07703e+07,21.9808,21.9808,21.9808,21.9808,0,0,0,0
02/22/2009 04:00,2,22,0,4,0,13.9,83,0,0,2.07703e+07,21.9808,21.9808,21.9808,21.9808,0,0,0,0
02/22/2009 05:00,2,22,0,5,0,13.3,69,0,0,2.07703e+07,21.9808,21.9808,21.9808,21.9808,0,0,0,0
02/22/2009 06:00,2,22,0,6,0,12.8,62,0,0,2.23312e+07,21.9808,21.9808,21.9808,21.9808,0,0,0,0
02/22/2009 07:00,2,22,0,7,0,12.2,59,0,712521,2.43029e+07,22.0136,22.0136,22.0136,16.8904,0,0.0433923,0,3.34283e+06
02/22/2009 08:00,2,22,0,8,0,11.7,59,0,1.15379e+06,2.73828e+07,21.9929,21.9929,21.9929,16.8904,0,0.0665283,0,5.10501e+06
02/22/2009 09:00,2,22,0,9,0,12.8,53,0,6.21638e+06,5.9402e+07,21.9353,21.9353,21.9353,16.8904,0,0.40155,0,3.04863e+07
02/22/2009 10:00,2,22,0,10,0,14.4,48,0,7.89845e+06,6.14926e+07,21.9444,21.9444,21.9444,16.8904,0,0.522095,0,3.97088e+07
02/22/2009 11:00,2,22,0,11,0,16.7,40,0,8.9819e+06,6.28481e+07,21.9471,21.9471,21.9471,16.8904,0,0.602459,0,4.58451e+07
02/22/2009 12:00,2,22,0,12,0,18.3,33,0,9.21393e+06,6.3148e+07,21.9438,21.9438,21.9438,16.8904,0,0.622852,0,4.73659e+07
02/22/2009 13:00,2,22,0,13,0,18.9,29,0,8.26935e+06,5.75525e+07,21.9311,21.9311,21.9311,16.8904,0,0.555341,0,4.21261e+07
02/22/2009 14:00,2,22,0,14,0,20,25,0,9.59697e+06,6.36311e+07,21.9239,21.9239,21.9239,16.8904,0,0.652379,0,4.94166e+07
02/22/2009 15:00,2,22,0,15,0,20.6,22,0,1.04868e+07,6.47367e+07,21.9261,21.9261,21.9261,16.8904,0,0.715416,0,5.42149e+07
02/22/2009 16:00,2,22,0,16,0,20,21,0,1.06974e+07,6.4994e+07,21.9296,21.9296,21.9296,16.8904,0,0.728774,0,5.52657e+07
02/22/2009 17:00,2,22,0,17,0,19.4,21,0,1.03514e+07,6.4554e+07,21.9295,21.9295,21.9295,16.8904,0,0.700874,0,5.31487e+07
02/22/2009 18:00,2,22,0,18,0,17.8,24,0,6.00229e+06,3.9247e+07,21.9232,21.9232,21.9232,16.8904,0,0.385881,0,2.92257e+07
02/22/2009 19:00,2,22,0,19,0,14.4,31,0,0,2.28739e+07,21.9195,21.9195,21.9195,21.9195,0,0,0,0
02/22/2009 20:00,2,22,0,20,0,11.7,43,0,0,2.28739e+07,21.9195,21.9195,21.9195,21.9195,0,0,0,0
02/22/2009 21:00,2,22,0,21,0,8.3,66,0,0,1.97521e+07,21.9195,21.9195,21.9195,21.9195,0,0,0,0
02/22/2009 22:00,2,22,0,22,0,7.8,68,0,0,1.97521e+07,21.9195,21.9195,21.9195,21.9195,0,0,0,0
02/22/2009 23:00,2,22,0,23,0,7.2,74,0,0,1.69425e+07,21.9195,21.9195,21.9195,21.9195,0,0,0,0
02/23/2009 00:00,2,23,1,0,0,7.2,60,0,0,1.53816e+07,21.9195,21.9195,21.9195,21.9195,0,0,0,0
02/23/2009 01:00,2,23,1,1,0,8.3,61,0,0,2.07703e+07,21.9195,21.9195,21.9195,21.9195,0,0,0,0
02/23/2009 02:00,2,23,1,2,0,8.3,58,0,0,2.07703e+07,21.9195,21.9195,21.9195,21.9195,0,0,0,0
02/23/2009 03:00,2,23,1,3,0,8.9,56,0,0,2.07703e+07,21.9195,21.9195,21.9195,21.9195,0,0,0,0
02/23/2009 04:00,2,23,1,4,0,8.9,52,0,0,2.07703e+07,21.9195,21.9195,21.9195,21.9195,0,0,0,0
02/23/2009 05:00,2,23,1,5,0,8.3,54,0,0,2.07703e+07,21.9195,21.9195,21.9195,21.9195,0,0,0,0
02/23/2009 06:00,2,23,1,6,0,5.6,65,0,0,2.23312e+07,21.9195,21.9195,21.9195,21.9195,0,0,0,0
02/23/2009 07:00,2,23,1,7,0,7.2,60,0,370500,2.38841e+07,21.9492,21.9492,21.9492,16.8904,0,0.020506,0,1.56109e+06
02/23/2009 08:00,2,23,1,8,0,10.6,50,0,1.10088e+06,2.73284e+07,21.8877,21.8877,21.8877,16.8904,0,0.0657828,0,4.93773e+06
02/23/2009 09:00,2,23,1,9,0,13.9,44,0,5.57286e+06,5.86227e+07,21.7952,21.7952,21.7952,16.8904,0,0.361345,0,2.66648e+07
02/23/2009 10:00,2,23,1,10,0,18.3,33,0,6.90396e+06,6.02685e+07,21.8041,21.8041,21.8041,16.8904,0,0.454216,0,3.35868e+07
02/23/2009 11:00,2,23,1,11,0,21.1,28,0,7.82982e+06,6.14205e+07,21.8268,21.8268,21.8268,16.8904,0,0.521128,0,3.87128e+07
02/23/2009 12:00,2,23,1,12,0,22.8,24,0,8.12286e+06,6.179e+07,21.866,21.866,21.866,16.8904,0,0.544032,0,4.07354e+07
02/23/2009 13:00,2,23,1,13,0,24.4,19,0,7.48977e+06,5.6584e+07,21.8769,21.8769,21.8769,16.8904,0,0.499523,0,3.74846e+07
02/23/2009 14:00,2,23,1,14,0,25,18,0,8.88681e+06,6.27461e+07,21.8812,21.8812,21.8812,16.8904,0,0.600725,0,4.51182e+07
02/23/2009 15:00,2,23,1,15,0,26.1,17,0,9.92522e+06,6.40357e+07,21.8954,21.8954,21.8954,16.8904,0,0.67422,0,5.07823e+07
02/23/2009 16:00,2,23,1,16,0,26.1,17,0,1.03896e+07,6.46112e+07,21.9097,21.9097,21.9097,16.8904,0,0.706545,0,5.33689e+07
02/23/2009 17:00,2,23,1,17,0,25,17,0,1.0013e+07,6.41312e+07,21.919,21.919,21.919,16.8904,0,0.675946,0,5.11513e+07
02/23/2009 18:00,2,23,1,18,0,21.7,24,0,5.82683e+06,3.90314e+07,21.9194,21.9194,21.9194,16.8904,0,0.373924,0,2.82988e+07
02/23/2009 19:00,2,23,1,19,0,18.3,33,0,0,2.28739e+07,21.9165,21.9165,21.9165,21.9165,0,0,0,0
02/23/2009 20:00,2,23,1,20,0,16.7,38,0,0,2.28739e+07,21.9165,21.9165,21.9165,21.9165,0,0,0,0
02/23/2009 21:00,2,23,1,21,0,18.9,37,0,0,1.97521e+07,21.9165,21.9165,21.9165,21.9165,0,0,0,0
02/23/2009 22:00,2,23,1,22,0,15.6,46,0,0,1.97521e+07,21.9165,21.9165,21.9165,21.9165,0,0,0,0
02/23/2009 23:00,2,23,1,23,0,13.3,55,0,0,1.69425e+07,21.9165,21.9165,21.9165,21.9165,0,0,0,0
02/24/2009 00:00,2,24,2,0,0,13.3,53,0,0,1.53816e+07,21.9165,21.9165,21.9165,21.9165,0,0,0,0
02/24/2009 01:00,2,24,2,1,0,13.3,55,0,0,2.07703e+07,21.9165,21.9165,21.9165,21.9165,0,0,0,0
02/24/2009 02:00,2,24,2,2,0,11.1,66,0,0,2.07703e+07,21.9165,21.9165,21.9165,21.9165,0,0,0,0
02/24/2009 03:00,2,24,2,3,0,10.6,74,0,0,2.07703e+07,21.9165,21.9165,21.9165,21.9165,0,0,0,0
02/24/2009 04:00,2,24,2,4,0,9.4,80,0,0,2.07703e+07,21.9165,21.9165,21.9165,21.9165,0,0,0,0
02/24/2009 05:00,2,24,2,5,0,9.4,83,0,0,2.07703e+07,21.9165,21.9165,21.9165,21.9165,0,0,0,0
02/24/2009 06:00,2,24,2,6,0,7.8,89,0,0,2.23312e+07,21.9165,21.9165,21.9165,21.9165,0,0,0,0
02/24/2009 07:00,2,24,2,7,0,7.2,93,0,396473,2.3916e+07,21.9603,21.9603,21.9603,16.8904,0,0.0222684,0,1.69649e+06
02/24/2009 08:00,2,24,2,8,0,11.7,83,0,789184,2.69415e+07,21.9687,21.9687,21.9687,16.8904,0,0.0438519,0,3.34995e+06
02/24/2009 09:00,2,24,2,9,0,15.6,72,0,4.9931e+06,5.78925e+07,21.8823,21.8823,21.8823,16.8904,0,0.317145,0,2.38161e+07
02/24/2009 10:00,2,24,2,10,0,18.9,61,0,7.05066e+06,6.044e+07,21.9004,21.9004,21.9004,16.8904,0,0.461559,0,3.48007e+07
02/24/2009 11:00,2,24,2,11,0,20.6,51,0,7.95358e+06,6.15619e+07,21.9343,21.9343,21.9343,16.8904,0,0.526285,0,3.99483e+07
02/24/2009 12:00,2,24,2,12,0,22.8,40,0,8.26888e+06,6.19551e+07,21.9524,21.9524,21.9524,16.8904,0,0.549407,0,4.18524e+07
02/24/2009 13:00,2,24,2,13,0,25,27,0,7.37969e+06,5.64235e+07,21.9527,21.9527,21.9527,16.8904,0,0.484312,0,3.68953e+07
02/24/2009 14:00,2,24,2,14,0,26.1,24,0,8.85983e+06,6.269e+07,21.9413,21.9413,21.9413,16.8904,0,0.59182,0,4.49837e+07
02/24/2009 15:00,2,24,2,15,0,26.7,24,0,9.71159e+06,6.37518e+07,21.9416,21.9416,21.9416,16.8904,0,0.653434,0,4.96703e+07
02/24/2009 16:00,2,24,2,16,0,25,24,0,9.44546e+06,6.34141e+07,21.9466,21.9466,21.9466,16.8904,0,0.632168,0,4.81015e+07
02/24/2009 17:00,2,24,2,17,0,25,24,0,8.78881e+06,6.25915e+07,21.9513,21.9513,21.9513,16.8904,0,0.583437,0,4.44345e+07
02/24/2009 18:00,2,24,2,18,0,23.3,37,0,4.60884e+06,3.75211e+07,21.9528,21.9528,21.9528,16.8904,0,0.288384,0,2.19697e+07
02/24/2009 19:00,2,24,2,19,0,21.7,41,0,0,2.28739e+07,21.9505,21.9505,21.9505,21.9505,0,0,0,0
02/24/2009 20:00,2,24,2,20,0,19.4,55,0,0,2.28739e+07,21.9505,21.9505,21.9505,21.9505,0,0,0,0
02/24/2009 21:00,2,24,2,21,0,18.3,70,0,0,1.97521e+07,21.9505,21.9505,21.9505,21.9505,0,0,0,0
02/24/2009 22:00,2,24,2,22,0,17.8,73,0,0,1.97521e+07,21.9505,21.9505,21.9505,21.9505,0,0,0,0
02/24/2009 23:00,2,24,2,23,0,16.7,81,0,0,1.69425e+07,21.9505,21.9505,21.9505,21.9505,0,0,0,0
02/25/2009 00:00,2,25,3,0,0,16.1,84,0,0,1.53816e+07,21.9505,21.9505,21.9505,21.9505,0,0,0,0
02/25/2009 01:00,2,25,3,1,0,16.7,84,0,0,1.42679e+07,21.9505,21.9505,21.9505,21.9505,0,0,0,0
02/25/2009 02:00,2,25,3,2,0,16.7,81,0,0,1.42679e+07,21.9505,21.9505,21.9505,21.9505,0,0,0,0
02/25/2009 03:00,2,25,3,3,0,17.2,78,0,0,1.42679e+07,21.9505,21.9505,21.9505,21.9505,0,0,0,0
02/25/2009 04:00,2,25,3,4,0,17.8,75,0,0,1.42679e+07,21.9505,21.9505,21.9505,21.9505,0,0,0,0
02/25/2009 05:00,2,25,3,5,0,17.2,78,0,0,1.42679e+07,21.9505,21.9505,21.9505,21.9505,0,0,0,0
02/25/2009 06:00,2,25,3,6,0,17.2,78,0,0,1.42679e+07,21.9505,21.9505,21.9505,21.9505,0,0,0,0
02/25/2009 07:00,2,25,3,7,0,17.2,78,0,0,1.53816e+07,21.9505,21.9505,21.9505,21.9505,0,0,0,0
02/25/2009 08:00,2,25,3,8,0,16.7,81,0,0,1.20098e+07,21.9505,21.9505,21.9505,21.9505,0,0,0,0
02/25/2009 09:00,2,25,3,9,0,16.1,81,0,0,1.20098e+07,21.9505,21.9505,21.9505,21.9505,0,0,0,0
02/25/2009 10:00,2,25,3,10,0,15.6,84,0,0,1.20098e+07,21.9505,21.9505,21.9505,21.9505,0,0,0,0
02/25/2009 11:00,2,25,3,11,0,15.6,90,0,0,1.20098e+07,21.9505,21.9505,21.9505,21.9505,0,0,0,0
02/25/2009 12:00,2,25,3,12,0,16.1,90,0,0,1.20098e+07,21.9505,21.9505,21.9505,21.9505,0,0,0,0
02/25/2009 13:00,2,25,3,13,0,16.1,90,0,0,1.20098e+07,21.9505,21.9505,21.9505,21.9505,0,0,0,0
02/25/2009 14:00,2,25,3,14,0,15.6,90,0,0,1.20098e+07,21.9505,21.9505,21.9505,21.9505,0,0,0,0
02/25/2009 15:00,2,25,3,15,0,15.6,90,0,0,1.20098e+07,21.9505,21.9505,21.9505,21.9505,0,0,0,0
02/25/2009 16:00,2,25,3,16,0,15.6,90,0,0,1.20098e+07,21.9505,21.9505,21.9505,21.9505,0,0,0,0
02/25/2009 17:00,2,25,3,17,0,15,93,0,0,1.20098e+07,21.9505,21.9505,21.9505,21.9505,0,0,0,0
02/25/2009 18:00,2,25,3,18,0,15,90,0,0,1.20098e+07,21.9505,21.9505,21.9505,21.9505,0,0,0,0
02/25/2009 19:00,2,25,3,19,0,15.6,87,0,0,1.53816e+07,21.9505,21.9505,21.9505,21.9505,0,0,0,0
02/25/2009 20:00,2,25,3,20,0,15.6,84,0,0,1.53816e+07,21.9505,21.9505,21.9505,21.9505,0,0,0,0
02/25/2009 21:00,2,25,3,21,0,15.6,84,0,0,1.53816e+07,21.9505,21.9505,21.9505,21.9505,0,0,0,0
02/25/2009 22:00,2,25,3,22,0,15.6,84,0,0,1.53816e+07,21.9505,21.9505,21.9505,21.9505,0,0,0,0
02/25/2009 23:00,2,25,3,23,0,15.6,84,0,0,1.53816e+07,21.9505,21.9505,21.9505,21.9505,0,0,0,0
02/26/2009 00:00,2,26,4,0,0,15.6,84,0,0,1.53816e+07,21.9505,21.9505,21.9505,21.9505,0,0,0,0
02/26/2009 01:00,2,26,4,1,0,15.6,90,0,0,1.42679e+07,21.9505,21.9505,21.9505,21.9505,0,0,0,0
02/26/2009 02:00,2,26,4,2,0,15,93,0,0,1.42679e+07,21.9505,21.9505,21.9505,21.9505,0,0,0,0
02/26/2009 03:00,2,26,4,3,0,15.6,93,0,0,1.42679e+07,21.9505,21.9505,21.9505,21.9505,0,0,0,0
02/26/2009 04:00,2,26,4,4,0,15.6,93,0,0,1.42679e+07,21.9505,21.9505,21.9505,21.9505,0,0,0,0
02/26/2009 05:00,2,26,4,5,0,15.6,93,0,0,1.42679e+07,21.9505,21.9505,21.9505,21.9505,0,0,0,0
02/26/2009 06:00,2,26,4,6,0,16.1,90,0,0,1.42679e+07,21.9505,21.9505,21.9505,21.9505,0,0,0,0
02/26/2009 07:00,2,26,4,7,0,16.1,90,0,0,1.53816e+07,21.9505,21.9505,21.9505,21.9505,0,0,0,0
02/26/2009 08:00,2,26,4,8,0,16.7,90,0,0,1.20098e+07,21.9505,21.9505,21.9505,21.9505,0,0,0,0
02/26/2009 09:00,2,26,4,9,0,17.8,90,0,0,1.20098e+07,21.9505,21.9505,21.9505,21.9505,0,0,0,0
02/26/2009 10:00,2,26,4,10,0,18.3,84,0,0,1.20098e+07,21.9505,21.9505,21.9505,21.9505,0,0,0,0
02/26/2009 11:00,2,26,4,11,0,21.1,76,0,0,1.20098e+07,21.9505,21.9505,21.9505,21.9505,0,0,0,0
02/26/2009 12:00,2,26,4,12,0,21.7,71,0,0,1.20098e+07,21.9505,21.9505,21.9505,21.9505,0,0,0,0
02/26/2009 13:00,2,26,4,13,0,21.7,71,0,0,1.20098e+07,21.9505,21.9505,21.9505,21.9505,0,0,0,0
02/26/2009 14:00,2,26,4,14,0,21.7,71,0,0,1.20098e+07,21.9505,21.9505,21.9505,21.9505,0,0,0,0
02/26/2009 15:00,2,26,4,15,0,21.7,68,0,0,1.20098e+07,21.9505,21.9505,21.9505,21.9505,0,0,0,0
02/26/2009 16:00,2,26,4,16,0,21.7,68,0,0,1.20098e+07,21.9505,21.9505,21.9505,21.9505,0,0,0,0
02/26/2009 17:00,2,26,4,17,0,21.1,71,0,0,1.20098e+07,21.9505,21.9505,21.9505,21.9505,0,0,0,0
02/26/2009 18:00,2,26,4,18,0,20,76,0,0,1.20098e+07,21.9505,21.9505,21.9505,21.9505,0,0,0,0
02/26/2009 19:00,2,26,4,19,0,18.9,84,0,0,1.53816e+07,21.9505,21.9505,21.9505,21.9505,0,0,0,0
02/26/2009 20:00,2,26,4,20,0,17.8,87,0,0,1.53816e+07,21.9505,21.9505,21.9505,21.9505,0,0,0,0
02/26/2009 21:00,2,26,4,21,0,17.2,90,0,0,1.53816e+07,21.9505,21.9505,21.9505,21.9505,0,0,0,0
02/26/2009 22:00,2,26,4,22,0,16.1,97,0,0,1.53816e+07,21.9505,21.9505,21.9505,21.9505,0,0,0,0
02/26/2009 23:00,2,26,4,23,0,16.1,97,0,0,1.53816e+07,21.9505,21.9505,21.9505,21.9505,0,0,0,0
02/27/2009 00:00,2,27,5,0,0,16.7,90,0,0,1.53816e+07,21.9505,21.9505,21.9505,21.9505,0,0,0,0
02/27/2009 01:00,2,27,5,1,0,16.7,93,0,0,2.07703e+07,21.9505,21.9505,21.9505,21.9505,0,0,0,0
02/27/2009 02:00,2,27,5,2,0,17.2,90,0,0,2.07703e+07,21.9505,21.9505,21.9505,21.9505,0,0,0,0
02/27/2009 03:00,2,27,5,3,0,16.7,93,0,0,2.07703e+07,21.9505,21.9505,21.9505,21.9505,0,0,0,0
02/27/2009 04:00,2,27,5,4,0,17.2,90,0,0,2.07703e+07,21.9505,21.9505,21.9505,21.9505,0,0,0,0
02/27/2009 05:00,2,27,5,5,0,17.2,90,0,0,2.07703e+07,21.9505,21.9505,21.9505,21.9505,0,0,0,0
02/27/2009 06:00,2,27,5,6,0,17.2,90,0,0,2.23312e+07,21.9505,21.9505,21.9505,21.9505,0,0,0,0
02/27/2009 07:00,2,27,5,7,0,17.2,90,0,0,2.34449e+07,21.9505,21.9505,21.9505,21.9505,0,0,0,0
02/27/2009 08:00,2,27,5,8,0,17.2,93,0,0,2.60045e+07,21.9505,21.9505,21.9505,21.9505,0,0,0,0
02/27/2009 09:00,2,27,5,9,0,18.3,90,0,3.1542e+06,5.56353e+07,22.0587,22.0587,22.0587,16.8904,0,0.193373,0,1.51029e+07
02/27/2009 10:00,2,27,5,10,0,21.7,73,0,3.96044e+06,5.66108e+07,22.1141,22.1141,22.1141,16.8904,0,0.243467,0,1.91397e+07
02/27/2009 11:00,2,27,5,11,0,22.2,71,0,6.89388e+06,6.02357e+07,22.1211,22.1211,22.1211,16.8904,0,0.447334,0,3.52112e+07
02/27/2009 12:00,2,27,5,12,0,23.9,60,0,6.50594e+06,5.97488e+07,22.1072,22.1072,22.1072,16.8904,0,0.418201,0,3.28308e+07
02/27/2009 13:00,2,27,5,13,0,24.4,58,0,5.75889e+06,5.44035e+07,22.0925,22.0925,22.0925,16.8904,0,0.366153,0,2.86639e+07
02/27/2009 14:00,2,27,5,14,0,24.4,60,0,6.8879e+06,6.0223e+07,22.0673,22.0673,22.0673,16.8904,0,0.445463,0,3.47041e+07
02/27/2009 15:00,2,27,5,15,0,24.4,60,0,7.36683e+06,6.08179e+07,22.0495,22.0495,22.0495,16.8904,0,0.479657,0,3.72389e+07
02/27/2009 16:00,2,27,5,16,0,23.3,64,0,8.7713e+06,6.25691e+07,22.037,22.037,22.037,16.8904,0,0.581467,0,4.50345e+07
02/27/2009 17:00,2,27,5,17,0,22.8,66,0,8.31885e+06,6.20032e+07,22.0235,22.0235,22.0235,16.8904,0,0.548101,0,4.23388e+07
02/27/2009 18:00,2,27,5,18,0,21.1,73,0,3.70022e+06,3.6402e+07,22.015,22.015,22.015,16.8904,0,0.226003,0,1.7429e+07
02/27/2009 19:00,2,27,5,19,0,20,78,0,0,2.28739e+07,22.0138,22.0138,22.0138,22.0138,0,0,0,0
02/27/2009 20:00,2,27,5,20,0,18.9,84,0,0,2.28739e+07,22.0138,22.0138,22.0138,22.0138,0,0,0,0
02/27/2009 21:00,2,27,5,21,0,18.3,87,0,0,1.97521e+07,22.0138,22.0138,22.0138,22.0138,0,0,0,0
02/27/2009 22:00,2,27,5,22,0,18.9,84,0,0,1.97521e+07,22.0138,22.0138,22.0138,22.0138,0,0,0,0
02/27/2009 23:00,2,27,5,23,0,18.9,87,0,0,1.69425e+07,22.0138,22.0138,22.0138,22.0138,0,0,0,0
02/28/2009 00:00,2,28,6,0,0,18.9,87,0,0,1.53816e+07,22.0138,22.0138,22.0138,22.0138,0,0,0,0
02/28/2009 01:00,2,28,6,1,0,19.4,84,0,0,2.07703e+07,22.0138,22.0138,22.0138,22.0138,0,0,0,0
02/28/2009 02:00,2,28,6,2,0,18.9,87,0,0,2.07703e+07,22.0138,22.0138,22.0138,22.0138,0,0,0,0
02/28/2009 03:00,2,28,6,3,0,19.4,84,0,0,2.07703e+07,22.0138,22.0138,22.0138,22.0138,0,0,0,0
02/28/2009 04:00,2,28,6,4,0,19.4,84,0,0,2.07703e+07,22.0138,22.0138,22.0138,22.0138,0,0,0,0
02/28/2009 05:00,2,28,6,5,0,19.4,84,0,0,2.07703e+07,22.0138,22.0138,22.0138,22.0138,0,0,0,0
02/28/2009 06:00,2,28,6,6,0,19.4,84,0,0,2.23312e+07,22.0138,22.0138,22.0138,22.0138,0,0,0,0
02/28/2009 07:00,2,28,6,7,0,19.4,84,0,453180,2.39848e+07,22.0377,22.0377,22.0377,16.8904,0,0.025876,0,2.00434e+06
02/28/2009 08:00,2,28,6,8,0,20,81,0,1.25457e+06,2.74773e+07,22.0845,22.0845,22.0845,16.8904,0,0.0645666,0,5.04671e+06
02/28/2009 09:00,2,28,6,9,0,21.1,76,0,6.68166e+06,5.99657e+07,22.1222,22.1222,22.1222,16.8904,0,0.430483,0,3.38925e+07
02/28/2009 10:00,2,28,6,10,0,22.2,71,0,7.82325e+06,6.13825e+07,22.1062,22.1062,22.1062,16.8904,0,0.511604,0,4.01558e+07
02/28/2009 11:00,2,28,6,11,0,23.3,64,0,8.35219e+06,6.20413e+07,22.0779,22.0779,22.0779,16.8904,0,0.549923,0,4.29311e+07
02/28/2009 12:00,2,28,6,12,0,23.9,60,0,8.56855e+06,6.23123e+07,22.0462,22.0462,22.0462,16.8904,0,0.566115,0,4.3924e+07
02/28/2009 13:00,2,28,6,13,0,23.9,60,0,7.10916e+06,5.60763e+07,22.0249,22.0249,22.0249,16.8904,0,0.461481,0,3.56571e+07
02/28/2009 14:00,2,28,6,14,0,25.6,54,0,8.69015e+06,6.24659e+07,22.0039,22.0039,22.0039,16.8904,0,0.575583,0,4.42915e+07
02/28/2009 15:00,2,28,6,15,0,24.4,58,0,8.51971e+06,6.22528e+07,21.9929,21.9929,21.9929,16.8904,0,0.562992,0,4.32298e+07
02/28/2009 16:00,2,28,6,16,0,25,56,0,8.93146e+06,6.27659e+07,21.9878,21.9878,21.9878,16.8904,0,0.592821,0,4.54752e+07
02/28/2009 17:00,2,28,6,17,0,25.6,54,0,1.06253e+07,6.48889e+07,21.984,21.984,21.984,16.8904,0,0.718666,0,5.50867e+07
02/28/2009 18:00,2,28,6,18,0,23.9,60,0,5.24499e+06,3.83036e+07,21.9769,21.9769,21.9769,16.8904,0,0.331388,0,2.53661e+07
02/28/2009 19:00,2,28,6,19,0,22.8,64,0,0,2.28739e+07,21.9762,21.9762,21.9762,21.9762,0,0,0,0
02/28/2009 20:00,2,28,6,20,0,21.7,71,0,0,2.28739e+07,21.9762,21.9762,21.9762,21.9762,0,0,0,0
02/28/2009 21:00,2,28,6,21,0,21.1,73,0,0,1.97521e+07,21.9762,21.9762,21.9762,21.9762,0,0,0,0
02/28/2009 22:00,2,28,6,22,0,20.6,78,0,0,1.97521e+07,21.9762,21.9762,21.9762,21.9762,0,0,0,0
02/28/2009 23:00,2,28,6,23,0,20.2,81,0,0,1.69425e+07,21.9762,21.9762,21.9762,21.9762,0,0,0,0
03/01/2009 00:00,3,1,0,0,0,19.7,81,0,0,1.53816e+07,21.9762,21.9762,21.9762,21.9762,0,0,0,0
03/01/2009 01:00,3,1,0,1,0,19.2,93,0,0,2.07703e+07,21.9762,21.9762,21.9762,21.9762,0,0,0,0
03/01/2009 02:00,3,1,0,2,0,18.7,93,0,0,2.07703e+07,21.9762,21.9762,21.9762,21.9762,0,0,0,0
03/01/2009 03:00,3,1,0,3,0,18.3,93,0,0,2.07703e+07,21.9762,21.9762,21.9762,21.9762,0,0,0,0
03/01/2009 04:00,3,1,0,4,0,17.8,93,0,0,2.07703e+07,21.9762,21.9762,21.9762,21.9762,0,0,0,0
03/01/2009 05:00,3,1,0,5,0,17.8,93,0,0,2.07703e+07,21.9762,21.9762,21.9762,21.9762,0,0,0,0
03/01/2009 06:00,3,1,0,6,0,17.2,97,0,0,2.23312e+07,21.9762,21.9762,21.9762,21.9762,0,0,0,0
03/01/2009 07:00,3,1,0,7,0,17.2,100,0,1.14651e+06,2.4807e+07,22.0415,22.0415,22.0415,16.8904,0,0.0641375,0,4.96412e+06
03/01/2009 08:00,3,1,0,8,0,17.8,97,0,2.01571e+06,2.84059e+07,22.0892,22.0892,22.0892,16.8904,0,0.113978,0,8.91707e+06
03/01/2009 09:00,3,1,0,9,0,18.3,93,0,7.1108e+06,6.04983e+07,22.1052,22.1052,22.1052,16.8904,0,0.461072,0,3.61824e+07
03/01/2009 10:00,3,1,0,10,0,20,84,0,7.95099e+06,6.15417e+07,22.0862,22.0862,22.0862,16.8904,0,0.520996,0,4.07362e+07
03/01/2009 11:00,3,1,0,11,0,21.1,79,0,8.43429e+06,6.21436e+07,22.0631,22.0631,22.0631,16.8904,0,0.55598,0,4.32798e+07
03/01/2009 12:00,3,1,0,12,0,22.8,69,0,1.00842e+07,6.4211e+07,22.0361,22.0361,22.0361,16.8904,0,0.679229,0,5.25975e+07
03/01/2009 13:00,3,1,0,13,0,22.2,66,0,7.74505e+06,5.68664e+07,22.0072,22.0072,22.0072,16.8904,0,0.507014,0,3.9041e+07
03/01/2009 14:00,3,1,0,14,0,22.8,69,0,9.77308e+06,6.38234e+07,21.978,21.978,21.978,16.8904,0,0.656702,0,5.02781e+07
03/01/2009 15:00,3,1,0,15,0,22.2,69,0,1.02139e+07,6.43731e+07,21.9717,21.9717,21.9717,16.8904,0,0.688527,0,5.26492e+07
03/01/2009 16:00,3,1,0,16,0,21.1,76,0,9.98028e+06,6.40786e+07,21.9664,21.9664,21.9664,16.8904,0,0.670495,0,5.12168e+07
03/01/2009 17:00,3,1,0,17,0,20,81,0,9.43216e+06,6.33925e+07,21.9659,21.9659,21.9659,16.8904,0,0.629906,0,4.81121e+07
03/01/2009 18:00,3,1,0,18,0,18.9,87,0,5.08161e+06,3.81029e+07,21.9664,21.9664,21.9664,16.8904,0,0.320628,0,2.44918e+07
03/01/2009 19:00,3,1,0,19,0,17.8,93,0,0,2.28739e+07,21.9645,21.9645,21.9645,21.9645,0,0,0,0
03/01/2009 20:00,3,1,0,20,0,17.8,93,0,0,2.28739e+07,21.9645,21.9645,21.9645,21.9645,0,0,0,0
03/01/2009 21:00,3,1,0,21,0,17.8,90,0,0,1.97521e+07,21.9645,21.9645,21.9645,21.9645,0,0,0,0
03/01/2009 22:00,3,1,0,22,0,17.8,90,0,0,1.97521e+07,21.9645,21.9645,21.9645,21.9645,0,0,0,0
03/01/2009 23:00,3,1,0,23,0,18.3,90,0,0,1.69425e+07,21.9645,21.9645,21.9645,21.9645,0,0,0,0
03/02/2009 00:00,3,2,1,0,0,18.3,87,0,0,1.53816e+07,21.9645,21.9645,21.9645,21.9645,0,0,0,0
03/02/2009 01:00,3,2,1,1,0,18.3,87,0,0,2.07703e+07,21.9645,21.9645,21.9645,21.9645,0,0,0,0
03/02/2009 02:00,3,2,1,2,0,18.3,87,0,0,2.07703e+07,21.9645,21.9645,21.9645,21.9645,0,0,0,0
03/02/2009 03:00,3,2,1,3,0,18.3,87,0,0,2.07703e+07,21.9645,21.9645,21.9645,21.9645,0,0,0,0
03/02/2009 04:00,3,2,1,4,0,17.8,90,0,0,2.07703e+07,21.9645,21.9645,21.9645,21.9645,0,0,0,0
03/02/2009 05:00,3,2,1,5,0,17.8,90,0,0,2.07703e+07,21.9645,21.9645,21.9645,21.9645,0,0,0,0
03/02/2009 06:00,3,2,1,6,0,18.3,87,0,0,2.23312e+07,21.9645,21.9645,21.9645,21.9645,0,0,0,0
03/02/2009 07:00,3,2,1,7,0,18.3,87,0,1.42397e+06,2.5128e+07,22.0228,22.0228,22.0228,16.8904,0,0.0770028,0,5.94067e+06
03/02/2009 08:00,3,2,1,8,0,18.9,87,0,2.11595e+06,2.85286e+07,22.0611,22.0611,22.0611,16.8904,0,0.120635,0,9.38687e+06
03/02/2009 09:00,3,2,1,9,0,18.9,90,0,6.84977e+06,6.01765e+07,22.0703,22.0703,22.0703,16.8904,0,0.443223,0,3.45491e+07
03/02/2009 10:00,3,2,1,10,0,18.9,90,0,7.38657e+06,6.08425e+07,22.0615,22.0615,22.0615,16.8904,0,0.481363,0,3.74587e+07
03/02/2009 11:00,3,2,1,11,0,18.9,90,0,7.72306e+06,6.12607e+07,22.0498,22.0498,22.0498,16.8904,0,0.505459,0,3.92446e+07
03/02/2009 12:00,3,2,1,12,0,18.9,93,0,7.90199e+06,6.14836e+07,22.0386,22.0386,22.0386,16.8904,0,0.518446,0,4.01658e+07
03/02/2009 13:00,3,2,1,13,0,18.9,93,0,6.87637e+06,5.57883e+07,22.0274,22.0274,22.0274,16.8904,0,0.445378,0,3.44301e+07
03/02/2009 14:00,3,2,1,14,0,19.4,93,0,8.06426e+06,6.16863e+07,22.0101,22.0101,22.0101,16.8904,0,0.530395,0,4.08641e+07
03/02/2009 15:00,3,2,1,15,0,18.9,97,0,8.07142e+06,6.16958e+07,22.0001,22.0001,22.0001,16.8904,0,0.531105,0,4.08388e+07
03/02/2009 16:00,3,2,1,16,0,18.3,93,0,8.568e+06,6.23133e+07,21.9985,21.9985,21.9985,16.8904,0,0.56668,0,4.35608e+07
03/02/2009 17:00,3,2,1,17,0,17.2,97,0,8.29457e+06,6.19737e+07,21.997,21.997,21.997,16.8904,0,0.547237,0,4.20538e+07
03/02/2009 18:00,3,2,1,18,0,17.8,93,0,4.39961e+06,3.72625e+07,21.9939,21.9939,21.9939,16.8904,0,0.273959,0,2.10402e+07
03/02/2009 19:00,3,2,1,19,0,17.8,93,0,0,2.28739e+07,21.9935,21.9935,21.9935,21.9935,0,0,0,0
03/02/2009 20:00,3,2,1,20,0,17.2,97,0,0,2.28739e+07,21.9935,21.9935,21.9935,21.9935,0,0,0,0
03/02/2009 21:00,3,2,1,21,0,17.2,97,0,0,1.97521e+07,21.9935,21.9935,21.9935,21.9935,0,0,0,0
03/02/2009 22:00,3,2,1,22,0,17.2,97,0,0,1.97521e+07,21.9935,21.9935,21.9935,21.9935,0,0,0,0
03/02/2009 23:00,3,2,1,23,0,16.1,97,0,0,1.69425e+07,21.9935,21.9935,21.9935,21.9935,0,0,0,0
03/03/2009 00:00,3,3,2,0,0,15.6,97,0,0,1.53816e+07,21.9935,21.9935,21.9935,21.9935,0,0,0,0
03/03/2009 01:00,3,3,2,1,0,15.6,97,0,0,2.07703e+07,21.9935,21.9935,21.9935,21.9935,0,0,0,0
03/03/2009 02:00,3,3,2,2,0,16.7,97,0,0,2.07703e+07,21.9935,21.9935,21.9935,21.9935,0,0,0,0
03/03/2009 03:00,3,3,2,3,0,16.7,97,0,0,2.07703e+07,21.9935,21.9935,21.9935,21.9935,0,0,0,0
03/03/2009 04:00,3,3,2,4,0,16.1,97,0,0,2.07703e+07,21.9935,21.9935,21.9935,21.9935,0,0,0,0
03/03/2009 05:00,3,3,2,5,0,16.7,93,0,0,2.07703e+07,21.9935,21.9935,21.9935,21.9935,0,0,0,0
03/03/2009 06:00,3,3,2,6,0,14.4,100,0,0,2.23312e+07,21.9935,21.9935,21.9935,21.9935,0,0,0,0
03/03/2009 07:00,3,3,2,7,0,11.1,93,0,638679,2.42121e+07,22.0141,22.0141,22.0141,16.8904,0,0.0383271,0,2.95387e+06
03/03/2009 08:00,3,3,2,8,0,11.1,90,0,675918,2.68168e+07,22.0137,22.0137,22.0137,16.8904,0,0.0406595,0,3.13483e+06
03/03/2009 09:00,3,3,2,9,0,10,80,0,4.48507e+06,5.72608e+07,22.0296,22.0296,22.0296,16.8904,0,0.28089,0,2.17253e+07
03/03/2009 10:00,3,3,2,10,0,11.1,74,0,5.66574e+06,5.87149e+07,22.0487,22.0487,22.0487,16.8904,0,0.361527,0,2.80635e+07
03/03/2009 11:00,3,3,2,11,0,12.2,67,0,6.18596e+06,5.93573e+07,22.0513,22.0513,22.0513,16.8904,0,0.397563,0,3.08763e+07
03/03/2009 12:00,3,3,2,12,0,13.9,62,0,6.87868e+06,6.02142e+07,22.0465,22.0465,22.0465,16.8904,0,0.445933,0,3.46009e+07
03/03/2009 13:00,3,3,2,13,0,13.3,60,0,5.78319e+06,5.44364e+07,22.0321,22.0321,22.0321,16.8904,0,0.369142,0,2.85628e+07
03/03/2009 14:00,3,3,2,14,0,14.4,56,0,6.88788e+06,6.0227e+07,22.0069,22.0069,22.0069,16.8904,0,0.446998,0,3.44175e+07
03/03/2009 15:00,3,3,2,15,0,14.4,58,0,7.01274e+06,6.03821e+07,21.999,21.999,21.999,16.8904,0,0.455946,0,3.50522e+07
03/03/2009 16:00,3,3,2,16,0,14.4,58,0,7.16286e+06,6.05684e+07,21.9956,21.9956,21.9956,16.8904,0,0.466591,0,3.58467e+07
03/03/2009 17:00,3,3,2,17,0,15,58,0,6.74323e+06,6.00494e+07,21.9972,21.9972,21.9972,16.8904,0,0.437377,0,3.36129e+07
03/03/2009 18:00,3,3,2,18,0,15.6,58,0,3.6498e+06,3.6342e+07,21.9999,21.9999,21.9999,16.8904,0,0.223323,0,1.71715e+07
03/03/2009 19:00,3,3,2,19,0,13.3,64,0,0,2.28739e+07,22.0003,22.0003,22.0003,22.0003,0,0,0,0
03/03/2009 20:00,3,3,2,20,0,12.8,64,0,0,2.28739e+07,22.0003,22.0003,22.0003,22.0003,0,0,0,0
03/03/2009 21:00,3,3,2,21,0,10,71,0,0,1.97521e+07,22.0003,22.0003,22.0003,22.0003,0,0,0,0
03/03/2009 22:00,3,3,2,22,0,8.3,74,0,0,1.97521e+07,22.0003,22.0003,22.0003,22.0003,0,0,0,0
03/03/2009 23:00,3,3,2,23,0,7.8,71,0,0,1.69425e+07,22.0003,22.0003,22.0003,22.0003,0,0,0,0
03/04/2009 00:00,3,4,3,0,0,7.2,74,0,0,1.53816e+07,22.0003,22.0003,22.0003,22.0003,0,0,0,0
03/04/2009 01:00,3,4,3,1,0,6.7,74,0,0,1.42679e+07,22.0003,22.0003,22.0003,22.0003,0,0,0,0
03/04/2009 02:00,3,4,3,2,0,6.1,76,0,0,1.42679e+07,22.0003,22.0003,22.0003,22.0003,0,0,0,0
03/04/2009 03:00,3,4,3,3,0,5.6,76,0,0,1.42679e+07,22.0003,22.0003,22.0003,22.0003,0,0,0,0
03/04/2009 04:00,3,4,3,4,0,5.6,76,0,0,1.42679e+07,22.0003,22.0003,22.0003,22.0003,0,0,0,0
03/04/2009 05:00,3,4,3,5,0,5.6,76,0,0,1.42679e+07,22.0003,22.0003,22.0003,22.0003,0,0,0,0
03/04/2009 06:00,3,4,3,6,0,5.6,76,0,0,1.42679e+07,22.0003,22.0003,22.0003,22.0003,0,0,0,0
03/04/2009 07:00,3,4,3,7,0,5.6,76,0,0,1.53816e+07,22.0003,22.0003,22.0003,22.0003,0,0,0,0
03/04/2009 08:00,3,4,3,8,0,6.1,74,0,0,1.20098e+07,22.0003,22.0003,22.0003,22.0003,0,0,0,0
03/04/2009 09:00,3,4,3,9,0,6.7,74,0,0,1.20098e+07,22.0003,22.0003,22.0003,22.0003,0,0,0,0
03/04/2009 10:00,3,4,3,10,0,9.4,64,0,0,1.20098e+07,22.0003,22.0003,22.0003,22.0003,0,0,0,0
03/04/2009 11:00,3,4,3,11,0,11.1,57,0,0,1.20098e+07,22.0003,22.0003,22.0003,22.0003,0,0,0,0
03/04/2009 12:00,3,4,3,12,0,12.2,55,0,0,1.20098e+07,22.0003,22.0003,22.0003,22.0003,0,0,0,0
03/04/2009 13:00,3,4,3,13,0,15,50,0,0,1.20098e+07,22.0003,22.0003,22.0003,22.0003,0,0,0,0
03/04/2009 14:00,3,4,3,14,0,14.4,51,0,0,1.20098e+07,22.0003,22.0003,22.0003,22.0003,0,0,0,0
03/04/2009 15:00,3,4,3,15,0,15.6,48,0,0,1.20098e+07,22.0003,22.0003,22.0003,22.0003,0,0,0,0
03/04/2009 16:00,3,4,3,16,0,16.7,46,0,0,1.20098e+07,22.0003,22.0003,22.0003,22.0003,0,0,0,0
03/04/2009 17:00,3,4,3,17,0,16.1,48,0,0,1.20098e+07,22.0003,22.0003,22.0003,22.0003,0,0,0,0
03/04/2009 18:00,3,4,3,18,0,14.4,62,0,0,1.20098e+07,22.0003,22.0003,22.0003,22.0003,0,0,0,0
03/04/2009 19:00,3,4,3,19,0,12.2,75,0,0,1.53816e+07,22.0003,22.0003,22.0003,22.0003,0,0,0,0
03/04/2009 20:00,3,4,3,20,0,11.1,80,0,0,1.53816e+07,22.0003,22.0003,22.0003,22.0003,0,0,0,0
03/04/2009 21:00,3,4,3,21,0,10.6,80,0,0,1.53816e+07,22.0003,22.0003,22.0003,22.0003,0,0,0,0
03/04/2009 22:00,3,4,3,22,0,11.1,77,0,0,1.53816e+07,22.0003,22.0003,22.0003,22.0003,0,0,0,0
03/04/2009 23:00,3,4,3,23,0,10,86,0,0,1.53816e+07,22.0003,22.0003,22.0003,22.0003,0,0,0,0
03/05/2009 00:00,3,5,4,0,0,8.9,93,0,0,1.53816e+07,22.0003,22.0003,22.0003,22.0003,0,0,0,0
03/05/2009 01:00,3,5,4,1,0,8.3,89,0,0,1.42679e+07,22.0003,22.0003,22.0003,22.0003,0,0,0,0
03/05/2009 02:00,3,5,4,2,0,8.3,89,0,0,1.42679e+07,22.0003,22.0003,22.0003,22.0003,0,0,0,0
03/05/2009 03:00,3,5,4,3,0,7.8,89,0,0,1.42679e+07,22.0003,22.0003,22.0003,22.0003,0,0,0,0
03/05/2009 04:00,3,5,4,4,0,7.8,86,0,0,1.42679e+07,22.0003,22.0003,22.0003,22.0003,0,0,0,0
03/05/2009 05:00,3,5,4,5,0,7.2,93,0,0,1.42679e+07,22.0003,22.0003,22.0003,22.0003,0,0,0,0
03/05/2009 06:00,3,5,4,6,0,7.2,89,0,0,1.42679e+07,22.0003,22.0003,22.0003,22.0003,0,0,0,0
03/05/2009 07:00,3,5,4,7,0,6.7,93,0,0,1.53816e+07,22.0003,22.0003,22.0003,22.0003,0,0,0,0
03/05/2009 08:00,3,5,4,8,0,8.9,89,0,0,1.20098e+07,22.0003,22.0003,22.0003,22.0003,0,0,0,0
03/05/2009 09:00,3,5,4,9,0,12.2,77,0,0,1.20098e+07,22.0003,22.0003,22.0003,22.0003,0,0,0,0
03/05/2009 10:00,3,5,4,10,0,15.6,58,0,0,1.20098e+07,22.0003,22.0003,22.0003,22.0003,0,0,0,0
03/05/2009 11:00,3,5,4,11,0,17.8,48,0,0,1.20098e+07,22.0003,22.0003,22.0003,22.0003,0,0,0,0
03/05/2009 12:00,3,5,4,12,0,18.9,45,0,0,1.20098e+07,22.0003,22.0003,22.0003,22.0003,0,0,0,0
03/05/2009 13:00,3,5,4,13,0,20.6,44,0,0,1.20098e+07,22.0003,22.0003,22.0003,22.0003,0,0,0,0
03/05/2009 14:00,3,5,4,14,0,21.7,40,0,0,1.20098e+07,22.0003,22.0003,22.0003,22.0003,0,0,0,0
03/05/2009 15:00,3,5,4,15,0,22.2,38,0,0,1.20098e+07,22.0003,22.0003,22.0003,22.0003,0,0,0,0
03/05/2009 16:00,3,5,4,16,0,22.8,36,0,0,1.20098e+07,22.0003,22.0003,22.0003,22.0003,0,0,0,0
03/05/2009 17:00,3,5,4,17,0,22.8,36,0,0,1.20098e+07,22.0003,22.0003,22.0003,22.0003,0,0,0,0
03/05/2009 18:00,3,5,4,18,0,21.1,47,0,0,1.20098e+07,22.0003,22.0003,22.0003,22.0003,0,0,0,0
03/05/2009 19:00,3,5,4,19,0,18.3,61,0,0,1.53816e+07,22.0003,22.0003,22.0003,22.0003,0,0,0,0
03/05/2009 20:00,3,5,4,20,0,16.7,70,0,0,1.53816e+07,22.0003,22.0003,22.0003,22.0003,0,0,0,0
03/05/2009 21:00,3,5,4,21,0,15.6,75,0,0,1.53816e+07,22.0003,22.0003,22.0003,22.0003,0,0,0,0
03/05/2009 22:00,3,5,4,22,0,13.3,83,0,0,1.53816e+07,22.0003,22.0003,22.0003,22.0003,0,0,0,0
03/05/2009 23:00,3,5,4,23,0,12.2,93,0,0,1.53816e+07,22.0003,22.0003,22.0003,22.0003,0,0,0,0
03/06/2009 00:00,3,6,5,0,0,12.2,90,0,0,1.53816e+07,22.0003,22.0003,22.0003,22.0003,0,0,0,0
03/06/2009 01:00,3,6,5,1,0,11.7,93,0,0,2.07703e+07,22.0003,22.0003,22.0003,22.0003,0,0,0,0
03/06/2009 02:00,3,6,5,2,0,10.6,96,0,0,2.07703e+07,22.0003,22.0003,22.0003,22.0003,0,0,0,0
03/06/2009 03:00,3,6,5,3,0,9.4,96,0,0,2.07703e+07,22.0003,22.0003,22.0003,22.0003,0,0,0,0
03/06/2009 04:00,3,6,5,4,0,10.6,93,0,0,2.07703e+07,22.0003,22.0003,22.0003,22.0003,0,0,0,0
03/06/2009 05:00,3,6,5,5,0,9.4,93,0,0,2.07703e+07,22.0003,22.0003,22.0003,22.0003,0,0,0,0
03/06/2009 06:00,3,6,5,6,0,8.9,89,0,0,2.23312e+07,22.0003,22.0003,22.0003,22.0003,0,0,0,0
03/06/2009 07:00,3,6,5,7,0,7.8,93,161476,0,2.36271e+07,21.2688,21.2688,21.2688,16.8904,0,0.00612969,0,403910
03/06/2009 08:00,3,6,5,8,0,10,83,0,580270,2.6708e+07,20.9713,20.9713,20.9713,17.7111,0,0.0360796,0,2.26165e+06
03/06/2009 09:00,3,6,5,9,0,13.3,67,0,1.63167e+06,5.37992e+07,21.6735,21.6735,21.6735,16.8904,0,0.100413,0,7.27598e+06
03/06/2009 10:00,3,6,5,10,0,16.7,50,0,2.53987e+06,5.49036e+07,21.867,21.867,21.867,16.8904,0,0.158418,0,1.18665e+07
03/06/2009 11:00,3,6,5,11,0,19.4,42,0,3.68092e+06,5.62896e+07,21.9153,21.9153,21.9153,16.8904,0,0.231011,0,1.74697e+07
03/06/2009 12:00,3,6,5,12,0,20.6,36,0,4.39733e+06,5.71621e+07,21.9643,21.9643,21.9643,16.8904,0,0.277364,0,2.11792e+07
03/06/2009 13:00,3,6,5,13,0,22.8,30,0,4.19255e+06,5.24893e+07,21.9706,21.9706,21.9706,16.8904,0,0.263786,0,2.01667e+07
03/06/2009 14:00,3,6,5,14,0,22.8,26,0,5.75225e+06,5.883e+07,21.9784,21.9784,21.9784,16.8904,0,0.369739,0,2.83101e+07
03/06/2009 15:00,3,6,5,15,0,23.9,25,0,7.08022e+06,6.04731e+07,21.986,21.986,21.986,16.8904,0,0.462151,0,3.54387e+07
03/06/2009 16:00,3,6,5,16,0,24.4,24,0,7.969e+06,6.15779e+07,21.9914,21.9914,21.9914,16.8904,0,0.525363,0,4.03287e+07
03/06/2009 17:00,3,6,5,17,0,24.4,23,0,8.14887e+06,6.18008e+07,21.9932,21.9932,21.9932,16.8904,0,0.537885,0,4.13043e+07
03/06/2009 18:00,3,6,5,18,0,23.3,29,0,4.32197e+06,3.71785e+07,21.9769,21.9769,21.9769,16.8904,0,0.270688,0,2.07197e+07
03/06/2009 19:00,3,6,5,19,0,17.8,45,0,0,2.28739e+07,21.9715,21.9715,21.9715,21.9715,0,0,0,0
03/06/2009 20:00,3,6,5,20,0,17.8,45,0,0,2.28739e+07,21.9715,21.9715,21.9715,21.9715,0,0,0,0
03/06/2009 21:00,3,6,5,21,0,16.7,60,0,0,1.97521e+07,21.9715,21.9715,21.9715,21.9715,0,0,0,0
03/06/2009 22:00,3,6,5,22,0,15.6,72,0,0,1.97521e+07,21.9715,21.9715,21.9715,21.9715,0,0,0,0
03/06/2009 23:00,3,6,5,23,0,12.2,83,0,0,1.69425e+07,21.9715,21.9715,21.9715,21.9715,0,0,0,0
03/07/2009 00:00,3,7,6,0,0,11.7,86,0,0,1.53816e+07,21.9715,21.9715,21.9715,21.9715,0,0,0,0
03/07/2009 01:00,3,7,6,1,0,10.6,90,0,0,2.07703e+07,21.9715,21.9715,21.9715,21.9715,0,0,0,0
03/07/2009 02:00,3,7,6,2,0,12.2,90,0,0,2.07703e+07,21.9715,21.9715,21.9715,21.9715,0,0,0,0
03/07/2009 03:00,3,7,6,3,0,12.8,93,0,0,2.07703e+07,21.9715,21.9715,21.9715,21.9715,0,0,0,0
03/07/2009 04:00,3,7,6,4,0,12.2,96,0,0,2.07703e+07,21.9715,21.9715,21.9715,21.9715,0,0,0,0
03/07/2009 05:00,3,7,6,5,0,9.4,96,0,0,2.07703e+07,21.9715,21.9715,21.9715,21.9715,0,0,0,0
03/07/2009 06:00,3,7,6,6,0,8.9,96,0,0,2.23312e+07,21.9715,21.9715,21.9715,21.9715,0,0,0,0
03/07/2009 07:00,3,7,6,7,0,10,100,0,0,2.34449e+07,21.9715,21.9715,21.9715,21.9715,0,0,0,0
03/07/2009 08:00,3,7,6,8,0,10.6,100,0,59046.1,2.60706e+07,21.974,21.974,21.974,19.431,0,0.00210036,0,160757
03/07/2009 09:00,3,7,6,9,0,12.2,100,0,3.21678e+06,5.57139e+07,22.0287,22.0287,22.0287,16.8904,0,0.19857,0,1.53579e+07
03/07/2009 10:00,3,7,6,10,0,14.4,100,0,3.90791e+06,5.65518e+07,22.0395,22.0395,22.0395,16.8904,0,0.241871,0,1.87412e+07
03/07/2009 11:00,3,7,6,11,0,17.2,90,0,5.62073e+06,5.86587e+07,22.035,22.035,22.035,16.8904,0,0.357967,0,2.77134e+07
03/07/2009 12:00,3,7,6,12,0,21.1,68,0,5.88646e+06,5.89865e+07,22.0393,22.0393,22.0393,16.8904,0,0.376346,0,2.9161e+07
03/07/2009 13:00,3,7,6,13,0,22.2,57,0,5.41524e+06,5.39819e+07,22.0349,22.0349,22.0349,16.8904,0,0.343441,0,2.65886e+07
03/07/2009 14:00,3,7,6,14,0,22.2,55,0,6.49412e+06,5.97376e+07,22.0247,22.0247,22.0247,16.8904,0,0.418609,0,3.23432e+07
03/07/2009 15:00,3,7,6,15,0,21.7,61,0,6.97903e+06,6.03383e+07,22.0189,22.0189,22.0189,16.8904,0,0.452708,0,3.49385e+07
03/07/2009 16:00,3,7,6,16,0,20.6,76,0,6.72399e+06,6.00229e+07,22.0173,22.0173,22.0173,16.8904,0,0.435002,0,3.35616e+07
03/07/2009 17:00,3,7,6,17,0,20,78,0,6.70533e+06,6e+07,22.0197,22.0197,22.0197,16.8904,0,0.433788,0,3.34836e+07
03/07/2009 18:00,3,7,6,18,0,19.4,84,0,3.40282e+06,3.60375e+07,22.0214,22.0214,22.0214,16.8904,0,0.206253,0,1.59258e+07
03/07/2009 19:00,3,7,6,19,0,18.9,87,0,0,2.28739e+07,22.0217,22.0217,22.0217,22.0217,0,0,0,0
03/07/2009 20:00,3,7,6,20,0,18.9,90,0,0,2.28739e+07,22.0217,22.0217,22.0217,22.0217,0,0,0,0
03/07/2009 21:00,3,7,6,21,0,18.9,90,0,0,1.97521e+07,22.0217,22.0217,22.0217,22.0217,0,0,0,0
03/07/2009 22:00,3,7,6,22,0,18.9,90,0,0,1.97521e+07,22.0217,22.0217,22.0217,22.0217,0,0,0,0
03/07/2009 23:00,3,7,6,23,0,18.9,93,0,0,1.69425e+07,22.0217,22.0217,22.0217,22.0217,0,0,0,0
03/08/2009 00:00,3,8,0,0,0,19.4,90,0,0,1.53816e+07,22.0217,22.0217,22.0217,22.0217,0,0,0,0
03/08/2009 01:00,3,8,0,1,0,19.4,93,0,0,2.07703e+07,22.0217,22.0217,22.0217,22.0217,0,0,0,0
03/08/2009 02:00,3,8,0,2,0,19.4,93,0,0,2.07703e+07,22.0217,22.0217,22.0217,22.0217,0,0,0,0
03/08/2009 03:00,3,8,0,3,0,19.4,97,0,0,2.07703e+07,22.0217,22.0217,22.0217,22.0217,0,0,0,0
03/08/2009 04:00,3,8,0,4,0,20,93,0,0,2.07703e+07,22.0217,22.0217,22.0217,22.0217,0,0,0,0
03/08/2009 05:00,3,8,0,5,0,20,93,0,0,2.07703e+07,22.0217,22.0217,22.0217,22.0217,0,0,0,0
03/08/2009 06:00,3,8,0,6,0,20,93,0,0,2.23312e+07,22.0217,22.0217,22.0217,22.0217,0,0,0,0
03/08/2009 07:00,3,8,0,7,0,20,93,0,426629,2.39527e+07,22.0414,22.0414,22.0414,16.8904,0,0.0242048,0,1.87526e+06
03/08/2009 08:00,3,8,0,8,0,20.6,90,0,1.16117e+06,2.73634e+07,22.104,22.104,22.104,16.8904,0,0.0585441,0,4.59321e+06
03/08/2009 09:00,3,8,0,9,0,21.1,90,0,6.91674e+06,6.02543e+07,22.1916,22.1916,22.1916,16.8904,0,0.446201,0,3.55952e+07
03/08/2009 10:00,3,8,0,10,0,22.2,82,0,8.33355e+06,6.20144e+07,22.1643,22.1643,22.1643,16.8904,0,0.54734,0,4.34399e+07
03/08/2009 11:00,3,8,0,11,0,22.8,76,0,8.58937e+06,6.23345e+07,22.1182,22.1182,22.1182,16.8904,0,0.566396,0,4.45621e+07
03/08/2009 12:00,3,8,0,12,0,23.9,74,0,9.35205e+06,6.32926e+07,22.0755,22.0755,22.0755,16.8904,0,0.624243,0,4.87099e+07
03/08/2009 13:00,3,8,0,13,0,20,73,0,6.8275e+06,5.57268e+07,22.0458,22.0458,22.0458,16.8904,0,0.441539,0,3.42554e+07
03/08/2009 14:00,3,8,0,14,0,18.3,84,0,8.90024e+06,6.27332e+07,22.0294,22.0294,22.0294,16.8904,0,0.592667,0,4.58342e+07
03/08/2009 15:00,3,8,0,15,0,20.6,73,0,9.717e+06,6.375e+07,22.0119,22.0119,22.0119,16.8904,0,0.65117,0,5.01864e+07
03/08/2009 16:00,3,8,0,16,0,21.1,66,0,8.56273e+06,6.23065e+07,21.9994,21.9994,21.9994,16.8904,0,0.566185,0,4.353e+07
03/08/2009 17:00,3,8,0,17,0,21.1,66,0,8.41417e+06,6.21222e+07,21.9923,21.9923,21.9923,16.8904,0,0.555708,0,4.26652e+07
03/08/2009 18:00,3,8,0,18,0,20,68,0,4.73963e+06,3.76807e+07,21.9879,21.9879,21.9879,16.8904,0,0.296882,0,2.27739e+07
03/08/2009 19:00,3,8,0,19,0,18.9,65,0,0,2.28739e+07,21.9849,21.9849,21.9849,21.9849,0,0,0,0
03/08/2009 20:00,3,8,0,20,0,18.3,65,0,0,2.28739e+07,21.9849,21.9849,21.9849,21.9849,0,0,0,0
03/08/2009 21:00,3,8,0,21,0,17.2,63,0,0,1.97521e+07,21.9849,21.9849,21.9849,21.9849,0,0,0,0
03/08/2009 22:00,3,8,0,22,0,16.1,63,0,0,1.97521e+07,21.9849,21.9849,21.9849,21.9849,0,0,0,0
03/08/2009 23:00,3,8,0,23,0,15.6,58,0,0,1.69425e+07,21.9849,21.9849,21.9849,21.9849,0,0,0,0
03/09/2009 00:00,3,9,1,0,0,15,56,0,0,1.53816e+07,21.9849,21.9849,21.9849,21.9849,0,0,0,0
03/09/2009 01:00,3,9,1,1,0,15,54,0,0,2.07703e+07,21.9849,21.9849,21.9849,21.9849,0,0,0,0
03/09/2009 02:00,3,9,1,2,0,14.4,53,0,0,2.07703e+07,21.9849,21.9849,21.9849,21.9849,0,0,0,0
03/09/2009 03:00,3,9,1,3,0,13.9,51,0,0,2.07703e+07,21.9849,21.9849,21.9849,21.9849,0,0,0,0
03/09/2009 04:00,3,9,1,4,0,13.3,49,0,0,2.07703e+07,21.9849,21.9849,21.9849,21.9849,0,0,0,0
03/09/2009 05:00,3,9,1,5,0,12.8,47,0,0,2.07703e+07,21.9849,21.9849,21.9849,21.9849,0,0,0,0
03/09/2009 06:00,3,9,1,6,0,12.2,57,0,0,2.23312e+07,21.9849,21.9849,21.9849,21.9849,0,0,0,0
03/09/2009 07:00,3,9,1,7,0,12.2,49,0,604923,2.41707e+07,22.0181,22.0181,22.0181,16.8904,0,0.0360616,0,2.78029e+06
03/09/2009 08:00,3,9,1,8,0,11.7,55,0,663835,2.6802e+07,22.0274,22.0274,22.0274,16.8904,0,0.0398379,0,3.07967e+06
03/09/2009 09:00,3,9,1,9,0,14.4,44,0,6.25133e+06,5.94507e+07,21.8229,21.8229,21.8229,16.8904,0,0.405316,0,3.00853e+07
03/09/2009 10:00,3,9,1,10,0,16.7,37,0,7.17138e+06,6.05911e+07,21.8385,21.8385,21.8385,16.8904,0,0.470461,0,3.50324e+07
03/09/2009 11:00,3,9,1,11,0,18.3,23,0,7.05271e+06,6.04377e+07,21.8805,21.8805,21.8805,16.8904,0,0.46054,0,3.45848e+07
03/09/2009 12:00,3,9,1,12,0,19.4,21,0,7.67883e+06,6.12193e+07,21.911,21.911,21.911,16.8904,0,0.506621,0,3.82774e+07
03/09/2009 13:00,3,9,1,13,0,20,22,0,6.97403e+06,5.59227e+07,21.919,21.919,21.919,16.8904,0,0.456479,0,3.45439e+07
03/09/2009 14:00,3,9,1,14,0,20.6,20,0,8.41004e+06,6.21323e+07,21.9163,21.9163,21.9163,16.8904,0,0.560248,0,4.23737e+07
03/09/2009 15:00,3,9,1,15,0,21.1,21,0,9.31351e+06,6.32539e+07,21.9216,21.9216,21.9216,16.8904,0,0.623967,0,4.72422e+07
03/09/2009 16:00,3,9,1,16,0,20.6,18,0,9.72374e+06,6.37655e+07,21.9277,21.9277,21.9277,16.8904,0,0.653375,0,4.95288e+07
03/09/2009 17:00,3,9,1,17,0,20.6,17,0,9.76282e+06,6.38147e+07,21.9288,21.9288,21.9288,16.8904,0,0.656094,0,4.97461e+07
03/09/2009 18:00,3,9,1,18,0,19.4,19,0,5.8944e+06,3.9116e+07,21.9233,21.9233,21.9233,16.8904,0,0.378681,0,2.86811e+07
03/09/2009 19:00,3,9,1,19,0,15.6,31,0,0,2.28739e+07,21.9189,21.9189,21.9189,21.9189,0,0,0,0
03/09/2009 20:00,3,9,1,20,0,12.8,44,0,0,2.28739e+07,21.9189,21.9189,21.9189,21.9189,0,0,0,0
03/09/2009 21:00,3,9,1,21,0,10.6,55,0,0,1.97521e+07,21.9189,21.9189,21.9189,21.9189,0,0,0,0
03/09/2009 22:00,3,9,1,22,0,11.1,53,0,0,1.97521e+07,21.9189,21.9189,21.9189,21.9189,0,0,0,0
03/09/2009 23:00,3,9,1,23,0,9.4,64,0,0,1.69425e+07,21.9189,21.9189,21.9189,21.9189,0,0,0,0
03/10/2009 00:00,3,10,2,0,0,8.3,74,0,0,1.53816e+07,21.9189,21.9189,21.9189,21.9189,0,0,0,0
03/10/2009 01:00,3,10,2,1,0,6.7,83,0,0,2.07703e+07,21.9189,21.9189,21.9189,21.9189,0,0,0,0
03/10/2009 02:00,3,10,2,2,0,6.7,80,0,0,2.07703e+07,21.9189,21.9189,21.9189,21.9189,0,0,0,0
03/10/2009 03:00,3,10,2,3,0,5.6,79,0,0,2.07703e+07,21.9189,21.9189,21.9189,21.9189,0,0,0,0
03/10/2009 04:00,3,10,2,4,0,5.6,79,0,0,2.07703e+07,21.9189,21.9189,21.9189,21.9189,0,0,0,0
03/10/2009 05:00,3,10,2,5,0,5,86,0,0,2.07703e+07,21.9189,21.9189,21.9189,21.9189,0,0,0,0
03/10/2009 06:00,3,10,2,6,0,4.4,86,0,0,2.23312e+07,21.9189,21.9189,21.9189,21.9189,0,0,0,0
03/10/2009 07:00,3,10,2,7,0,4.4,89,0,358777,2.38701e+07,21.9541,21.9541,21.9541,16.8904,0,0.0198121,0,1.50781e+06
03/10/2009 08:00,3,10,2,8,0,8.9,74,0,1.30358e+06,2.7581e+07,21.9251,21.9251,21.9251,16.8904,0,0.0804336,0,6.08814e+06
03/10/2009 09:00,3,10,2,9,0,15.6,58,0,5.35145e+06,5.83469e+07,21.9005,21.9005,21.9005,16.8904,0,0.345114,0,2.60176e+07
03/10/2009 10:00,3,10,2,10,0,18.3,40,0,6.72016e+06,6.00306e+07,21.9291,21.9291,21.9291,16.8904,0,0.438054,0,3.32172e+07
03/10/2009 11:00,3,10,2,11,0,21.7,31,0,7.61831e+06,6.11418e+07,21.954,21.954,21.954,16.8904,0,0.50116,0,3.81891e+07
03/10/2009 12:00,3,10,2,12,0,23.3,26,0,7.87268e+06,6.14599e+07,21.9675,21.9675,21.9675,16.8904,0,0.520248,0,3.97487e+07
03/10/2009 13:00,3,10,2,13,0,25,25,0,7.25556e+06,5.62728e+07,21.9592,21.9592,21.9592,16.8904,0,0.476563,0,3.63518e+07
03/10/2009 14:00,3,10,2,14,0,26.1,24,0,8.70335e+06,6.24952e+07,21.9527,21.9527,21.9527,16.8904,0,0.580569,0,4.42287e+07
03/10/2009 15:00,3,10,2,15,0,26.1,26,0,9.60582e+06,6.36169e+07,21.9541,21.9541,21.9541,16.8904,0,0.644588,0,4.91189e+07
03/10/2009 16:00,3,10,2,16,0,25,48,0,1.00314e+07,6.41495e+07,21.9527,21.9527,21.9527,16.8904,0,0.675614,0,5.14688e+07
03/10/2009 17:00,3,10,2,17,0,25,37,0,1.00039e+07,6.41147e+07,21.9529,21.9529,21.9529,16.8904,0,0.673325,0,5.12969e+07
03/10/2009 18:00,3,10,2,18,0,23.9,34,0,6.09467e+06,3.9363e+07,21.9452,21.9452,21.9452,16.8904,0,0.39235,0,2.98452e+07
03/10/2009 19:00,3,10,2,19,0,21.1,46,0,0,2.28739e+07,21.9406,21.9406,21.9406,21.9406,0,0,0,0
03/10/2009 20:00,3,10,2,20,0,19.4,57,0,0,2.28739e+07,21.9406,21.9406,21.9406,21.9406,0,0,0,0
03/10/2009 21:00,3,10,2,21,0,18.3,70,0,0,1.97521e+07,21.9406,21.9406,21.9406,21.9406,0,0,0,0
03/10/2009 22:00,3,10,2,22,0,17.2,84,0,0,1.97521e+07,21.9406,21.9406,21.9406,21.9406,0,0,0,0
03/10/2009 23:00,3,10,2,23,0,16.7,87,0,0,1.69425e+07,21.9406,21.9406,21.9406,21.9406,0,0,0,0
03/11/2009 00:00,3,11,3,0,0,16.7,87,0,0,1.53816e+07,21.9406,21.9406,21.9406,21.9406,0,0,0,0
03/11/2009 01:00,3,11,3,1,0,16.7,90,0,0,1.42679e+07,21.9406,21.9406,21.9406,21.9406,0,0,0,0
03/11/2009 02:00,3,11,3,2,0,16.7,90,0,0,1.42679e+07,21.9406,21.9406,21.9406,21.9406,0,0,0,0
03/11/2009 03:00,3,11,3,3,0,16.1,93,0,0,1.42679e+07,21.9406,21.9406,21.9406,21.9406,0,0,0,0
03/11/2009 04:00,3,11,3,4,0,16.1,93,0,0,1.42679e+07,21.9406,21.9406,21.9406,21.9406,0,0,0,0
03/11/2009 05:00,3,11,3,5,0,16.1,90,0,0,1.42679e+07,21.9406,21.9406,21.9406,21.9406,0,0,0,0
03/11/2009 06:00,3,11,3,6,0,16.1,87,0,0,1.42679e+07,21.9406,21.9406,21.9406,21.9406,0,0,0,0
03/11/2009 07:00,3,11,3,7,0,16.1,87,0,0,1.53816e+07,21.9406,21.9406,21.9406,21.9406,0,0,0,0
03/11/2009 08:00,3,11,3,8,0,17.8,78,0,0,1.20098e+07,21.9406,21.9406,21.9406,21.9406,0,0,0,0
03/11/2009 09:00,3,11,3,9,0,19.4,73,0,0,1.20098e+07,21.9406,21.9406,21.9406,21.9406,0,0,0,0
03/11/2009 10:00,3,11,3,10,0,22.2,59,0,0,1.20098e+07,21.9406,21.9406,21.9406,21.9406,0,0,0,0
03/11/2009 11:00,3,11,3,11,0,23.3,56,0,0,1.20098e+07,21.9406,21.9406,21.9406,21.9406,0,0,0,0
03/11/2009 12:00,3,11,3,12,0,23.9,54,0,0,1.20098e+07,21.9406,21.9406,21.9406,21.9406,0,0,0,0
03/11/2009 13:00,3,11,3,13,0,24.4,52,0,0,1.20098e+07,21.9406,21.9406,21.9406,21.9406,0,0,0,0
03/11/2009 14:00,3,11,3,14,0,24.4,52,0,0,1.20098e+07,21.9406,21.9406,21.9406,21.9406,0,0,0,0
03/11/2009 15:00,3,11,3,15,0,24.4,54,0,0,1.20098e+07,21.9406,21.9406,21.9406,21.9406,0,0,0,0
03/11/2009 16:00,3,11,3,16,0,22.8,62,0,0,1.20098e+07,21.9406,21.9406,21.9406,21.9406,0,0,0,0
03/11/2009 17:00,3,11,3,17,0,22.2,66,0,0,1.20098e+07,21.9406,21.9406,21.9406,21.9406,0,0,0,0
03/11/2009 18:00,3,11,3,18,0,21.7,71,0,0,1.20098e+07,21.9406,21.9406,21.9406,21.9406,0,0,0,0
03/11/2009 19:00,3,11,3,19,0,21.1,73,0,0,1.53816e+07,21.9406,21.9406,21.9406,21.9406,0,0,0,0
03/11/2009 20:00,3,11,3,20,0,20.6,81,0,0,1.53816e+07,21.9406,21.9406,21.9406,21.9406,0,0,0,0
03/11/2009 21:00,3,11,3,21,0,20,84,0,0,1.53816e+07,21.9406,21.9406,21.9406,21.9406,0,0,0,0
03/11/2009 22:00,3,11,3,22,0,20.6,84,0,0,1.53816e+07,21.9406,21.9406,21.9406,21.9406,0,0,0,0
03/11/2009 23:00,3,11,3,23,0,20,87,0,0,1.53816e+07,21.9406,21.9406,21.9406,21.9406,0,0,0,0
03/12/2009 00:00,3,12,4,0,0,20.6,84,0,0,1.53816e+07,21.9406,21.9406,21.9406,21.9406,0,0,0,0
03/12/2009 01:00,3,12,4,1,0,20,90,0,0,1.42679e+07,21.9406,21.9406,21.9406,21.9406,0,0,0,0
03/12/2009 02:00,3,12,4,2,0,20.6,81,0,0,1.42679e+07,21.9406,21.9406,21.9406,21.9406,0,0,0,0
03/12/2009 03:00,3,12,4,3,0,20,84,0,0,1.42679e+07,21.9406,21.9406,21.9406,21.9406,0,0,0,0
03/12/2009 04:00,3,12,4,4,0,20,87,0,0,1.42679e+07,21.9406,21.9406,21.9406,21.9406,0,0,0,0
03/12/2009 05:00,3,12,4,5,0,18.9,90,0,0,1.42679e+07,21.9406,21.9406,21.9406,21.9406,0,0,0,0
03/12/2009 06:00,3,12,4,6,0,19.4,87,0,0,1.42679e+07,21.9406,21.9406,21.9406,21.9406,0,0,0,0
03/12/2009 07:00,3,12,4,7,0,17.2,93,0,0,1.53816e+07,21.9406,21.9406,21.9406,21.9406,0,0,0,0
03/12/2009 08:00,3,12,4,8,0,19.4,90,0,0,1.20098e+07,21.9406,21.9406,21.9406,21.9406,0,0,0,0
03/12/2009 09:00,3,12,4,9,0,20.6,81,0,0,1.20098e+07,21.9406,21.9406,21.9406,21.9406,0,0,0,0
03/12/2009 10:00,3,12,4,10,0,21.7,48,0,0,1.20098e+07,21.9406,21.9406,21.9406,21.9406,0,0,0,0
03/12/2009 11:00,3,12,4,11,0,22.2,29,0,0,1.20098e+07,21.9406,21.9406,21.9406,21.9406,0,0,0,0
03/12/2009 12:00,3,12,4,12,0,23.9,26,0,0,1.20098e+07,21.9406,21.9406,21.9406,21.9406,0,0,0,0
03/12/2009 13:00,3,12,4,13,0,25,27,0,0,1.20098e+07,21.9406,21.9406,21.9406,21.9406,0,0,0,0
03/12/2009 14:00,3,12,4,14,0,25.6,24,0,0,1.20098e+07,21.9406,21.9406,21.9406,21.9406,0,0,0,0
03/12/2009 15:00,3,12,4,15,0,25.6,21,0,0,1.20098e+07,21.9406,21.9406,21.9406,21.9406,0,0,0,0
03/12/2009 16:00,3,12,4,16,0,25,18,0,0,1.20098e+07,21.9406,21.9406,21.9406,21.9406,0,0,0,0
03/12/2009 17:00,3,12,4,17,0,23.3,17,0,0,1.20098e+07,21.9406,21.9406,21.9406,21.9406,0,0,0,0
03/12/2009 18:00,3,12,4,18,0,22.2,15,0,0,1.20098e+07,21.9406,21.9406,21.9406,21.9406,0,0,0,0
03/12/2009 19:00,3,12,4,19,0,19.4,20,0,0,1.53816e+07,21.9406,21.9406,21.9406,21.9406,0,0,0,0
03/12/2009 20:00,3,12,4,20,0,17.8,28,0,0,1.53816e+07,21.9406,21.9406,21.9406,21.9406,0,0,0,0
03/12/2009 21:00,3,12,4,21,0,16.7,34,0,0,1.53816e+07,21.9406,21.9406,21.9406,21.9406,0,0,0,0
03/12/2009 22:00,3,12,4,22,0,15,38,0,0,1.53816e+07,21.9406,21.9406,21.9406,21.9406,0,0,0,0
03/12/2009 23:00,3,12,4,23,0,13.9,39,0,0,1.53816e+07,21.9406,21.9406,21.9406,21.9406,0,0,0,0
03/13/2009 00:00,3,13,5,0,0,12.8,42,0,0,1.53816e+07,21.9406,21.9406,21.9406,21.9406,0,0,0,0
03/13/2009 01:00,3,13,5,1,0,12.2,42,0,0,2.07703e+07,21.9406,21.9406,21.9406,21.9406,0,0,0,0
03/13/2009 02:00,3,13,5,2,0,11.1,43,0,0,2.07703e+07,21.9406,21.9406,21.9406,21.9406,0,0,0,0
03/13/2009 03:00,3,13,5,3,0,10,46,0,0,2.07703e+07,21.9406,21.9406,21.9406,21.9406,0,0,0,0
03/13/2009 04:00,3,13,5,4,0,9.4,46,0,0,2.07703e+07,21.9406,21.9406,21.9406,21.9406,0,0,0,0
03/13/2009 05:00,3,13,5,5,0,8.3,50,0,0,2.07703e+07,21.9406,21.9406,21.9406,21.9406,0,0,0,0
03/13/2009 06:00,3,13,5,6,0,8.3,46,0,0,2.23312e+07,21.9406,21.9406,21.9406,21.9406,0,0,0,0
03/13/2009 07:00,3,13,5,7,0,7.8,48,0,57032,2.3503e+07,21.9412,21.9412,21.9412,16.8904,0,0.000319195,0,24261.2
03/13/2009 08:00,3,13,5,8,0,8.9,44,0,848011,2.70226e+07,21.7961,21.7961,21.7961,16.8904,0,0.0500101,0,3.67825e+06
03/13/2009 09:00,3,13,5,9,0,11.7,38,0,5.1256e+06,5.8072e+07,21.689,21.689,21.689,16.8904,0,0.330618,0,2.38632e+07
03/13/2009 10:00,3,13,5,10,0,13.9,34,0,6.17716e+06,5.93648e+07,21.6974,21.6974,21.6974,16.8904,0,0.401813,0,2.90665e+07
03/13/2009 11:00,3,13,5,11,0,15.6,30,0,6.82974e+06,6.01711e+07,21.7262,21.7262,21.7262,16.8904,0,0.447439,0,3.25616e+07
03/13/2009 12:00,3,13,5,12,0,17.2,27,0,6.98153e+06,6.03607e+07,21.7758,21.7758,21.7758,16.8904,0,0.458923,0,3.37391e+07
03/13/2009 13:00,3,13,5,13,0,18.9,23,0,6.36582e+06,5.51764e+07,21.7903,21.7903,21.7903,16.8904,0,0.415659,0,3.06499e+07
03/13/2009 14:00,3,13,5,14,0,20,21,0,7.75092e+06,6.13178e+07,21.7993,21.7993,21.7993,16.8904,0,0.514286,0,3.79919e+07
03/13/2009 15:00,3,13,5,15,0,21.1,20,0,8.63859e+06,6.24175e+07,21.8238,21.8238,21.8238,16.8904,0,0.576243,0,4.27808e+07
03/13/2009 16:00,3,13,5,16,0,20.6,23,0,9.23856e+06,6.31645e+07,21.8565,21.8565,21.8565,16.8904,0,0.619055,0,4.6265e+07
03/13/2009 17:00,3,13,5,17,0,20.6,22,0,8.95737e+06,6.28103e+07,21.8868,21.8868,21.8868,16.8904,0,0.597486,0,4.49248e+07
03/13/2009 18:00,3,13,5,18,0,19.4,22,0,4.99807e+06,3.80054e+07,21.9046,21.9046,21.9046,16.8904,0,0.315765,0,2.38269e+07
03/13/2009 19:00,3,13,5,19,0,16.7,29,0,0,2.28739e+07,21.9026,21.9026,21.9026,21.9026,0,0,0,0
03/13/2009 20:00,3,13,5,20,0,15,32,0,0,2.28739e+07,21.9026,21.9026,21.9026,21.9026,0,0,0,0
03/13/2009 21:00,3,13,5,21,0,12.2,38,0,0,1.97521e+07,21.9026,21.9026,21.9026,21.9026,0,0,0,0
03/13/2009 22:00,3,13,5,22,0,10.6,36,0,0,1.97521e+07,21.9026,21.9026,21.9026,21.9026,0,0,0,0
03/13/2009 23:00,3,13,5,23,0,8.9,36,0,0,1.69425e+07,21.9026,21.9026,21.9026,21.9026,0,0,0,0
03/14/2009 00:00,3,14,6,0,0,7.8,37,0,0,1.53816e+07,21.9026,21.9026,21.9026,21.9026,0,0,0,0
03/14/2009 01:00,3,14,6,1,0,6.1,37,0,0,2.07703e+07,21.9026,21.9026,21.9026,21.9026,0,0,0,0
03/14/2009 02:00,3,14,6,2,0,5.6,33,0,0,2.07703e+07,21.9026,21.9026,21.9026,21.9026,0,0,0,0
03/14/2009 03:00,3,14,6,3,0,5,40,0,0,2.07703e+07,21.9026,21.9026,21.9026,21.9026,0,0,0,0
03/14/2009 04:00,3,14,6,4,0,3.9,43,0,0,2.07703e+07,21.9026,21.9026,21.9026,21.9026,0,0,0,0
03/14/2009 05:00,3,14,6,5,0,2.8,42,0,0,2.07703e+07,21.9026,21.9026,21.9026,21.9026,0,0,0,0
03/14/2009 06:00,3,14,6,6,0,2.2,40,0,0,2.23312e+07,21.9026,21.9026,21.9026,21.9026,0,0,0,0
03/14/2009 07:00,3,14,6,7,0,1.7,44,0,158615,2.36263e+07,21.9183,21.9183,21.9183,16.8904,0,0.0068036,0,514790
03/14/2009 08:00,3,14,6,8,0,4.4,39,0,509974,2.66074e+07,21.8874,21.8874,21.8874,16.8904,0,0.0274795,0,2.06321e+06
03/14/2009 09:00,3,14,6,9,0,5.6,33,0,3.62805e+06,5.62269e+07,21.7431,21.7431,21.7431,16.8904,0,0.228505,0,1.66583e+07
03/14/2009 10:00,3,14,6,10,0,8.3,26,0,4.22115e+06,5.69547e+07,21.7126,21.7126,21.7126,16.8904,0,0.26828,0,1.94648e+07
03/14/2009 11:00,3,14,6,11,0,10,23,0,5.11089e+06,5.80447e+07,21.723,21.723,21.723,16.8904,0,0.327454,0,2.38143e+07
03/14/2009 12:00,3,14,6,12,0,11.1,21,0,5.33988e+06,5.83272e+07,21.7681,21.7681,21.7681,16.8904,0,0.343467,0,2.52116e+07
03/14/2009 13:00,3,14,6,13,0,12.2,20,0,4.74297e+06,5.31694e+07,21.7954,21.7954,21.7954,16.8904,0,0.302519,0,2.23303e+07
03/14/2009 14:00,3,14,6,14,0,13.3,21,0,5.96865e+06,5.91049e+07,21.8096,21.8096,21.8096,16.8904,0,0.387446,0,2.8682e+07
03/14/2009 15:00,3,14,6,15,0,14.4,19,0,6.89962e+06,6.02549e+07,21.8245,21.8245,21.8245,16.8904,0,0.451538,0,3.35274e+07
03/14/2009 16:00,3,14,6,16,0,13.9,19,0,7.06783e+06,6.04619e+07,21.8589,21.8589,21.8589,16.8904,0,0.462619,0,3.45902e+07
03/14/2009 17:00,3,14,6,17,0,13.9,19,0,7.08531e+06,6.04833e+07,21.8827,21.8827,21.8827,16.8904,0,0.463574,0,3.48274e+07
03/14/2009 18:00,3,14,6,18,0,12.8,21,0,3.22819e+06,3.58329e+07,21.9027,21.9027,21.9027,16.8904,0,0.197069,0,1.48649e+07
03/14/2009 19:00,3,14,6,19,0,10,27,0,0,2.28739e+07,21.9029,21.9029,21.9029,21.9029,0,0,0,0
03/14/2009 20:00,3,14,6,20,0,7.8,39,0,0,2.28739e+07,21.9029,21.9029,21.9029,21.9029,0,0,0,0
03/14/2009 21:00,3,14,6,21,0,5.6,53,0,0,1.97521e+07,21.9029,21.9029,21.9029,21.9029,0,0,0,0
03/14/2009 22:00,3,14,6,22,0,5,49,0,0,1.97521e+07,21.9029,21.9029,21.9029,21.9029,0,0,0,0
03/14/2009 23:00,3,14,6,23,0,5.6,43,0,0,1.69425e+07,21.9029,21.9029,21.9029,21.9029,0,0,0,0
03/15/2009 00:00,3,15,0,0,0,3.3,65,0,0,1.53816e+07,21.9029,21.9029,21.9029,21.9029,0,0,0,0
03/15/2009 01:00,3,15,0,1,0,1.7,76,0,0,2.07703e+07,21.9029,21.9029,21.9029,21.9029,0,0,0,0
03/15/2009 02:00,3,15,0,2,0,1.1,76,0,0,2.07703e+07,21.9029,21.9029,21.9029,21.9029,0,0,0,0
03/15/2009 03:00,3,15,0,3,0,1.1,73,0,0,2.07703e+07,21.9029,21.9029,21.9029,21.9029,0,0,0,0
03/15/2009 04:00,3,15,0,4,0,1.1,79,0,0,2.07703e+07,21.9029,21.9029,21.9029,21.9029,0,0,0,0
03/15/2009 05:00,3,15,0,5,0,0,82,0,0,2.07703e+07,21.9029,21.9029,21.9029,21.9029,0,0,0,0
03/15/2009 06:00,3,15,0,6,0,1.1,79,0,0,2.23312e+07,21.9029,21.9029,21.9029,21.9029,0,0,0,0
03/15/2009 07:00,3,15,0,7,0,1.7,70,0,0,2.34449e+07,21.9029,21.9029,21.9029,21.9029,0,0,0,0
03/15/2009 08:00,3,15,0,8,0,7.2,52,0,183866,2.62225e+07,21.8851,21.8851,21.8851,18.5612,0,0.00999127,0,749915
03/15/2009 09:00,3,15,0,9,0,10.6,43,0,2.71692e+06,5.51091e+07,21.8921,21.8921,21.8921,16.8904,0,0.167249,0,1.25958e+07
03/15/2009 10:00,3,15,0,10,0,13.3,27,0,3.47193e+06,5.60431e+07,21.908,21.908,21.908,16.8904,0,0.220193,0,1.66257e+07
03/15/2009 11:00,3,15,0,11,0,15,25,0,4.42159e+06,5.71947e+07,21.9335,21.9335,21.9335,16.8904,0,0.279943,0,2.12466e+07
03/15/2009 12:00,3,15,0,12,0,16.7,22,0,4.75095e+06,5.75966e+07,21.9708,21.9708,21.9708,16.8904,0,0.301575,0,2.30569e+07
03/15/2009 13:00,3,15,0,13,0,17.8,22,0,4.41838e+06,5.27659e+07,21.9718,21.9718,21.9718,16.8904,0,0.279108,0,2.13428e+07
03/15/2009 14:00,3,15,0,14,0,17.2,24,0,5.97804e+06,5.91128e+07,21.9733,21.9733,21.9733,16.8904,0,0.386845,0,2.95904e+07
03/15/2009 15:00,3,15,0,15,0,17.8,24,0,6.9748e+06,6.03416e+07,21.9887,21.9887,21.9887,16.8904,0,0.454638,0,3.48811e+07
03/15/2009 16:00,3,15,0,16,0,16.7,28,0,7.43629e+06,6.09147e+07,21.9913,21.9913,21.9913,16.8904,0,0.487117,0,3.73923e+07
03/15/2009 17:00,3,15,0,17,0,16.1,30,0,7.32886e+06,6.07819e+07,21.9897,21.9897,21.9897,16.8904,0,0.479522,0,3.67977e+07
03/15/2009 18:00,3,15,0,18,0,14.4,35,0,2.83563e+06,3.53483e+07,21.9766,21.9766,21.9766,16.8904,0,0.16999,0,1.30112e+07
03/15/2009 19:00,3,15,0,19,0,12.8,40,0,0,2.28739e+07,21.9693,21.9693,21.9693,21.9693,0,0,0,0
03/15/2009 20:00,3,15,0,20,0,12.8,40,0,0,2.28739e+07,21.9693,21.9693,21.9693,21.9693,0,0,0,0
03/15/2009 21:00,3,15,0,21,0,12.8,40,0,0,1.97521e+07,21.9693,21.9693,21.9693,21.9693,0,0,0,0
03/15/2009 22:00,3,15,0,22,0,12.2,43,0,0,1.97521e+07,21.9693,21.9693,21.9693,21.9693,0,0,0,0
03/15/2009 23:00,3,15,0,23,0,11.7,45,0,0,1.69425e+07,21.9693,21.9693,21.9693,21.9693,0,0,0,0
03/16/2009 00:00,3,16,1,0,0,11.7,53,0,0,1.53816e+07,21.9693,21.9693,21.9693,21.9693,0,0,0,0
03/16/2009 01:00,3,16,1,1,0,11.7,55,0,0,2.07703e+07,21.9693,21.9693,21.9693,21.9693,0,0,0,0
03/16/2009 02:00,3,16,1,2,0,11.7,57,0,0,2.07703e+07,21.9693,21.9693,21.9693,21.9693,0,0,0,0
03/16/2009 03:00,3,16,1,3,0,11.1,61,0,0,2.07703e+07,21.9693,21.9693,21.9693,21.9693,0,0,0,0
03/16/2009 04:00,3,16,1,4,0,11.1,66,0,0,2.07703e+07,21.9693,21.9693,21.9693,21.9693,0,0,0,0
03/16/2009 05:00,3,16,1,5,0,11.1,64,0,0,2.07703e+07,21.9693,21.9693,21.9693,21.9693,0,0,0,0
03/16/2009 06:00,3,16,1,6,0,10.6,61,0,0,2.23312e+07,21.9693,21.9693,21.9693,21.9693,0,0,0,0
03/16/2009 07:00,3,16,1,7,0,11.1,59,0,0,2.34449e+07,21.9693,21.9693,21.9693,21.9693,0,0,0,0
03/16/2009 08:00,3,16,1,8,0,10.6,66,0,113643,2.61314e+07,21.9734,21.9734,21.9734,16.8904,0,0.00392819,0,300637
03/16/2009 09:00,3,16,1,9,0,11.7,57,0,2.40675e+06,5.47265e+07,21.9705,21.9705,21.9705,16.8904,0,0.146363,0,1.11756e+07
03/16/2009 10:00,3,16,1,10,0,12.2,59,0,3.37872e+06,5.59051e+07,21.9275,21.9275,21.9275,16.8904,0,0.207281,0,1.57122e+07
03/16/2009 11:00,3,16,1,11,0,14.4,51,0,3.54542e+06,5.61097e+07,21.9391,21.9391,21.9391,16.8904,0,0.218517,0,1.66024e+07
03/16/2009 12:00,3,16,1,12,0,14.4,56,0,3.91353e+06,5.65614e+07,21.954,21.954,21.954,16.8904,0,0.243203,0,1.85321e+07
03/16/2009 13:00,3,16,1,13,0,16.1,40,0,3.44332e+06,5.15589e+07,21.962,21.962,21.962,16.8904,0,0.210542,0,1.60687e+07
03/16/2009 14:00,3,16,1,14,0,15.6,43,0,4.71586e+06,5.75467e+07,21.9624,21.9624,21.9624,16.8904,0,0.297102,0,2.26767e+07
03/16/2009 15:00,3,16,1,15,0,15,48,0,4.89111e+06,5.77625e+07,21.9759,21.9759,21.9759,16.8904,0,0.309097,0,2.36555e+07
03/16/2009 16:00,3,16,1,16,0,15.6,44,0,5.20648e+06,5.81506e+07,21.9898,21.9898,21.9898,16.8904,0,0.330548,0,2.53661e+07
03/16/2009 17:00,3,16,1,17,0,14.4,48,0,5.36326e+06,5.83439e+07,22.0017,22.0017,22.0017,16.8904,0,0.341266,0,2.62494e+07
03/16/2009 18:00,3,16,1,18,0,13.9,53,0,1.8022e+06,3.40802e+07,22.0107,22.0107,22.0107,16.8904,0,0.101263,0,7.80258e+06
03/16/2009 19:00,3,16,1,19,0,13.3,55,0,0,2.28739e+07,22.0135,22.0135,22.0135,22.0135,0,0,0,0
03/16/2009 20:00,3,16,1,20,0,12.8,62,0,0,2.28739e+07,22.0135,22.0135,22.0135,22.0135,0,0,0,0
03/16/2009 21:00,3,16,1,21,0,12.8,64,0,0,1.97521e+07,22.0135,22.0135,22.0135,22.0135,0,0,0,0
03/16/2009 22:00,3,16,1,22,0,12.2,67,0,0,1.97521e+07,22.0135,22.0135,22.0135,22.0135,0,0,0,0
03/16/2009 23:00,3,16,1,23,0,11.7,77,0,0,1.69425e+07,22.0135,22.0135,22.0135,22.0135,0,0,0,0
03/17/2009 00:00,3,17,2,0,0,11.1,86,0,0,1.53816e+07,22.0135,22.0135,22.0135,22.0135,0,0,0,0
03/17/2009 01:00,3,17,2,1,0,11.7,86,0,0,2.07703e+07,22.0135,22.0135,22.0135,22.0135,0,0,0,0
03/17/2009 02:00,3,17,2,2,0,11.7,90,0,0,2.07703e+07,22.0135,22.0135,22.0135,22.0135,0,0,0,0
03/17/2009 03:00,3,17,2,3,0,12.2,86,0,0,2.07703e+07,22.0135,22.0135,22.0135,22.0135,0,0,0,0
03/17/2009 04:00,3,17,2,4,0,12.8,87,0,0,2.07703e+07,22.0135,22.0135,22.0135,22.0135,0,0,0,0
03/17/2009 05:00,3,17,2,5,0,13.3,87,0,0,2.07703e+07,22.0135,22.0135,22.0135,22.0135,0,0,0,0
03/17/2009 06:00,3,17,2,6,0,13.9,87,0,0,2.23312e+07,22.0135,22.0135,22.0135,22.0135,0,0,0,0
03/17/2009 07:00,3,17,2,7,0,14.4,84,0,0,2.34449e+07,22.0135,22.0135,22.0135,22.0135,0,0,0,0
03/17/2009 08:00,3,17,2,8,0,15,81,0,18584.1,2.60234e+07,22.0136,22.0136,22.0136,20.3058,0,7.84853e-05,0,6051.02
03/17/2009 09:00,3,17,2,9,0,16.7,78,0,2.35084e+06,5.46558e+07,22.0129,22.0129,22.0129,16.8904,0,0.142001,0,1.09413e+07
03/17/2009 10:00,3,17,2,10,0,17.8,73,0,3.35747e+06,5.58772e+07,22.0034,22.0034,22.0034,16.8904,0,0.205337,0,1.57967e+07
03/17/2009 11:00,3,17,2,11,0,17.2,78,0,4.4197e+06,5.71796e+07,22.009,22.009,22.009,16.8904,0,0.276092,0,2.12679e+07
03/17/2009 12:00,3,17,2,12,0,17.8,75,0,5.37312e+06,5.83529e+07,22.0315,22.0315,22.0315,16.8904,0,0.340927,0,2.63762e+07
03/17/2009 13:00,3,17,2,13,0,16.7,87,0,3.87454e+06,5.20857e+07,22.0448,22.0448,22.0448,16.8904,0,0.238715,0,1.85164e+07
03/17/2009 14:00,3,17,2,14,0,16.7,90,0,5.24798e+06,5.81993e+07,22.0393,22.0393,22.0393,16.8904,0,0.332597,0,2.57707e+07
03/17/2009 15:00,3,17,2,15,0,16.7,90,0,5.53654e+06,5.85553e+07,22.0418,22.0418,22.0418,16.8904,0,0.352481,0,2.73248e+07
03/17/2009 16:00,3,17,2,16,0,16.7,93,0,5.65956e+06,5.87073e+07,22.0448,22.0448,22.0448,16.8904,0,0.361045,0,2.8005e+07
03/17/2009 17:00,3,17,2,17,0,16.7,97,0,5.69874e+06,5.87559e+07,22.0479,22.0479,22.0479,16.8904,0,0.363862,0,2.82403e+07
03/17/2009 18:00,3,17,2,18,0,14.4,93,0,1.77384e+06,3.40445e+07,22.0439,22.0439,22.0439,16.8904,0,0.0992826,0,7.69965e+06
03/17/2009 19:00,3,17,2,19,0,15,93,0,0,2.28739e+07,22.0423,22.0423,22.0423,22.0423,0,0,0,0
03/17/2009 20:00,3,17,2,20,0,15,93,0,0,2.28739e+07,22.0423,22.0423,22.0423,22.0423,0,0,0,0
03/17/2009 21:00,3,17,2,21,0,13.9,93,0,0,1.97521e+07,22.0423,22.0423,22.0423,22.0423,0,0,0,0
03/17/2009 22:00,3,17,2,22,0,12.8,93,0,0,1.97521e+07,22.0423,22.0423,22.0423,22.0423,0,0,0,0
03/17/2009 23:00,3,17,2,23,0,11.7,90,0,0,1.69425e+07,22.0423,22.0423,22.0423,22.0423,0,0,0,0
03/18/2009 00:00,3,18,3,0,0,10.6,93,0,0,1.53816e+07,22.0423,22.0423,22.0423,22.0423,0,0,0,0
03/18/2009 01:00,3,18,3,1,0,9.4,90,0,0,1.42679e+07,22.0423,22.0423,22.0423,22.0423,0,0,0,0
03/18/2009 02:00,3,18,3,2,0,8.3,86,0,0,1.42679e+07,22.0423,22.0423,22.0423,22.0423,0,0,0,0
03/18/2009 03:00,3,18,3,3,0,7.2,89,0,0,1.42679e+07,22.0423,22.0423,22.0423,22.0423,0,0,0,0
03/18/2009 04:00,3,18,3,4,0,7.2,80,0,0,1.42679e+07,22.0423,22.0423,22.0423,22.0423,0,0,0,0
03/18/2009 05:00,3,18,3,5,0,7.2,80,0,0,1.42679e+07,22.0423,22.0423,22.0423,22.0423,0,0,0,0
03/18/2009 06:00,3,18,3,6,0,6.7,80,0,0,1.42679e+07,22.0423,22.0423,22.0423,22.0423,0,0,0,0
03/18/2009 07:00,3,18,3,7,0,6.1,80,0,0,1.53816e+07,22.0423,22.0423,22.0423,22.0423,0,0,0,0
03/18/2009 08:00,3,18,3,8,0,6.1,74,0,0,1.20098e+07,22.0423,22.0423,22.0423,22.0423,0,0,0,0
03/18/2009 09:00,3,18,3,9,0,6.1,74,0,0,1.20098e+07,22.0423,22.0423,22.0423,22.0423,0,0,0,0
03/18/2009 10:00,3,18,3,10,0,6.1,71,0,0,1.20098e+07,22.0423,22.0423,22.0423,22.0423,0,0,0,0
03/18/2009 11:00,3,18,3,11,0,6.7,68,0,0,1.20098e+07,22.0423,22.0423,22.0423,22.0423,0,0,0,0
03/18/2009 12:00,3,18,3,12,0,7.2,63,0,0,1.20098e+07,22.0423,22.0423,22.0423,22.0423,0,0,0,0
03/18/2009 13:00,3,18,3,13,0,7.8,61,0,0,1.20098e+07,22.0423,22.0423,22.0423,22.0423,0,0,0,0
03/18/2009 14:00,3,18,3,14,0,9.4,54,0,0,1.20098e+07,22.0423,22.0423,22.0423,22.0423,0,0,0,0
03/18/2009 15:00,3,18,3,15,0,10,52,0,0,1.20098e+07,22.0423,22.0423,22.0423,22.0423,0,0,0,0
03/18/2009 16:00,3,18,3,16,0,10,48,0,0,1.20098e+07,22.0423,22.0423,22.0423,22.0423,0,0,0,0
03/18/2009 17:00,3,18,3,17,0,10,48,0,0,1.20098e+07,22.0423,22.0423,22.0423,22.0423,0,0,0,0
03/18/2009 18:00,3,18,3,18,0,10,46,0,0,1.20098e+07,22.0423,22.0423,22.0423,22.0423,0,0,0,0
03/18/2009 19:00,3,18,3,19,0,8.3,52,0,0,1.53816e+07,22.0423,22.0423,22.0423,22.0423,0,0,0,0
03/18/2009 20:00,3,18,3,20,0,6.7,60,0,0,1.53816e+07,22.0423,22.0423,22.0423,22.0423,0,0,0,0
03/18/2009 21:00,3,18,3,21,0,5.6,65,0,0,1.53816e+07,22.0423,22.0423,22.0423,22.0423,0,0,0,0
03/18/2009 22:00,3,18,3,22,0,5,68,0,0,1.53816e+07,22.0423,22.0423,22.0423,22.0423,0,0,0,0
03/18/2009 23:00,3,18,3,23,0,4.4,68,0,0,1.53816e+07,22.0423,22.0423,22.0423,22.0423,0,0,0,0
03/19/2009 00:00,3,19,4,0,0,2.8,79,0,0,1.53816e+07,22.0423,22.0423,22.0423,22.0423,0,0,0,0
03/19/2009 01:00,3,19,4,1,0,2.8,79,0,0,1.42679e+07,22.0423,22.0423,22.0423,22.0423,0,0,0,0
03/19/2009 02:00,3,19,4,2,0,1.7,82,0,0,1.42679e+07,22.0423,22.0423,22.0423,22.0423,0,0,0,0
03/19/2009 03:00,3,19,4,3,0,1.7,79,0,0,1.42679e+07,22.0423,22.0423,22.0423,22.0423,0,0,0,0
03/19/2009 04:00,3,19,4,4,0,1.1,82,0,0,1.42679e+07,22.0423,22.0423,22.0423,22.0423,0,0,0,0
03/19/2009 05:00,3,19,4,5,0,1.1,79,0,0,1.42679e+07,22.0423,22.0423,22.0423,22.0423,0,0,0,0
03/19/2009 06:00,3,19,4,6,0,0,85,0,0,1.42679e+07,22.0423,22.0423,22.0423,22.0423,0,0,0,0
03/19/2009 07:00,3,19,4,7,0,1.1,79,0,0,1.53816e+07,22.0423,22.0423,22.0423,22.0423,0,0,0,0
03/19/2009 08:00,3,19,4,8,0,4.4,68,0,0,1.20098e+07,22.0423,22.0423,22.0423,22.0423,0,0,0,0
03/19/2009 09:00,3,19,4,9,0,7.8,52,0,0,1.20098e+07,22.0423,22.0423,22.0423,22.0423,0,0,0,0
03/19/2009 10:00,3,19,4,10,0,10,39,0,0,1.20098e+07,22.0423,22.0423,22.0423,22.0423,0,0,0,0
03/19/2009 11:00,3,19,4,11,0,11.1,37,0,0,1.20098e+07,22.0423,22.0423,22.0423,22.0423,0,0,0,0
03/19/2009 12:00,3,19,4,12,0,12.2,35,0,0,1.20098e+07,22.0423,22.0423,22.0423,22.0423,0,0,0,0
03/19/2009 13:00,3,19,4,13,0,13.3,33,0,0,1.20098e+07,22.0423,22.0423,22.0423,22.0423,0,0,0,0
03/19/2009 14:00,3,19,4,14,0,15,30,0,0,1.20098e+07,22.0423,22.0423,22.0423,22.0423,0,0,0,0
03/19/2009 15:00,3,19,4,15,0,16.7,27,0,0,1.20098e+07,22.0423,22.0423,22.0423,22.0423,0,0,0,0
03/19/2009 16:00,3,19,4,16,0,16.1,29,0,0,1.20098e+07,22.0423,22.0423,22.0423,22.0423,0,0,0,0
03/19/2009 17:00,3,19,4,17,0,16.7,29,0,0,1.20098e+07,22.0423,22.0423,22.0423,22.0423,0,0,0,0
03/19/2009 18:00,3,19,4,18,0,15.6,32,0,0,1.20098e+07,22.0423,22.0423,22.0423,22.0423,0,0,0,0
03/19/2009 19:00,3,19,4,19,0,12.2,45,0,0,1.53816e+07,22.0423,22.0423,22.0423,22.0423,0,0,0,0
03/19/2009 20:00,3,19,4,20,0,10.6,55,0,0,1.53816e+07,22.0423,22.0423,22.0423,22.0423,0,0,0,0
03/19/2009 21:00,3,19,4,21,0,8.9,66,0,0,1.53816e+07,22.0423,22.0423,22.0423,22.0423,0,0,0,0
03/19/2009 22:00,3,19,4,22,0,8.9,66,0,0,1.53816e+07,22.0423,22.0423,22.0423,22.0423,0,0,0,0
03/19/2009 23:00,3,19,4,23,0,7.8,71,0,0,1.53816e+07,22.0423,22.0423,22.0423,22.0423,0,0,0,0
03/20/2009 00:00,3,20,5,0,0,7.8,68,0,0,1.53816e+07,22.0423,22.0423,22.0423,22.0423,0,0,0,0
03/20/2009 01:00,3,20,5,1,0,8.9,61,0,0,2.07703e+07,22.0423,22.0423,22.0423,22.0423,0,0,0,0
03/20/2009 02:00,3,20,5,2,0,7.8,68,0,0,2.07703e+07,22.0423,22.0423,22.0423,22.0423,0,0,0,0
03/20/2009 03:00,3,20,5,3,0,7.2,74,0,0,2.07703e+07,22.0423,22.0423,22.0423,22.0423,0,0,0,0
03/20/2009 04:00,3,20,5,4,0,6.7,80,0,0,2.07703e+07,22.0423,22.0423,22.0423,22.0423,0,0,0,0
03/20/2009 05:00,3,20,5,5,0,6.1,83,0,0,2.07703e+07,22.0423,22.0423,22.0423,22.0423,0,0,0,0
03/20/2009 06:00,3,20,5,6,0,5.6,86,0,0,2.23312e+07,22.0423,22.0423,22.0423,22.0423,0,0,0,0
03/20/2009 07:00,3,20,5,7,0,6.1,86,1.88465e+06,0,2.56755e+07,15.7177,15.7177,17.1255,15.4826,0.045198,0.0567004,1.41454e+06,802823
03/20/2009 08:00,3,20,5,8,0,10.6,83,505074,0,2.65898e+07,14.2816,14.2816,16.8904,14.2816,0.0236966,0,930056,0
03/20/2009 09:00,3,20,5,9,0,13.9,58,0,418812,5.2331e+07,16.2297,16.2297,16.7123,15.9604,0.0158303,0.00925904,266718,112578
03/20/2009 10:00,3,20,5,10,0,16.7,46,0,854619,5.28655e+07,19.9493,19.9493,19.9493,16.8904,0,0.0539856,0,2.50164e+06
03/20/2009 11:00,3,20,5,11,0,18.9,34,0,1.49934e+06,5.36338e+07,21.4157,21.4157,21.4157,16.8904,0,0.0906875,0,6.18412e+06
03/20/2009 12:00,3,20,5,12,0,19.4,35,0,1.91885e+06,5.41408e+07,21.7895,21.7895,21.7895,16.8904,0,0.117023,0,8.62765e+06
03/20/2009 13:00,3,20,5,13,0,21.1,31,0,1.83345e+06,4.9616e+07,21.8513,21.8513,21.8513,16.8904,0,0.111949,0,8.35762e+06
03/20/2009 14:00,3,20,5,14,0,22.2,27,0,3.60011e+06,5.61869e+07,21.9414,21.9414,21.9414,16.8904,0,0.224959,0,1.71008e+07
03/20/2009 15:00,3,20,5,15,0,22.8,28,0,4.97003e+06,5.78663e+07,21.966,21.966,21.966,16.8904,0,0.315738,0,2.41164e+07
03/20/2009 16:00,3,20,5,16,0,22.8,27,0,5.8306e+06,5.89278e+07,21.9808,21.9808,21.9808,16.8904,0,0.3747,0,2.87035e+07
03/20/2009 17:00,3,20,5,17,0,22.2,30,0,6.04854e+06,5.91963e+07,21.9899,21.9899,21.9899,16.8904,0,0.389527,0,2.98926e+07
03/20/2009 18:00,3,20,5,18,0,21.1,34,0,2.27236e+06,3.46701e+07,21.9807,21.9807,21.9807,16.8904,0,0.13575,0,1.03987e+07
03/20/2009 19:00,3,20,5,19,0,18.3,39,0,0,2.28739e+07,21.9769,21.9769,21.9769,21.9769,0,0,0,0
03/20/2009 20:00,3,20,5,20,0,16.7,41,0,0,2.28739e+07,21.9769,21.9769,21.9769,21.9769,0,0,0,0
03/20/2009 21:00,3,20,5,21,0,16.1,40,0,0,1.97521e+07,21.9769,21.9769,21.9769,21.9769,0,0,0,0
03/20/2009 22:00,3,20,5,22,0,14.4,42,0,0,1.97521e+07,21.9769,21.9769,21.9769,21.9769,0,0,0,0
03/20/2009 23:00,3,20,5,23,0,12.8,53,0,0,1.69425e+07,21.9769,21.9769,21.9769,21.9769,0,0,0,0
03/21/2009 00:00,3,21,6,0,0,12.2,64,0,0,1.53816e+07,21.9769,21.9769,21.9769,21.9769,0,0,0,0
03/21/2009 01:00,3,21,6,1,0,12.2,72,0,0,2.07703e+07,21.9769,21.9769,21.9769,21.9769,0,0,0,0
03/21/2009 02:00,3,21,6,2,0,11.1,77,0,0,2.07703e+07,21.9769,21.9769,21.9769,21.9769,0,0,0,0
03/21/2009 03:00,3,21,6,3,0,11.7,77,0,0,2.07703e+07,21.9769,21.9769,21.9769,21.9769,0,0,0,0
03/21/2009 04:00,3,21,6,4,0,9.4,86,0,0,2.07703e+07,21.9769,21.9769,21.9769,21.9769,0,0,0,0
03/21/2009 05:00,3,21,6,5,0,8.3,89,0,0,2.07703e+07,21.9769,21.9769,21.9769,21.9769,0,0,0,0
03/21/2009 06:00,3,21,6,6,0,7.2,96,0,0,2.23312e+07,21.9769,21.9769,21.9769,21.9769,0,0,0,0
03/21/2009 07:00,3,21,6,7,0,7.8,93,0,0,2.00731e+07,21.9769,21.9769,21.9769,21.9769,0,0,0,0
03/21/2009 08:00,3,21,6,8,0,12.2,83,0,527207,2.66417e+07,21.9127,21.9127,21.9127,17.7382,0,0.0322,0,2.4276e+06
03/21/2009 09:00,3,21,6,9,0,16.1,70,0,3.31974e+06,5.58478e+07,21.9436,21.9436,21.9436,16.8904,0,0.207193,0,1.57806e+07
03/21/2009 10:00,3,21,6,10,0,17.8,63,0,4.60118e+06,5.74179e+07,21.9716,21.9716,21.9716,16.8904,0,0.292472,0,2.23624e+07
03/21/2009 11:00,3,21,6,11,0,19.4,55,0,5.6799e+06,5.87398e+07,21.9765,21.9765,21.9765,16.8904,0,0.364399,0,2.78906e+07
03/21/2009 12:00,3,21,6,12,0,21.1,46,0,6.22471e+06,5.94137e+07,21.9916,21.9916,21.9916,16.8904,0,0.402719,0,3.09154e+07
03/21/2009 13:00,3,21,6,13,0,22.2,41,0,5.83516e+06,5.4512e+07,21.9845,21.9845,21.9845,16.8904,0,0.376088,0,2.88308e+07
03/21/2009 14:00,3,21,6,14,0,23.3,38,0,7.44697e+06,6.09297e+07,21.9785,21.9785,21.9785,16.8904,0,0.48933,0,3.74675e+07
03/21/2009 15:00,3,21,6,15,0,24.4,36,0,8.56431e+06,6.23154e+07,21.9785,21.9785,21.9785,16.8904,0,0.567884,0,4.34822e+07
03/21/2009 16:00,3,21,6,16,0,24.4,39,0,8.99549e+06,6.28526e+07,21.9787,21.9787,21.9787,16.8904,0,0.598739,0,4.58469e+07
03/21/2009 17:00,3,21,6,17,0,24.4,39,0,8.95667e+06,6.28036e+07,21.9766,21.9766,21.9766,16.8904,0,0.595629,0,4.55897e+07
03/21/2009 18:00,3,21,6,18,0,23.9,37,0,4.77015e+06,3.77229e+07,21.9686,21.9686,21.9686,16.8904,0,0.299544,0,2.28915e+07
03/21/2009 19:00,3,21,6,19,0,21.1,49,0,0,2.28739e+07,21.965,21.965,21.965,21.965,0,0,0,0
03/21/2009 20:00,3,21,6,20,0,18.3,59,0,0,2.28739e+07,21.965,21.965,21.965,21.965,0,0,0,0
03/21/2009 21:00,3,21,6,21,0,17.2,70,0,0,1.97521e+07,21.965,21.965,21.965,21.965,0,0,0,0
03/21/2009 22:00,3,21,6,22,0,15.6,78,0,0,1.97521e+07,21.965,21.965,21.965,21.965,0,0,0,0
03/21/2009 23:00,3,21,6,23,0,15,81,0,0,1.69425e+07,21.965,21.965,21.965,21.965,0,0,0,0
03/22/2009 00:00,3,22,0,0,0,14.4,84,0,0,1.53816e+07,21.965,21.965,21.965,21.965,0,0,0,0
03/22/2009 01:00,3,22,0,1,0,15,81,0,0,2.07703e+07,21.965,21.965,21.965,21.965,0,0,0,0
03/22/2009 02:00,3,22,0,2,0,14.4,84,0,0,2.07703e+07,21.965,21.965,21.965,21.965,0,0,0,0
03/22/2009 03:00,3,22,0,3,0,13.9,87,0,0,2.07703e+07,21.965,21.965,21.965,21.965,0,0,0,0
03/22/2009 04:00,3,22,0,4,0,13.3,90,0,0,2.07703e+07,21.965,21.965,21.965,21.965,0,0,0,0
03/22/2009 05:00,3,22,0,5,0,11.1,93,0,0,2.07703e+07,21.965,21.965,21.965,21.965,0,0,0,0
03/22/2009 06:00,3,22,0,6,0,11.1,96,0,0,2.23312e+07,21.965,21.965,21.965,21.965,0,0,0,0
03/22/2009 07:00,3,22,0,7,0,11.1,93,0,335036,2.04691e+07,21.9929,21.9929,21.9929,16.8904,0,0.0181767,0,1.39571e+06
03/22/2009 08:00,3,22,0,8,0,15,87,0,624510,2.67395e+07,22.0287,22.0287,22.0287,16.8904,0,0.0328242,0,2.53818e+06
03/22/2009 09:00,3,22,0,9,0,17.2,81,0,5.44743e+06,5.84476e+07,21.9817,21.9817,21.9817,16.8904,0,0.346719,0,2.65636e+07
03/22/2009 10:00,3,22,0,10,0,19.4,66,0,6.18504e+06,5.93567e+07,21.9932,21.9932,21.9932,16.8904,0,0.397372,0,3.05152e+07
03/22/2009 11:00,3,22,0,11,0,20.6,61,0,7.63828e+06,6.11592e+07,21.9995,21.9995,21.9995,16.8904,0,0.500389,0,3.84723e+07
03/22/2009 12:00,3,22,0,12,0,21.7,57,0,7.26529e+06,6.06938e+07,22.0021,22.0021,22.0021,16.8904,0,0.473172,0,3.63987e+07
03/22/2009 13:00,3,22,0,13,0,22.2,55,0,6.90262e+06,5.58241e+07,21.9947,21.9947,21.9947,16.8904,0,0.448125,0,3.44218e+07
03/22/2009 14:00,3,22,0,14,0,22.2,57,0,7.33044e+06,6.07754e+07,21.9817,21.9817,21.9817,16.8904,0,0.478052,0,3.66272e+07
03/22/2009 15:00,3,22,0,15,0,22.8,57,0,8.8328e+06,6.26445e+07,21.9806,21.9806,21.9806,16.8904,0,0.585897,0,4.488e+07
03/22/2009 16:00,3,22,0,16,0,21.7,59,0,8.10427e+06,6.17366e+07,21.981,21.981,21.981,16.8904,0,0.533171,0,4.08444e+07
03/22/2009 17:00,3,22,0,17,0,21.1,61,0,8.03864e+06,6.16552e+07,21.9822,21.9822,21.9822,16.8904,0,0.528487,0,4.04951e+07
03/22/2009 18:00,3,22,0,18,0,20.6,63,0,4.5577e+06,3.74573e+07,21.9828,21.9828,21.9828,16.8904,0,0.284359,0,2.17914e+07
03/22/2009 19:00,3,22,0,19,0,18.3,73,0,0,2.28739e+07,21.9828,21.9828,21.9828,21.9828,0,0,0,0
03/22/2009 20:00,3,22,0,20,0,17.2,81,0,0,2.28739e+07,21.9828,21.9828,21.9828,21.9828,0,0,0,0
03/22/2009 21:00,3,22,0,21,0,17.2,84,0,0,1.97521e+07,21.9828,21.9828,21.9828,21.9828,0,0,0,0
03/22/2009 22:00,3,22,0,22,0,17.2,84,0,0,1.97521e+07,21.9828,21.9828,21.9828,21.9828,0,0,0,0
03/22/2009 23:00,3,22,0,23,0,17.2,87,0,0,1.69425e+07,21.9828,21.9828,21.9828,21.9828,0,0,0,0
03/23/2009 00:00,3,23,1,0,0,17.2,87,0,0,1.53816e+07,21.9828,21.9828,21.9828,21.9828,0,0,0,0
03/23/2009 01:00,3,23,1,1,0,17.2,90,0,0,2.07703e+07,21.9828,21.9828,21.9828,21.9828,0,0,0,0
03/23/2009 02:00,3,23,1,2,0,17.2,90,0,0,2.07703e+07,21.9828,21.9828,21.9828,21.9828,0,0,0,0
03/23/2009 03:00,3,23,1,3,0,17.2,93,0,0,2.07703e+07,21.9828,21.9828,21.9828,21.9828,0,0,0,0
03/23/2009 04:00,3,23,1,4,0,17.2,93,0,0,2.07703e+07,21.9828,21.9828,21.9828,21.9828,0,0,0,0
03/23/2009 05:00,3,23,1,5,0,17.8,90,0,0,2.07703e+07,21.9828,21.9828,21.9828,21.9828,0,0,0,0
03/23/2009 06:00,3,23,1,6,0,17.8,93,0,0,2.23312e+07,21.9828,21.9828,21.9828,21.9828,0,0,0,0
03/23/2009 07:00,3,23,1,7,0,17.8,93,0,578641,2.07667e+07,22.0157,22.0157,22.0157,16.8904,0,0.0342899,0,2.64252e+06
03/23/2009 08:00,3,23,1,8,0,18.3,90,0,1.26673e+06,2.74926e+07,22.0452,22.0452,22.0452,16.8904,0,0.0655142,0,5.08206e+06
03/23/2009 09:00,3,23,1,9,0,19.4,87,0,6.39276e+06,5.961e+07,22.0736,22.0736,22.0736,16.8904,0,0.410797,0,3.20422e+07
03/23/2009 10:00,3,23,1,10,0,21.1,76,0,7.3118e+06,6.07487e+07,22.069,22.069,22.069,16.8904,0,0.475619,0,3.7065e+07
03/23/2009 11:00,3,23,1,11,0,21.7,73,0,8.3325e+06,6.20169e+07,22.0548,22.0548,22.0548,16.8904,0,0.548538,0,4.26311e+07
03/23/2009 12:00,3,23,1,12,0,22.8,69,0,8.66175e+06,6.24279e+07,22.0337,22.0337,22.0337,16.8904,0,0.572685,0,4.43259e+07
03/23/2009 13:00,3,23,1,13,0,22.8,69,0,7.3505e+06,5.6376e+07,22.0132,22.0132,22.0132,16.8904,0,0.478697,0,3.69035e+07
03/23/2009 14:00,3,23,1,14,0,23.9,64,0,8.74799e+06,6.25371e+07,21.9905,21.9905,21.9905,16.8904,0,0.579465,0,4.44734e+07
03/23/2009 15:00,3,23,1,15,0,23.3,71,0,8.95508e+06,6.27955e+07,21.9856,21.9856,21.9856,16.8904,0,0.59457,0,4.55897e+07
03/23/2009 16:00,3,23,1,16,0,23.3,74,0,8.82568e+06,6.26343e+07,21.9827,21.9827,21.9827,16.8904,0,0.585213,0,4.48463e+07
03/23/2009 17:00,3,23,1,17,0,22.2,76,0,9.69046e+06,6.37149e+07,21.9833,21.9833,21.9833,16.8904,0,0.6483,0,4.96871e+07
03/23/2009 18:00,3,23,1,18,0,21.7,81,0,5.24246e+06,3.83005e+07,21.9821,21.9821,21.9821,16.8904,0,0.331207,0,2.53782e+07
03/23/2009 19:00,3,23,1,19,0,20,87,0,0,1.95021e+07,21.982,21.982,21.982,21.982,0,0,0,0
03/23/2009 20:00,3,23,1,20,0,19.4,90,0,0,2.28739e+07,21.982,21.982,21.982,21.982,0,0,0,0
03/23/2009 21:00,3,23,1,21,0,20,90,0,0,1.97521e+07,21.982,21.982,21.982,21.982,0,0,0,0
03/23/2009 22:00,3,23,1,22,0,19.4,90,0,0,1.97521e+07,21.982,21.982,21.982,21.982,0,0,0,0
03/23/2009 23:00,3,23,1,23,0,18.9,97,0,0,1.69425e+07,21.982,21.982,21.982,21.982,0,0,0,0
03/24/2009 00:00,3,24,2,0,0,18.9,97,0,0,1.53816e+07,21.982,21.982,21.982,21.982,0,0,0,0
03/24/2009 01:00,3,24,2,1,0,19.4,97,0,0,2.07703e+07,21.982,21.982,21.982,21.982,0,0,0,0
03/24/2009 02:00,3,24,2,2,0,19.4,97,0,0,2.07703e+07,21.982,21.982,21.982,21.982,0,0,0,0
03/24/2009 03:00,3,24,2,3,0,19.4,97,0,0,2.07703e+07,21.982,21.982,21.982,21.982,0,0,0,0
03/24/2009 04:00,3,24,2,4,0,20,97,0,0,2.07703e+07,21.982,21.982,21.982,21.982,0,0,0,0
03/24/2009 05:00,3,24,2,5,0,20,97,0,0,2.07703e+07,21.982,21.982,21.982,21.982,0,0,0,0
03/24/2009 06:00,3,24,2,6,0,20,97,0,0,2.23312e+07,21.982,21.982,21.982,21.982,0,0,0,0
03/24/2009 07:00,3,24,2,7,0,20.6,97,0,2.35976e+06,2.28972e+07,22.1248,22.1248,22.1248,16.8904,0,0.137337,0,1.07964e+07
03/24/2009 08:00,3,24,2,8,0,20.6,97,0,2.44535e+06,2.89304e+07,22.1466,22.1466,22.1466,16.8904,0,0.141928,0,1.12262e+07
03/24/2009 09:00,3,24,2,9,0,21.1,93,0,7.81917e+06,6.13754e+07,22.1385,22.1385,22.1385,16.8904,0,0.510703,0,4.03335e+07
03/24/2009 10:00,3,24,2,10,0,21.7,93,0,8.60163e+06,6.23495e+07,22.1091,22.1091,22.1091,16.8904,0,0.567259,0,4.4549e+07
03/24/2009 11:00,3,24,2,11,0,23.9,82,0,9.35735e+06,6.3293e+07,22.0743,22.0743,22.0743,16.8904,0,0.622605,0,4.857e+07
03/24/2009 12:00,3,24,2,12,0,25.6,72,0,9.92916e+06,6.40087e+07,22.0471,22.0471,22.0471,16.8904,0,0.66506,0,5.16106e+07
03/24/2009 13:00,3,24,2,13,0,26.1,62,0,8.83638e+06,5.82239e+07,22.0136,22.0136,22.0136,16.8904,0,0.585371,0,4.5131e+07
03/24/2009 14:00,3,24,2,14,0,26.7,60,0,9.85505e+06,6.39192e+07,21.9821,21.9821,21.9821,16.8904,0,0.660538,0,5.06123e+07
03/24/2009 15:00,3,24,2,15,0,26.1,62,0,9.98824e+06,6.40859e+07,21.9741,21.9741,21.9741,16.8904,0,0.670439,0,5.12904e+07
03/24/2009 16:00,3,24,2,16,0,26.1,65,0,1.01435e+07,6.42801e+07,21.9694,21.9694,21.9694,16.8904,0,0.681898,0,5.2119e+07
03/24/2009 17:00,3,24,2,17,0,24.4,74,0,9.7276e+06,6.37605e+07,21.9682,21.9682,21.9682,16.8904,0,0.651437,0,4.97792e+07
03/24/2009 18:00,3,24,2,18,0,23.9,76,0,6.05036e+06,3.92982e+07,21.9698,21.9698,21.9698,16.8904,0,0.387286,0,2.96033e+07
03/24/2009 19:00,3,24,2,19,0,22.8,82,0,0,1.95021e+07,21.9699,21.9699,21.9699,21.9699,0,0,0,0
03/24/2009 20:00,3,24,2,20,0,22.2,84,0,0,2.28739e+07,21.9699,21.9699,21.9699,21.9699,0,0,0,0
03/24/2009 21:00,3,24,2,21,0,22.2,87,0,0,1.97521e+07,21.9699,21.9699,21.9699,21.9699,0,0,0,0
03/24/2009 22:00,3,24,2,22,0,21.7,90,0,0,1.97521e+07,21.9699,21.9699,21.9699,21.9699,0,0,0,0
03/24/2009 23:00,3,24,2,23,0,21.7,90,0,0,1.69425e+07,21.9699,21.9699,21.9699,21.9699,0,0,0,0
03/25/2009 00:00,3,25,3,0,0,21.1,97,0,0,1.53816e+07,21.9699,21.9699,21.9699,21.9699,0,0,0,0
03/25/2009 01:00,3,25,3,1,0,21.7,93,0,0,1.42679e+07,21.9699,21.9699,21.9699,21.9699,0,0,0,0
03/25/2009 02:00,3,25,3,2,0,21.7,93,0,0,1.42679e+07,21.9699,21.9699,21.9699,21.9699,0,0,0,0
03/25/2009 03:00,3,25,3,3,0,21.7,90,0,0,1.42679e+07,21.9699,21.9699,21.9699,21.9699,0,0,0,0
03/25/2009 04:00,3,25,3,4,0,21.7,93,0,0,1.42679e+07,21.9699,21.9699,21.9699,21.9699,0,0,0,0
03/25/2009 05:00,3,25,3,5,0,21.7,90,0,0,1.42679e+07,21.9699,21.9699,21.9699,21.9699,0,0,0,0
03/25/2009 06:00,3,25,3,6,0,21.1,93,0,0,1.42679e+07,21.9699,21.9699,21.9699,21.9699,0,0,0,0
03/25/2009 07:00,3,25,3,7,0,21.1,93,0,0,1.20098e+07,21.9699,21.9699,21.9699,21.9699,0,0,0,0
03/25/2009 08:00,3,25,3,8,0,22.2,90,0,0,1.20098e+07,21.9699,21.9699,21.9699,21.9699,0,0,0,0
03/25/2009 09:00,3,25,3,9,0,23.9,79,0,0,1.20098e+07,21.9699,21.9699,21.9699,21.9699,0,0,0,0
03/25/2009 10:00,3,25,3,10,0,25,74,0,0,1.20098e+07,21.9699,21.9699,21.9699,21.9699,0,0,0,0
03/25/2009 11:00,3,25,3,11,0,26.1,69,0,0,1.20098e+07,21.9699,21.9699,21.9699,21.9699,0,0,0,0
03/25/2009 12:00,3,25,3,12,0,27.8,65,0,0,1.20098e+07,21.9699,21.9699,21.9699,21.9699,0,0,0,0
03/25/2009 13:00,3,25,3,13,0,27.8,59,0,0,1.20098e+07,21.9699,21.9699,21.9699,21.9699,0,0,0,0
03/25/2009 14:00,3,25,3,14,0,26.7,63,0,0,1.20098e+07,21.9699,21.9699,21.9699,21.9699,0,0,0,0
03/25/2009 15:00,3,25,3,15,0,27.2,60,0,0,1.20098e+07,21.9699,21.9699,21.9699,21.9699,0,0,0,0
03/25/2009 16:00,3,25,3,16,0,27.2,63,0,0,1.20098e+07,21.9699,21.9699,21.9699,21.9699,0,0,0,0
03/25/2009 17:00,3,25,3,17,0,27.8,61,0,0,1.20098e+07,21.9699,21.9699,21.9699,21.9699,0,0,0,0
03/25/2009 18:00,3,25,3,18,0,27.2,63,0,0,1.20098e+07,21.9699,21.9699,21.9699,21.9699,0,0,0,0
03/25/2009 19:00,3,25,3,19,0,24.4,71,0,0,1.20098e+07,21.9699,21.9699,21.9699,21.9699,0,0,0,0
03/25/2009 20:00,3,25,3,20,0,24.4,71,0,0,1.53816e+07,21.9699,21.9699,21.9699,21.9699,0,0,0,0
03/25/2009 21:00,3,25,3,21,0,22.8,82,0,0,1.53816e+07,21.9699,21.9699,21.9699,21.9699,0,0,0,0
03/25/2009 22:00,3,25,3,22,0,21.7,87,0,0,1.53816e+07,21.9699,21.9699,21.9699,21.9699,0,0,0,0
03/25/2009 23:00,3,25,3,23,0,20.6,90,0,0,1.53816e+07,21.9699,21.9699,21.9699,21.9699,0,0,0,0
03/26/2009 00:00,3,26,4,0,0,20,93,0,0,1.53816e+07,21.9699,21.9699,21.9699,21.9699,0,0,0,0
03/26/2009 01:00,3,26,4,1,0,20,93,0,0,1.42679e+07,21.9699,21.9699,21.9699,21.9699,0,0,0,0
03/26/2009 02:00,3,26,4,2,0,20.6,90,0,0,1.42679e+07,21.9699,21.9699,21.9699,21.9699,0,0,0,0
03/26/2009 03:00,3,26,4,3,0,20,97,0,0,1.42679e+07,21.9699,21.9699,21.9699,21.9699,0,0,0,0
03/26/2009 04:00,3,26,4,4,0,20,97,0,0,1.42679e+07,21.9699,21.9699,21.9699,21.9699,0,0,0,0
03/26/2009 05:00,3,26,4,5,0,20,97,0,0,1.42679e+07,21.9699,21.9699,21.9699,21.9699,0,0,0,0
03/26/2009 06:00,3,26,4,6,0,20,97,0,0,1.42679e+07,21.9699,21.9699,21.9699,21.9699,0,0,0,0
03/26/2009 07:00,3,26,4,7,0,20.6,93,0,0,1.20098e+07,21.9699,21.9699,21.9699,21.9699,0,0,0,0
03/26/2009 08:00,3,26,4,8,0,21.1,87,0,0,1.20098e+07,21.9699,21.9699,21.9699,21.9699,0,0,0,0
03/26/2009 09:00,3,26,4,9,0,22.2,84,0,0,1.20098e+07,21.9699,21.9699,21.9699,21.9699,0,0,0,0
03/26/2009 10:00,3,26,4,10,0,23.3,79,0,0,1.20098e+07,21.9699,21.9699,21.9699,21.9699,0,0,0,0
03/26/2009 11:00,3,26,4,11,0,25,71,0,0,1.20098e+07,21.9699,21.9699,21.9699,21.9699,0,0,0,0
03/26/2009 12:00,3,26,4,12,0,26.7,65,0,0,1.20098e+07,21.9699,21.9699,21.9699,21.9699,0,0,0,0
03/26/2009 13:00,3,26,4,13,0,28.3,61,0,0,1.20098e+07,21.9699,21.9699,21.9699,21.9699,0,0,0,0
03/26/2009 14:00,3,26,4,14,0,29.4,55,0,0,1.20098e+07,21.9699,21.9699,21.9699,21.9699,0,0,0,0
03/26/2009 15:00,3,26,4,15,0,28.3,57,0,0,1.20098e+07,21.9699,21.9699,21.9699,21.9699,0,0,0,0
03/26/2009 16:00,3,26,4,16,0,28.9,53,0,0,1.20098e+07,21.9699,21.9699,21.9699,21.9699,0,0,0,0
03/26/2009 17:00,3,26,4,17,0,27.8,53,0,0,1.20098e+07,21.9699,21.9699,21.9699,21.9699,0,0,0,0
03/26/2009 18:00,3,26,4,18,0,27.2,54,0,0,1.20098e+07,21.9699,21.9699,21.9699,21.9699,0,0,0,0
03/26/2009 19:00,3,26,4,19,0,25.6,56,0,0,1.20098e+07,21.9699,21.9699,21.9699,21.9699,0,0,0,0
03/26/2009 20:00,3,26,4,20,0,24.4,71,0,0,1.53816e+07,21.9699,21.9699,21.9699,21.9699,0,0,0,0
03/26/2009 21:00,3,26,4,21,0,23.3,82,0,0,1.53816e+07,21.9699,21.9699,21.9699,21.9699,0,0,0,0
03/26/2009 22:00,3,26,4,22,0,21.1,87,0,0,1.53816e+07,21.9699,21.9699,21.9699,21.9699,0,0,0,0
03/26/2009 23:00,3,26,4,23,0,19.4,93,0,0,1.53816e+07,21.9699,21.9699,21.9699,21.9699,0,0,0,0
03/27/2009 00:00,3,27,5,0,0,19.4,93,0,0,1.53816e+07,21.9699,21.9699,21.9699,21.9699,0,0,0,0
03/27/2009 01:00,3,27,5,1,0,18.9,93,0,0,2.07703e+07,21.9699,21.9699,21.9699,21.9699,0,0,0,0
03/27/2009 02:00,3,27,5,2,0,18.3,93,0,0,2.07703e+07,21.9699,21.9699,21.9699,21.9699,0,0,0,0
03/27/2009 03:00,3,27,5,3,0,17.2,81,0,0,2.07703e+07,21.9699,21.9699,21.9699,21.9699,0,0,0,0
03/27/2009 04:00,3,27,5,4,0,16.1,72,0,0,2.07703e+07,21.9699,21.9699,21.9699,21.9699,0,0,0,0
03/27/2009 05:00,3,27,5,5,0,15,70,0,0,2.07703e+07,21.9699,21.9699,21.9699,21.9699,0,0,0,0
03/27/2009 06:00,3,27,5,6,0,15.6,62,0,0,2.23312e+07,21.9699,21.9699,21.9699,21.9699,0,0,0,0
03/27/2009 07:00,3,27,5,7,0,15.6,56,0,2.1007e+06,2.25825e+07,22.0992,22.0992,22.0992,16.8904,0,0.120968,0,9.46254e+06
03/27/2009 08:00,3,27,5,8,0,17.8,47,0,3.34177e+06,3.00292e+07,22.116,22.116,22.116,16.8904,0,0.201394,0,1.58371e+07
03/27/2009 09:00,3,27,5,9,0,20,47,0,9.40069e+06,6.33495e+07,22.09,22.09,22.09,16.8904,0,0.626038,0,4.89864e+07
03/27/2009 10:00,3,27,5,10,0,22.8,40,0,1.07877e+07,6.50894e+07,22.0507,22.0507,22.0507,16.8904,0,0.73017,0,5.67039e+07
03/27/2009 11:00,3,27,5,11,0,24.4,37,0,1.0439e+07,6.46506e+07,22.0088,22.0088,22.0088,16.8904,0,0.703896,0,5.42207e+07
03/27/2009 12:00,3,27,5,12,0,25.6,36,0,1.08438e+07,6.51672e+07,21.9767,21.9767,21.9767,16.8904,0,0.737155,0,5.64238e+07
03/27/2009 13:00,3,27,5,13,0,26.7,37,0,9.95569e+06,5.96359e+07,21.9511,21.9511,21.9511,16.8904,0,0.67191,0,5.11714e+07
03/27/2009 14:00,3,27,5,14,0,26.1,38,0,1.10323e+07,6.54043e+07,21.9407,21.9407,21.9407,16.8904,0,0.751491,0,5.71139e+07
03/27/2009 15:00,3,27,5,15,0,26.1,44,0,1.14622e+07,6.59397e+07,21.9389,21.9389,21.9389,16.8904,0,0.782152,0,5.94223e+07
03/27/2009 16:00,3,27,5,16,0,25,47,0,1.22899e+07,6.69831e+07,21.9399,21.9399,21.9399,16.8904,0,0.845136,0,6.42212e+07
03/27/2009 17:00,3,27,5,17,0,23.9,56,0,1.20682e+07,6.67045e+07,21.9369,21.9369,21.9369,16.8904,0,0.8282,0,6.28965e+07
03/27/2009 18:00,3,27,5,18,0,22.2,69,0,7.90726e+06,4.16083e+07,21.9315,21.9315,21.9315,16.8904,0,0.520036,0,3.94515e+07
03/27/2009 19:00,3,27,5,19,0,20,78,0,0,1.95021e+07,21.9284,21.9284,21.9284,21.9284,0,0,0,0
03/27/2009 20:00,3,27,5,20,0,19.4,81,0,0,2.28739e+07,21.9284,21.9284,21.9284,21.9284,0,0,0,0
03/27/2009 21:00,3,27,5,21,0,20.6,81,0,0,1.97521e+07,21.9284,21.9284,21.9284,21.9284,0,0,0,0
03/27/2009 22:00,3,27,5,22,0,20,87,0,0,1.97521e+07,21.9284,21.9284,21.9284,21.9284,0,0,0,0
03/27/2009 23:00,3,27,5,23,0,20,84,0,0,1.69425e+07,21.9284,21.9284,21.9284,21.9284,0,0,0,0
03/28/2009 00:00,3,28,6,0,0,20,87,0,0,1.53816e+07,21.9284,21.9284,21.9284,21.9284,0,0,0,0
03/28/2009 01:00,3,28,6,1,0,20,87,0,0,2.07703e+07,21.9284,21.9284,21.9284,21.9284,0,0,0,0
03/28/2009 02:00,3,28,6,2,0,20,87,0,0,2.07703e+07,21.9284,21.9284,21.9284,21.9284,0,0,0,0
03/28/2009 03:00,3,28,6,3,0,20.6,87,0,0,2.07703e+07,21.9284,21.9284,21.9284,21.9284,0,0,0,0
03/28/2009 04:00,3,28,6,4,0,20,90,0,0,2.07703e+07,21.9284,21.9284,21.9284,21.9284,0,0,0,0
03/28/2009 05:00,3,28,6,5,0,20.6,90,0,0,2.07703e+07,21.9284,21.9284,21.9284,21.9284,0,0,0,0
03/28/2009 06:00,3,28,6,6,0,20.6,87,0,0,2.23312e+07,21.9284,21.9284,21.9284,21.9284,0,0,0,0
03/28/2009 07:00,3,28,6,7,0,20.6,87,0,4.07976e+06,2.50135e+07,22.1148,22.1148,22.1148,16.8904,0,0.254234,0,1.99579e+07
03/28/2009 08:00,3,28,6,8,0,21.1,84,0,3.82114e+06,3.06173e+07,22.092,22.092,22.092,16.8904,0,0.233624,0,1.82874e+07
03/28/2009 09:00,3,28,6,9,0,21.7,81,0,9.38845e+06,6.33315e+07,22.0702,22.0702,22.0702,16.8904,0,0.624746,0,4.86978e+07
03/28/2009 10:00,3,28,6,10,0,22.8,76,0,9.84498e+06,6.39033e+07,22.0377,22.0377,22.0377,16.8904,0,0.658804,0,5.10312e+07
03/28/2009 11:00,3,28,6,11,0,24.4,67,0,1.05303e+07,6.47619e+07,22.0159,22.0159,22.0159,16.8904,0,0.709917,0,5.47579e+07
03/28/2009 12:00,3,28,6,12,0,23.9,69,0,1.02843e+07,6.4456e+07,21.9921,21.9921,21.9921,16.8904,0,0.692381,0,5.31566e+07
03/28/2009 13:00,3,28,6,13,0,24.4,67,0,9.66772e+06,5.9264e+07,21.9804,21.9804,21.9804,16.8904,0,0.647053,0,4.9563e+07
03/28/2009 14:00,3,28,6,14,0,25,67,0,1.0919e+07,6.52532e+07,21.9629,21.9629,21.9629,16.8904,0,0.740247,0,5.6506e+07
03/28/2009 15:00,3,28,6,15,0,25.6,62,0,1.15914e+07,6.60977e+07,21.9544,21.9544,21.9544,16.8904,0,0.790786,0,6.02636e+07
03/28/2009 16:00,3,28,6,16,0,25,64,0,1.14036e+07,6.58606e+07,21.9519,21.9519,21.9519,16.8904,0,0.776186,0,5.91209e+07
03/28/2009 17:00,3,28,6,17,0,25,64,0,1.14982e+07,6.598e+07,21.9504,21.9504,21.9504,16.8904,0,0.7833,0,5.96451e+07
03/28/2009 18:00,3,28,6,18,0,23.9,71,0,7.12989e+06,4.06359e+07,21.9495,21.9495,21.9495,16.8904,0,0.463321,0,3.52741e+07
03/28/2009 19:00,3,28,6,19,0,22.8,82,0,0,1.95021e+07,21.9495,21.9495,21.9495,21.9495,0,0,0,0
03/28/2009 20:00,3,28,6,20,0,22.8,82,0,0,2.28739e+07,21.9495,21.9495,21.9495,21.9495,0,0,0,0
03/28/2009 21:00,3,28,6,21,0,22.8,82,0,0,1.97521e+07,21.9495,21.9495,21.9495,21.9495,0,0,0,0
03/28/2009 22:00,3,28,6,22,0,22.8,82,0,0,1.97521e+07,21.9495,21.9495,21.9495,21.9495,0,0,0,0
03/28/2009 23:00,3,28,6,23,0,22.2,84,0,0,1.69425e+07,21.9495,21.9495,21.9495,21.9495,0,0,0,0
03/29/2009 00:00,3,29,0,0,0,22.2,87,0,0,1.53816e+07,21.9495,21.9495,21.9495,21.9495,0,0,0,0
03/29/2009 01:00,3,29,0,1,0,21.7,90,0,0,2.07703e+07,21.9495,21.9495,21.9495,21.9495,0,0,0,0
03/29/2009 02:00,3,29,0,2,0,22.2,84,0,0,2.07703e+07,21.9495,21.9495,21.9495,21.9495,0,0,0,0
03/29/2009 03:00,3,29,0,3,0,22.2,82,0,0,2.07703e+07,21.9495,21.9495,21.9495,21.9495,0,0,0,0
03/29/2009 04:00,3,29,0,4,0,21.7,87,0,0,2.07703e+07,21.9495,21.9495,21.9495,21.9495,0,0,0,0
03/29/2009 05:00,3,29,0,5,0,21.7,84,0,0,2.07703e+07,21.9495,21.9495,21.9495,21.9495,0,0,0,0
03/29/2009 06:00,3,29,0,6,0,21.7,84,0,0,2.23312e+07,21.9495,21.9495,21.9495,21.9495,0,0,0,0
03/29/2009 07:00,3,29,0,7,0,21.7,84,0,4.7076e+06,2.57864e+07,22.1784,22.1784,22.1784,16.8904,0,0.297028,0,2.36059e+07
03/29/2009 08:00,3,29,0,8,0,22.2,82,0,4.28387e+06,3.11848e+07,22.1397,22.1397,22.1397,16.8904,0,0.264543,0,2.08974e+07
03/29/2009 09:00,3,29,0,9,0,22.8,79,0,1.00274e+07,6.41277e+07,22.107,22.107,22.107,16.8904,0,0.671127,0,5.26849e+07
03/29/2009 10:00,3,29,0,10,0,23.9,74,0,1.0274e+07,6.44388e+07,22.0597,22.0597,22.0597,16.8904,0,0.690233,0,5.36935e+07
03/29/2009 11:00,3,29,0,11,0,25,69,0,1.12279e+07,6.5636e+07,22.0325,22.0325,22.0325,16.8904,0,0.761928,0,5.89614e+07
03/29/2009 12:00,3,29,0,12,0,27.2,58,0,1.16817e+07,6.62112e+07,22.0008,22.0008,22.0008,16.8904,0,0.797876,0,6.13605e+07
03/29/2009 13:00,3,29,0,13,0,26.1,60,0,9.50602e+06,5.90609e+07,21.9797,21.9797,21.9797,16.8904,0,0.634887,0,4.86246e+07
03/29/2009 14:00,3,29,0,14,0,25,74,0,1.0233e+07,6.43927e+07,21.9669,21.9669,21.9669,16.8904,0,0.688891,0,5.26275e+07
03/29/2009 15:00,3,29,0,15,0,13.9,93,0,9.09072e+06,6.29675e+07,21.9637,21.9637,21.9637,16.8904,0,0.60567,0,4.62407e+07
03/29/2009 16:00,3,29,0,16,0,12.2,86,0,9.29202e+06,6.32186e+07,21.9653,21.9653,21.9653,16.8904,0,0.620321,0,4.73742e+07
03/29/2009 17:00,3,29,0,17,0,11.1,90,0,8.61206e+06,6.23726e+07,21.9637,21.9637,21.9637,16.8904,0,0.57149,0,4.36309e+07
03/29/2009 18:00,3,29,0,18,0,11.1,86,0,4.94306e+06,3.79336e+07,21.9616,21.9616,21.9616,16.8904,0,0.311755,0,2.37915e+07
03/29/2009 19:00,3,29,0,19,0,10.6,86,0,0,1.95021e+07,21.9582,21.9582,21.9582,21.9582,0,0,0,0
03/29/2009 20:00,3,29,0,20,0,11.1,80,0,0,2.28739e+07,21.9582,21.9582,21.9582,21.9582,0,0,0,0
03/29/2009 21:00,3,29,0,21,0,10.6,86,0,0,1.97521e+07,21.9582,21.9582,21.9582,21.9582,0,0,0,0
03/29/2009 22:00,3,29,0,22,0,10.6,80,0,0,1.97521e+07,21.9582,21.9582,21.9582,21.9582,0,0,0,0
03/29/2009 23:00,3,29,0,23,0,10,80,0,0,1.69425e+07,21.9582,21.9582,21.9582,21.9582,0,0,0,0
03/30/2009 00:00,3,30,1,0,0,10,80,0,0,1.53816e+07,21.9582,21.9582,21.9582,21.9582,0,0,0,0
03/30/2009 01:00,3,30,1,1,0,10,77,0,0,2.07703e+07,21.9582,21.9582,21.9582,21.9582,0,0,0,0
03/30/2009 02:00,3,30,1,2,0,9.4,77,0,0,2.07703e+07,21.9582,21.9582,21.9582,21.9582,0,0,0,0
03/30/2009 03:00,3,30,1,3,0,9.4,77,0,0,2.07703e+07,21.9582,21.9582,21.9582,21.9582,0,0,0,0
03/30/2009 04:00,3,30,1,4,0,9.4,74,0,0,2.07703e+07,21.9582,21.9582,21.9582,21.9582,0,0,0,0
03/30/2009 05:00,3,30,1,5,0,8.9,77,0,0,2.07703e+07,21.9582,21.9582,21.9582,21.9582,0,0,0,0
03/30/2009 06:00,3,30,1,6,0,8.9,77,0,0,2.23312e+07,21.9582,21.9582,21.9582,21.9582,0,0,0,0
03/30/2009 07:00,3,30,1,7,0,8.9,80,0,696523,2.09117e+07,21.9811,21.9811,21.9811,16.8904,0,0.0423629,0,3.24357e+06
03/30/2009 08:00,3,30,1,8,0,8.3,89,0,655755,2.67923e+07,21.9809,21.9809,21.9809,16.8904,0,0.0393567,0,3.01498e+06
03/30/2009 09:00,3,30,1,9,0,8.3,93,0,4.0843e+06,5.67742e+07,21.8788,21.8788,21.8788,16.8904,0,0.255595,0,1.91613e+07
03/30/2009 10:00,3,30,1,10,0,8.9,93,0,4.79401e+06,5.7646e+07,21.8886,21.8886,21.8886,16.8904,0,0.303475,0,2.28266e+07
03/30/2009 11:00,3,30,1,11,0,9.4,93,0,4.88794e+06,5.7762e+07,21.913,21.913,21.913,16.8904,0,0.310052,0,2.34349e+07
03/30/2009 12:00,3,30,1,12,0,10,93,0,5.42959e+06,5.84282e+07,21.9473,21.9473,21.9473,16.8904,0,0.346759,0,2.63883e+07
03/30/2009 13:00,3,30,1,13,0,10,100,0,4.6336e+06,5.3022e+07,21.9739,21.9739,21.9739,16.8904,0,0.291178,0,2.22749e+07
03/30/2009 14:00,3,30,1,14,0,10,96,0,5.84197e+06,5.89355e+07,21.9807,21.9807,21.9807,16.8904,0,0.374688,0,2.87018e+07
03/30/2009 15:00,3,30,1,15,0,10,96,0,5.8057e+06,5.8891e+07,21.9897,21.9897,21.9897,16.8904,0,0.372298,0,2.85693e+07
03/30/2009 16:00,3,30,1,16,0,10,100,0,5.90953e+06,5.90191e+07,22.0005,22.0005,22.0005,16.8904,0,0.379448,0,2.91799e+07
03/30/2009 17:00,3,30,1,17,0,10.6,100,0,5.86555e+06,5.89649e+07,22.0082,22.0082,22.0082,16.8904,0,0.37647,0,2.8994e+07
03/30/2009 18:00,3,30,1,18,0,11.7,96,0,2.09981e+06,3.44442e+07,22.0076,22.0076,22.0076,16.8904,0,0.121155,0,9.32973e+06
03/30/2009 19:00,3,30,1,19,0,11.7,100,0,0,1.95021e+07,22.0072,22.0072,22.0072,22.0072,0,0,0,0
03/30/2009 20:00,3,30,1,20,0,12.2,96,0,0,2.28739e+07,22.0072,22.0072,22.0072,22.0072,0,0,0,0
03/30/2009 21:00,3,30,1,21,0,13.3,97,0,0,1.97521e+07,22.0072,22.0072,22.0072,22.0072,0,0,0,0
03/30/2009 22:00,3,30,1,22,0,13.3,97,0,0,1.97521e+07,22.0072,22.0072,22.0072,22.0072,0,0,0,0
03/30/2009 23:00,3,30,1,23,0,13.9,93,0,0,1.69425e+07,22.0072,22.0072,22.0072,22.0072,0,0,0,0
03/31/2009 00:00,3,31,2,0,0,13.9,97,0,0,1.53816e+07,22.0072,22.0072,22.0072,22.0072,0,0,0,0
03/31/2009 01:00,3,31,2,1,0,13.9,97,0,0,2.07703e+07,22.0072,22.0072,22.0072,22.0072,0,0,0,0
03/31/2009 02:00,3,31,2,2,0,13.9,97,0,0,2.07703e+07,22.0072,22.0072,22.0072,22.0072,0,0,0,0
03/31/2009 03:00,3,31,2,3,0,14.4,97,0,0,2.07703e+07,22.0072,22.0072,22.0072,22.0072,0,0,0,0
03/31/2009 04:00,3,31,2,4,0,15,100,0,0,2.07703e+07,22.0072,22.0072,22.0072,22.0072,0,0,0,0
03/31/2009 05:00,3,31,2,5,0,16.1,97,0,0,2.07703e+07,22.0072,22.0072,22.0072,22.0072,0,0,0,0
03/31/2009 06:00,3,31,2,6,0,17.2,100,0,0,2.23312e+07,22.0072,22.0072,22.0072,22.0072,0,0,0,0
03/31/2009 07:00,3,31,2,7,0,18.3,93,0,225852,2.03363e+07,22.0122,22.0122,22.0122,16.8904,0,0.0111296,0,857818
03/31/2009 08:00,3,31,2,8,0,18.9,81,0,365879,2.64382e+07,22.0221,22.0221,22.0221,16.8904,0,0.0202028,0,1.56011e+06
03/31/2009 09:00,3,31,2,9,0,19.4,93,0,4.58195e+06,5.73781e+07,22.0591,22.0591,22.0591,16.8904,0,0.286792,0,2.2313e+07
03/31/2009 10:00,3,31,2,10,0,19.4,93,0,5.25502e+06,5.8206e+07,22.0838,22.0838,22.0838,16.8904,0,0.332442,0,2.59815e+07
03/31/2009 11:00,3,31,2,11,0,20.6,87,0,6.57002e+06,5.98292e+07,22.0895,22.0895,22.0895,16.8904,0,0.423222,0,3.31125e+07
03/31/2009 12:00,3,31,2,12,0,20.6,84,0,7.16172e+06,6.05627e+07,22.0783,22.0783,22.0783,16.8904,0,0.46506,0,3.63077e+07
03/31/2009 13:00,3,31,2,13,0,22.2,73,0,6.83959e+06,5.57446e+07,22.0564,22.0564,22.0564,16.8904,0,0.443305,0,3.44635e+07
03/31/2009 14:00,3,31,2,14,0,22.8,66,0,7.57133e+06,6.1072e+07,22.0421,22.0421,22.0421,16.8904,0,0.494465,0,3.83335e+07
03/31/2009 15:00,3,31,2,15,0,22.8,66,0,7.50093e+06,6.09852e+07,22.0336,22.0336,22.0336,16.8904,0,0.489672,0,3.78994e+07
03/31/2009 16:00,3,31,2,16,0,22.2,69,0,7.78195e+06,6.13341e+07,22.0308,22.0308,22.0308,16.8904,0,0.509672,0,3.94258e+07
03/31/2009 17:00,3,31,2,17,0,21.1,73,0,7.22725e+06,6.06472e+07,22.0234,22.0234,22.0234,16.8904,0,0.470843,0,3.63703e+07
03/31/2009 18:00,3,31,2,18,0,21.1,73,0,3.63527e+06,3.63224e+07,22.0198,22.0198,22.0198,16.8904,0,0.222058,0,1.71408e+07
03/31/2009 19:00,3,31,2,19,0,20.6,79,0,0,1.95021e+07,22.0193,22.0193,22.0193,22.0193,0,0,0,0
03/31/2009 20:00,3,31,2,20,0,20,81,0,0,2.28739e+07,22.0193,22.0193,22.0193,22.0193,0,0,0,0
03/31/2009 21:00,3,31,2,21,0,20,76,0,0,1.97521e+07,22.0193,22.0193,22.0193,22.0193,0,0,0,0
03/31/2009 22:00,3,31,2,22,0,19.7,76,0,0,1.97521e+07,22.0193,22.0193,22.0193,22.0193,0,0,0,0
03/31/2009 23:00,3,31,2,23,0,19.4,81,0,0,1.69425e+07,22.0193,22.0193,22.0193,22.0193,0,0,0,0
04/01/2009 00:00,4,1,3,0,0,19.1,87,0,0,1.53816e+07,22.0193,22.0193,22.0193,22.0193,0,0,0,0
04/01/2009 01:00,4,1,3,1,0,18.7,90,0,0,1.42679e+07,22.0193,22.0193,22.0193,22.0193,0,0,0,0
04/01/2009 02:00,4,1,3,2,0,18.4,90,0,0,1.42679e+07,22.0193,22.0193,22.0193,22.0193,0,0,0,0
04/01/2009 03:00,4,1,3,3,0,18.1,93,0,0,1.42679e+07,22.0193,22.0193,22.0193,22.0193,0,0,0,0
04/01/2009 04:00,4,1,3,4,0,17.8,97,0,0,1.42679e+07,22.0193,22.0193,22.0193,22.0193,0,0,0,0
04/01/2009 05:00,4,1,3,5,0,18.3,93,0,0,1.42679e+07,22.0193,22.0193,22.0193,22.0193,0,0,0,0
04/01/2009 06:00,4,1,3,6,0,17.2,97,0,0,1.42679e+07,22.0193,22.0193,22.0193,22.0193,0,0,0,0
04/01/2009 07:00,4,1,3,7,0,17.8,97,0,0,1.20098e+07,22.0193,22.0193,22.0193,22.0193,0,0,0,0
04/01/2009 08:00,4,1,3,8,0,18.9,93,0,0,1.20098e+07,22.0193,22.0193,22.0193,22.0193,0,0,0,0
04/01/2009 09:00,4,1,3,9,0,20,90,0,0,1.20098e+07,22.0193,22.0193,22.0193,22.0193,0,0,0,0
04/01/2009 10:00,4,1,3,10,0,22.2,79,0,0,1.20098e+07,22.0193,22.0193,22.0193,22.0193,0,0,0,0
04/01/2009 11:00,4,1,3,11,0,22.2,76,0,0,1.20098e+07,22.0193,22.0193,22.0193,22.0193,0,0,0,0
04/01/2009 12:00,4,1,3,12,0,23.3,71,0,0,1.20098e+07,22.0193,22.0193,22.0193,22.0193,0,0,0,0
04/01/2009 13:00,4,1,3,13,0,23.3,71,0,0,1.20098e+07,22.0193,22.0193,22.0193,22.0193,0,0,0,0
04/01/2009 14:00,4,1,3,14,0,23.9,71,0,0,1.20098e+07,22.0193,22.0193,22.0193,22.0193,0,0,0,0
04/01/2009 15:00,4,1,3,15,0,23.9,71,0,0,1.20098e+07,22.0193,22.0193,22.0193,22.0193,0,0,0,0
04/01/2009 16:00,4,1,3,16,0,23.9,74,0,0,1.20098e+07,22.0193,22.0193,22.0193,22.0193,0,0,0,0
04/01/2009 17:00,4,1,3,17,0,21.7,90,0,0,1.20098e+07,22.0193,22.0193,22.0193,22.0193,0,0,0,0
04/01/2009 18:00,4,1,3,18,0,21.7,87,0,0,1.20098e+07,22.0193,22.0193,22.0193,22.0193,0,0,0,0
04/01/2009 19:00,4,1,3,19,0,21.1,93,0,0,1.20098e+07,22.0193,22.0193,22.0193,22.0193,0,0,0,0
04/01/2009 20:00,4,1,3,20,0,21.1,90,0,0,1.53816e+07,22.0193,22.0193,22.0193,22.0193,0,0,0,0
04/01/2009 21:00,4,1,3,21,0,20.6,93,0,0,1.53816e+07,22.0193,22.0193,22.0193,22.0193,0,0,0,0
04/01/2009 22:00,4,1,3,22,0,20.6,90,0,0,1.53816e+07,22.0193,22.0193,22.0193,22.0193,0,0,0,0
04/01/2009 23:00,4,1,3,23,0,20,93,0,0,1.53816e+07,22.0193,22.0193,22.0193,22.0193,0,0,0,0
04/02/2009 00:00,4,2,4,0,0,19.4,97,0,0,1.53816e+07,22.0193,22.0193,22.0193,22.0193,0,0,0,0
04/02/2009 01:00,4,2,4,1,0,18.9,97,0,0,1.42679e+07,22.0193,22.0193,22.0193,22.0193,0,0,0,0
04/02/2009 02:00,4,2,4,2,0,18.9,97,0,0,1.42679e+07,22.0193,22.0193,22.0193,22.0193,0,0,0,0
04/02/2009 03:00,4,2,4,3,0,18.9,97,0,0,1.42679e+07,22.0193,22.0193,22.0193,22.0193,0,0,0,0
04/02/2009 04:00,4,2,4,4,0,18.3,100,0,0,1.42679e+07,22.0193,22.0193,22.0193,22.0193,0,0,0,0
04/02/2009 05:00,4,2,4,5,0,18.9,100,0,0,1.42679e+07,22.0193,22.0193,22.0193,22.0193,0,0,0,0
04/02/2009 06:00,4,2,4,6,0,18.9,100,0,0,1.42679e+07,22.0193,22.0193,22.0193,22.0193,0,0,0,0
04/02/2009 07:00,4,2,4,7,0,18.9,100,0,0,1.20098e+07,22.0193,22.0193,22.0193,22.0193,0,0,0,0
04/02/2009 08:00,4,2,4,8,0,19.4,97,0,0,1.20098e+07,22.0193,22.0193,22.0193,22.0193,0,0,0,0
04/02/2009 09:00,4,2,4,9,0,20,87,0,0,1.20098e+07,22.0193,22.0193,22.0193,22.0193,0,0,0,0
04/02/2009 10:00,4,2,4,10,0,21.7,76,0,0,1.20098e+07,22.0193,22.0193,22.0193,22.0193,0,0,0,0
04/02/2009 11:00,4,2,4,11,0,24.4,69,0,0,1.20098e+07,22.0193,22.0193,22.0193,22.0193,0,0,0,0
04/02/2009 12:00,4,2,4,12,0,25.6,60,0,0,1.20098e+07,22.0193,22.0193,22.0193,22.0193,0,0,0,0
04/02/2009 13:00,4,2,4,13,0,26.7,51,0,0,1.20098e+07,22.0193,22.0193,22.0193,22.0193,0,0,0,0
04/02/2009 14:00,4,2,4,14,0,26.7,52,0,0,1.20098e+07,22.0193,22.0193,22.0193,22.0193,0,0,0,0
04/02/2009 15:00,4,2,4,15,0,26.1,52,0,0,1.20098e+07,22.0193,22.0193,22.0193,22.0193,0,0,0,0
04/02/2009 16:00,4,2,4,16,0,27.2,47,0,0,1.20098e+07,22.0193,22.0193,22.0193,22.0193,0,0,0,0
04/02/2009 17:00,4,2,4,17,0,25.6,50,0,0,1.20098e+07,22.0193,22.0193,22.0193,22.0193,0,0,0,0
04/02/2009 18:00,4,2,4,18,0,25.6,50,0,0,1.20098e+07,22.0193,22.0193,22.0193,22.0193,0,0,0,0
04/02/2009 19:00,4,2,4,19,0,22.2,64,0,0,1.20098e+07,22.0193,22.0193,22.0193,22.0193,0,0,0,0
04/02/2009 20:00,4,2,4,20,0,20.6,68,0,0,1.53816e+07,22.0193,22.0193,22.0193,22.0193,0,0,0,0
04/02/2009 21:00,4,2,4,21,0,19.4,66,0,0,1.53816e+07,22.0193,22.0193,22.0193,22.0193,0,0,0,0
04/02/2009 22:00,4,2,4,22,0,18.3,70,0,0,1.53816e+07,22.0193,22.0193,22.0193,22.0193,0,0,0,0
04/02/2009 23:00,4,2,4,23,0,17.2,63,0,0,1.53816e+07,22.0193,22.0193,22.0193,22.0193,0,0,0,0
04/03/2009 00:00,4,3,5,0,0,16.7,56,0,0,1.53816e+07,22.0193,22.0193,22.0193,22.0193,0,0,0,0
04/03/2009 01:00,4,3,5,1,0,15.6,52,0,0,2.07703e+07,22.0193,22.0193,22.0193,22.0193,0,0,0,0
04/03/2009 02:00,4,3,5,2,0,13.9,58,0,0,2.07703e+07,22.0193,22.0193,22.0193,22.0193,0,0,0,0
04/03/2009 03:00,4,3,5,3,0,12.8,57,0,0,2.07703e+07,22.0193,22.0193,22.0193,22.0193,0,0,0,0
04/03/2009 04:00,4,3,5,4,0,11.7,62,0,0,2.07703e+07,22.0193,22.0193,22.0193,22.0193,0,0,0,0
04/03/2009 05:00,4,3,5,5,0,11.1,61,0,0,2.07703e+07,22.0193,22.0193,22.0193,22.0193,0,0,0,0
04/03/2009 06:00,4,3,5,6,0,11.1,59,0,0,2.23312e+07,22.0193,22.0193,22.0193,22.0193,0,0,0,0
04/03/2009 07:00,4,3,5,7,0,11.1,57,0,246281,2.03611e+07,22.0301,22.0301,22.0301,16.8904,0,0.0124524,0,962827
04/03/2009 08:00,4,3,5,8,0,13.3,49,0,1.08386e+06,2.73068e+07,21.9789,21.9789,21.9789,16.8904,0,0.0644049,0,4.93017e+06
04/03/2009 09:00,4,3,5,9,0,15.6,36,0,5.70391e+06,5.87676e+07,21.9347,21.9347,21.9347,16.8904,0,0.365254,0,2.77268e+07
04/03/2009 10:00,4,3,5,10,0,17.2,35,0,6.61231e+06,5.989e+07,21.9465,21.9465,21.9465,16.8904,0,0.428348,0,3.2592e+07
04/03/2009 11:00,4,3,5,11,0,19.4,30,0,7.21207e+06,6.0629e+07,21.9635,21.9635,21.9635,16.8904,0,0.469639,0,3.58543e+07
04/03/2009 12:00,4,3,5,12,0,20,31,0,7.55034e+06,6.10491e+07,21.975,21.975,21.975,16.8904,0,0.493952,0,3.77959e+07
04/03/2009 13:00,4,3,5,13,0,21.7,29,0,6.96027e+06,5.58943e+07,21.9723,21.9723,21.9723,16.8904,0,0.451741,0,3.45472e+07
04/03/2009 14:00,4,3,5,14,0,22.8,28,0,8.2726e+06,6.19467e+07,21.9657,21.9657,21.9657,16.8904,0,0.545565,0,4.16683e+07
04/03/2009 15:00,4,3,5,15,0,23.3,26,0,8.94147e+06,6.27788e+07,21.966,21.966,21.966,16.8904,0,0.593307,0,4.53176e+07
04/03/2009 16:00,4,3,5,16,0,23.9,27,0,9.70373e+06,6.37326e+07,21.964,21.964,21.964,16.8904,0,0.649318,0,4.95762e+07
04/03/2009 17:00,4,3,5,17,0,23.3,28,0,9.56644e+06,6.35619e+07,21.9612,21.9612,21.9612,16.8904,0,0.639523,0,4.88017e+07
04/03/2009 18:00,4,3,5,18,0,22.2,35,0,5.77683e+06,3.89632e+07,21.9546,21.9546,21.9546,16.8904,0,0.368544,0,2.80864e+07
04/03/2009 19:00,4,3,5,19,0,17.2,58,0,0,1.95021e+07,21.9508,21.9508,21.9508,21.9508,0,0,0,0
04/03/2009 20:00,4,3,5,20,0,16.1,56,0,0,2.28739e+07,21.9508,21.9508,21.9508,21.9508,0,0,0,0
04/03/2009 21:00,4,3,5,21,0,15.6,56,0,0,1.97521e+07,21.9508,21.9508,21.9508,21.9508,0,0,0,0
04/03/2009 22:00,4,3,5,22,0,15,65,0,0,1.97521e+07,21.9508,21.9508,21.9508,21.9508,0,0,0,0
04/03/2009 23:00,4,3,5,23,0,13.3,75,0,0,1.69425e+07,21.9508,21.9508,21.9508,21.9508,0,0,0,0
04/04/2009 00:00,4,4,6,0,0,11.7,83,0,0,1.53816e+07,21.9508,21.9508,21.9508,21.9508,0,0,0,0
04/04/2009 01:00,4,4,6,1,0,12.2,83,0,0,2.07703e+07,21.9508,21.9508,21.9508,21.9508,0,0,0,0
04/04/2009 02:00,4,4,6,2,0,11.1,86,0,0,2.07703e+07,21.9508,21.9508,21.9508,21.9508,0,0,0,0
04/04/2009 03:00,4,4,6,3,0,11.1,86,0,0,2.07703e+07,21.9508,21.9508,21.9508,21.9508,0,0,0,0
04/04/2009 04:00,4,4,6,4,0,12.2,86,0,0,2.07703e+07,21.9508,21.9508,21.9508,21.9508,0,0,0,0
04/04/2009 05:00,4,4,6,5,0,11.7,90,0,0,2.07703e+07,21.9508,21.9508,21.9508,21.9508,0,0,0,0
04/04/2009 06:00,4,4,6,6,0,12.8,77,0,0,2.23312e+07,21.9508,21.9508,21.9508,21.9508,0,0,0,0
04/04/2009 07:00,4,4,6,7,0,12.8,80,0,645526,2.08487e+07,21.9945,21.9945,21.9945,16.8904,0,0.0387881,0,2.97597e+06
04/04/2009 08:00,4,4,6,8,0,15,70,0,1.46448e+06,2.77468e+07,21.9863,21.9863,21.9863,16.8904,0,0.0822028,0,6.29969e+06
04/04/2009 09:00,4,4,6,9,0,19.4,42,0,5.98759e+06,5.91127e+07,21.9574,21.9574,21.9574,16.8904,0,0.383661,0,2.92548e+07
04/04/2009 10:00,4,4,6,10,0,21.1,35,0,8.00423e+06,6.16172e+07,21.9652,21.9652,21.9652,16.8904,0,0.527115,0,4.02552e+07
04/04/2009 11:00,4,4,6,11,0,22.8,33,0,8.34222e+06,6.20327e+07,21.9709,21.9709,21.9709,16.8904,0,0.550245,0,4.20691e+07
04/04/2009 12:00,4,4,6,12,0,23.9,33,0,8.29326e+06,6.19726e+07,21.9744,21.9744,21.9744,16.8904,0,0.547223,0,4.18663e+07
04/04/2009 13:00,4,4,6,13,0,25,31,0,7.69658e+06,5.68086e+07,21.9663,21.9663,21.9663,16.8904,0,0.504272,0,3.85191e+07
04/04/2009 14:00,4,4,6,14,0,25.6,30,0,8.89612e+06,6.27239e+07,21.9579,21.9579,21.9579,16.8904,0,0.590927,0,4.50638e+07
04/04/2009 15:00,4,4,6,15,0,26.1,31,0,9.90934e+06,6.39883e+07,21.9571,21.9571,21.9571,16.8904,0,0.664384,0,5.06572e+07
04/04/2009 16:00,4,4,6,16,0,25.6,35,0,1.04549e+07,6.46754e+07,21.9548,21.9548,21.9548,16.8904,0,0.70563,0,5.37776e+07
04/04/2009 17:00,4,4,6,17,0,25.6,38,0,1.05444e+07,6.47892e+07,21.9509,21.9509,21.9509,16.8904,0,0.712744,0,5.42778e+07
04/04/2009 18:00,4,4,6,18,0,24.4,39,0,6.75949e+06,4.01829e+07,21.9432,21.9432,21.9432,16.8904,0,0.438197,0,3.33196e+07
04/04/2009 19:00,4,4,6,19,0,22.8,57,0,0,1.95021e+07,21.9388,21.9388,21.9388,21.9388,0,0,0,0
04/04/2009 20:00,4,4,6,20,0,21.1,57,0,0,2.28739e+07,21.9388,21.9388,21.9388,21.9388,0,0,0,0
04/04/2009 21:00,4,4,6,21,0,20,63,0,0,1.97521e+07,21.9388,21.9388,21.9388,21.9388,0,0,0,0
04/04/2009 22:00,4,4,6,22,0,18.3,70,0,0,1.97521e+07,21.9388,21.9388,21.9388,21.9388,0,0,0,0
04/04/2009 23:00,4,4,6,23,0,17.2,75,0,0,1.69425e+07,21.9388,21.9388,21.9388,21.9388,0,0,0,0
04/05/2009 00:00,4,5,0,0,0,17.2,78,0,0,1.53816e+07,21.9388,21.9388,21.9388,21.9388,0,0,0,0
04/05/2009 01:00,4,5,0,1,0,16.7,81,0,0,2.07703e+07,21.9388,21.9388,21.9388,21.9388,0,0,0,0
04/05/2009 02:00,4,5,0,2,0,16.1,84,0,0,2.07703e+07,21.9388,21.9388,21.9388,21.9388,0,0,0,0
04/05/2009 03:00,4,5,0,3,0,16.7,84,0,0,2.07703e+07,21.9388,21.9388,21.9388,21.9388,0,0,0,0
04/05/2009 04:00,4,5,0,4,0,15,90,0,0,2.07703e+07,21.9388,21.9388,21.9388,21.9388,0,0,0,0
04/05/2009 05:00,4,5,0,5,0,15.6,90,0,0,2.07703e+07,21.9388,21.9388,21.9388,21.9388,0,0,0,0
04/05/2009 06:00,4,5,0,6,0,16.1,87,0,0,2.23312e+07,21.9388,21.9388,21.9388,21.9388,0,0,0,0
04/05/2009 07:00,4,5,0,7,0,16.7,87,0,2.08994e+06,2.25714e+07,21.982,21.982,21.982,16.8904,0,0.120762,0,9.25023e+06
04/05/2009 08:00,4,5,0,8,0,18.3,87,0,3.52379e+06,3.02663e+07,21.9686,21.9686,21.9686,16.8904,0,0.217305,0,1.66063e+07
04/05/2009 09:00,4,5,0,9,0,21.7,76,0,7.63109e+06,6.11506e+07,21.9705,21.9705,21.9705,16.8904,0,0.499682,0,3.82001e+07
04/05/2009 10:00,4,5,0,10,0,22.8,66,0,9.00198e+06,6.28587e+07,21.9746,21.9746,21.9746,16.8904,0,0.598984,0,4.58287e+07
04/05/2009 11:00,4,5,0,11,0,24.4,56,0,9.34184e+06,6.32787e+07,21.9747,21.9747,21.9747,16.8904,0,0.622843,0,4.76547e+07
04/05/2009 12:00,4,5,0,12,0,25.6,50,0,9.38497e+06,6.33329e+07,21.9729,21.9729,21.9729,16.8904,0,0.626385,0,4.79091e+07
04/05/2009 13:00,4,5,0,13,0,27.2,46,0,8.7035e+06,5.80611e+07,21.964,21.964,21.964,16.8904,0,0.576666,0,4.40296e+07
04/05/2009 14:00,4,5,0,14,0,27.8,44,0,1.01192e+07,6.4251e+07,21.9553,21.9553,21.9553,16.8904,0,0.680518,0,5.18696e+07
04/05/2009 15:00,4,5,0,15,0,27.8,43,0,1.09095e+07,6.52399e+07,21.9535,21.9535,21.9535,16.8904,0,0.738528,0,5.62708e+07
04/05/2009 16:00,4,5,0,16,0,27.8,43,0,1.15606e+07,6.6062e+07,21.9525,21.9525,21.9525,16.8904,0,0.788342,0,6.00546e+07
04/05/2009 17:00,4,5,0,17,0,26.1,51,0,1.1161e+07,6.55568e+07,21.9485,21.9485,21.9485,16.8904,0,0.757668,0,5.76721e+07
04/05/2009 18:00,4,5,0,18,0,24.4,58,0,7.30875e+06,4.08593e+07,21.9421,21.9421,21.9421,16.8904,0,0.476025,0,3.61883e+07
04/05/2009 19:00,4,5,0,19,0,22.8,60,0,0,1.95021e+07,21.9386,21.9386,21.9386,21.9386,0,0,0,0
04/05/2009 20:00,4,5,0,20,0,21.1,76,0,0,2.28739e+07,21.9386,21.9386,21.9386,21.9386,0,0,0,0
04/05/2009 21:00,4,5,0,21,0,20.6,81,0,0,1.97521e+07,21.9386,21.9386,21.9386,21.9386,0,0,0,0
04/05/2009 22:00,4,5,0,22,0,20.6,81,0,0,1.97521e+07,21.9386,21.9386,21.9386,21.9386,0,0,0,0
04/05/2009 23:00,4,5,0,23,0,20.6,84,0,0,1.69425e+07,21.9386,21.9386,21.9386,21.9386,0,0,0,0
04/06/2009 00:00,4,6,1,0,0,21.1,81,0,0,1.53816e+07,21.9386,21.9386,21.9386,21.9386,0,0,0,0
04/06/2009 01:00,4,6,1,1,0,21.1,81,0,0,2.07703e+07,21.9386,21.9386,21.9386,21.9386,0,0,0,0
04/06/2009 02:00,4,6,1,2,0,20.6,84,0,0,2.07703e+07,21.9386,21.9386,21.9386,21.9386,0,0,0,0
04/06/2009 03:00,4,6,1,3,0,20.6,87,0,0,2.07703e+07,21.9386,21.9386,21.9386,21.9386,0,0,0,0
04/06/2009 04:00,4,6,1,4,0,17.8,93,0,0,2.07703e+07,21.9386,21.9386,21.9386,21.9386,0,0,0,0
04/06/2009 05:00,4,6,1,5,0,17.8,93,0,0,2.07703e+07,21.9386,21.9386,21.9386,21.9386,0,0,0,0
04/06/2009 06:00,4,6,1,6,0,17.2,97,0,0,2.23312e+07,21.9386,21.9386,21.9386,21.9386,0,0,0,0
04/06/2009 07:00,4,6,1,7,0,17.2,93,0,3.07692e+06,2.37821e+07,22.0865,22.0865,22.0865,16.8904,0,0.187022,0,1.45979e+07
04/06/2009 08:00,4,6,1,8,0,17.2,97,0,3.36544e+06,3.00581e+07,22.0819,22.0819,22.0819,16.8904,0,0.203162,0,1.58719e+07
04/06/2009 09:00,4,6,1,9,0,15.6,93,0,8.31537e+06,6.19954e+07,22.0684,22.0684,22.0684,16.8904,0,0.547363,0,4.2651e+07
04/06/2009 10:00,4,6,1,10,0,13.9,90,0,8.6342e+06,6.23933e+07,22.046,22.046,22.046,16.8904,0,0.570737,0,4.42803e+07
04/06/2009 11:00,4,6,1,11,0,13.3,90,0,8.64392e+06,6.24069e+07,22.0255,22.0255,22.0255,16.8904,0,0.57193,0,4.41964e+07
04/06/2009 12:00,4,6,1,12,0,13.9,84,0,8.78904e+06,6.25886e+07,22.0091,22.0091,22.0091,16.8904,0,0.58277,0,4.48908e+07
04/06/2009 13:00,4,6,1,13,0,13.9,81,0,7.84233e+06,5.6988e+07,21.9966,21.9966,21.9966,16.8904,0,0.514311,0,3.95201e+07
04/06/2009 14:00,4,6,1,14,0,13.9,81,0,8.73771e+06,6.25261e+07,21.976,21.976,21.976,16.8904,0,0.579484,0,4.43487e+07
04/06/2009 15:00,4,6,1,15,0,14.4,75,0,8.84665e+06,6.26624e+07,21.9673,21.9673,21.9673,16.8904,0,0.58754,0,4.48883e+07
04/06/2009 16:00,4,6,1,16,0,13.9,72,0,8.78145e+06,6.25814e+07,21.9651,21.9651,21.9651,16.8904,0,0.582924,0,4.45164e+07
04/06/2009 17:00,4,6,1,17,0,13.3,72,0,8.50973e+06,6.22438e+07,21.9651,21.9651,21.9651,16.8904,0,0.563552,0,4.30373e+07
04/06/2009 18:00,4,6,1,18,0,12.8,77,0,4.75527e+06,3.77017e+07,21.966,21.966,21.966,16.8904,0,0.298619,0,2.28089e+07
04/06/2009 19:00,4,6,1,19,0,12.8,75,0,0,1.95021e+07,21.9661,21.9661,21.9661,21.9661,0,0,0,0
04/06/2009 20:00,4,6,1,20,0,11.7,77,0,0,2.28739e+07,21.9661,21.9661,21.9661,21.9661,0,0,0,0
04/06/2009 21:00,4,6,1,21,0,10.6,83,0,0,1.97521e+07,21.9661,21.9661,21.9661,21.9661,0,0,0,0
04/06/2009 22:00,4,6,1,22,0,10,86,0,0,1.97521e+07,21.9661,21.9661,21.9661,21.9661,0,0,0,0
04/06/2009 23:00,4,6,1,23,0,8.9,89,0,0,1.69425e+07,21.9661,21.9661,21.9661,21.9661,0,0,0,0
04/07/2009 00:00,4,7,2,0,0,8.3,89,0,0,1.53816e+07,21.9661,21.9661,21.9661,21.9661,0,0,0,0
04/07/2009 01:00,4,7,2,1,0,7.2,93,0,0,2.07703e+07,21.9661,21.9661,21.9661,21.9661,0,0,0,0
04/07/2009 02:00,4,7,2,2,0,7.2,93,0,0,2.07703e+07,21.9661,21.9661,21.9661,21.9661,0,0,0,0
04/07/2009 03:00,4,7,2,3,0,7.2,93,0,0,2.07703e+07,21.9661,21.9661,21.9661,21.9661,0,0,0,0
04/07/2009 04:00,4,7,2,4,0,6.7,93,0,0,2.07703e+07,21.9661,21.9661,21.9661,21.9661,0,0,0,0
04/07/2009 05:00,4,7,2,5,0,6.1,93,0,0,2.07703e+07,21.9661,21.9661,21.9661,21.9661,0,0,0,0
04/07/2009 06:00,4,7,2,6,0,5.6,96,0,0,2.23312e+07,21.9661,21.9661,21.9661,21.9661,0,0,0,0
04/07/2009 07:00,4,7,2,7,0,6.7,89,0,665736,2.08701e+07,21.9764,21.9764,21.9764,17.9103,0,0.0390147,0,2.98514e+06
04/07/2009 08:00,4,7,2,8,0,9.4,71,0,1.56244e+06,2.78954e+07,21.8975,21.8975,21.8975,16.8904,0,0.0968292,0,7.29547e+06
04/07/2009 09:00,4,7,2,9,0,11.7,47,0,4.71947e+06,5.75652e+07,21.8876,21.8876,21.8876,16.8904,0,0.301054,0,2.2637e+07
04/07/2009 10:00,4,7,2,10,0,13.3,37,0,5.59121e+06,5.86339e+07,21.9172,21.9172,21.9172,16.8904,0,0.359234,0,2.71759e+07
04/07/2009 11:00,4,7,2,11,0,15,35,0,6.14632e+06,5.93128e+07,21.948,21.948,21.948,16.8904,0,0.39594,0,3.01358e+07
04/07/2009 12:00,4,7,2,12,0,15.6,35,0,6.16746e+06,5.93374e+07,21.9719,21.9719,21.9719,16.8904,0,0.397196,0,3.03738e+07
04/07/2009 13:00,4,7,2,13,0,16.1,35,0,5.37148e+06,5.39307e+07,21.9742,21.9742,21.9742,16.8904,0,0.341477,0,2.61244e+07
04/07/2009 14:00,4,7,2,14,0,16.7,34,0,6.69568e+06,5.99908e+07,21.965,21.965,21.965,16.8904,0,0.434032,0,3.31456e+07
04/07/2009 15:00,4,7,2,15,0,17.8,32,0,7.71251e+06,6.12513e+07,21.9676,21.9676,21.9676,16.8904,0,0.505315,0,3.86085e+07
04/07/2009 16:00,4,7,2,16,0,17.8,32,0,8.38175e+06,6.20863e+07,21.9679,21.9679,21.9679,16.8904,0,0.553793,0,4.23153e+07
04/07/2009 17:00,4,7,2,17,0,17.8,36,0,8.51445e+06,6.22538e+07,21.9682,21.9682,21.9682,16.8904,0,0.563963,0,4.30951e+07
04/07/2009 18:00,4,7,2,18,0,17.2,35,0,4.11733e+06,3.6917e+07,21.9666,21.9666,21.9666,16.8904,0,0.254958,0,1.94763e+07
04/07/2009 19:00,4,7,2,19,0,16.1,38,0,0,1.95021e+07,21.9634,21.9634,21.9634,21.9634,0,0,0,0
04/07/2009 20:00,4,7,2,20,0,11.7,69,0,0,2.28739e+07,21.9634,21.9634,21.9634,21.9634,0,0,0,0
04/07/2009 21:00,4,7,2,21,0,11.1,72,0,0,1.97521e+07,21.9634,21.9634,21.9634,21.9634,0,0,0,0
04/07/2009 22:00,4,7,2,22,0,10.6,77,0,0,1.97521e+07,21.9634,21.9634,21.9634,21.9634,0,0,0,0
04/07/2009 23:00,4,7,2,23,0,11.7,66,0,0,1.69425e+07,21.9634,21.9634,21.9634,21.9634,0,0,0,0
04/08/2009 00:00,4,8,3,0,0,8.9,86,0,0,1.53816e+07,21.9634,21.9634,21.9634,21.9634,0,0,0,0
04/08/2009 01:00,4,8,3,1,0,8.3,89,0,0,1.42679e+07,21.9634,21.9634,21.9634,21.9634,0,0,0,0
04/08/2009 02:00,4,8,3,2,0,8.3,89,0,0,1.42679e+07,21.9634,21.9634,21.9634,21.9634,0,0,0,0
04/08/2009 03:00,4,8,3,3,0,8.9,86,0,0,1.42679e+07,21.9634,21.9634,21.9634,21.9634,0,0,0,0
04/08/2009 04:00,4,8,3,4,0,9.4,86,0,0,1.42679e+07,21.9634,21.9634,21.9634,21.9634,0,0,0,0
04/08/2009 05:00,4,8,3,5,0,9.4,83,0,0,1.42679e+07,21.9634,21.9634,21.9634,21.9634,0,0,0,0
04/08/2009 06:00,4,8,3,6,0,9.4,83,0,0,1.42679e+07,21.9634,21.9634,21.9634,21.9634,0,0,0,0
04/08/2009 07:00,4,8,3,7,0,10.6,66,0,0,1.20098e+07,21.9634,21.9634,21.9634,21.9634,0,0,0,0
04/08/2009 08:00,4,8,3,8,0,11.7,62,0,0,1.20098e+07,21.9634,21.9634,21.9634,21.9634,0,0,0,0
04/08/2009 09:00,4,8,3,9,0,12.8,60,0,0,1.20098e+07,21.9634,21.9634,21.9634,21.9634,0,0,0,0
04/08/2009 10:00,4,8,3,10,0,15.6,54,0,0,1.20098e+07,21.9634,21.9634,21.9634,21.9634,0,0,0,0
04/08/2009 11:00,4,8,3,11,0,16.7,56,0,0,1.20098e+07,21.9634,21.9634,21.9634,21.9634,0,0,0,0
04/08/2009 12:00,4,8,3,12,0,18.9,57,0,0,1.20098e+07,21.9634,21.9634,21.9634,21.9634,0,0,0,0
04/08/2009 13:00,4,8,3,13,0,18.9,59,0,0,1.20098e+07,21.9634,21.9634,21.9634,21.9634,0,0,0,0
04/08/2009 14:00,4,8,3,14,0,18.9,59,0,0,1.20098e+07,21.9634,21.9634,21.9634,21.9634,0,0,0,0
04/08/2009 15:00,4,8,3,15,0,19.4,57,0,0,1.20098e+07,21.9634,21.9634,21.9634,21.9634,0,0,0,0
04/08/2009 16:00,4,8,3,16,0,18.9,59,0,0,1.20098e+07,21.9634,21.9634,21.9634,21.9634,0,0,0,0
04/08/2009 17:00,4,8,3,17,0,18.9,61,0,0,1.20098e+07,21.9634,21.9634,21.9634,21.9634,0,0,0,0
04/08/2009 18:00,4,8,3,18,0,17.8,68,0,0,1.20098e+07,21.9634,21.9634,21.9634,21.9634,0,0,0,0
04/08/2009 19:00,4,8,3,19,0,17.2,73,0,0,1.20098e+07,21.9634,21.9634,21.9634,21.9634,0,0,0,0
04/08/2009 20:00,4,8,3,20,0,17.2,75,0,0,1.53816e+07,21.9634,21.9634,21.9634,21.9634,0,0,0,0
04/08/2009 21:00,4,8,3,21,0,17.2,75,0,0,1.53816e+07,21.9634,21.9634,21.9634,21.9634,0,0,0,0
04/08/2009 22:00,4,8,3,22,0,16.7,81,0,0,1.53816e+07,21.9634,21.9634,21.9634,21.9634,0,0,0,0
04/08/2009 23:00,4,8,3,23,0,16.7,84,0,0,1.53816e+07,21.9634,21.9634,21.9634,21.9634,0,0,0,0
04/09/2009 00:00,4,9,4,0,0,16.7,84,0,0,1.53816e+07,21.9634,21.9634,21.9634,21.9634,0,0,0,0
04/09/2009 01:00,4,9,4,1,0,16.7,87,0,0,1.42679e+07,21.9634,21.9634,21.9634,21.9634,0,0,0,0
04/09/2009 02:00,4,9,4,2,0,16.1,90,0,0,1.42679e+07,21.9634,21.9634,21.9634,21.9634,0,0,0,0
04/09/2009 03:00,4,9,4,3,0,16.7,90,0,0,1.42679e+07,21.9634,21.9634,21.9634,21.9634,0,0,0,0
04/09/2009 04:00,4,9,4,4,0,17.8,87,0,0,1.42679e+07,21.9634,21.9634,21.9634,21.9634,0,0,0,0
04/09/2009 05:00,4,9,4,5,0,17.8,90,0,0,1.42679e+07,21.9634,21.9634,21.9634,21.9634,0,0,0,0
04/09/2009 06:00,4,9,4,6,0,17.2,93,0,0,1.42679e+07,21.9634,21.9634,21.9634,21.9634,0,0,0,0
04/09/2009 07:00,4,9,4,7,0,17.2,93,0,0,1.20098e+07,21.9634,21.9634,21.9634,21.9634,0,0,0,0
04/09/2009 08:00,4,9,4,8,0,18.9,90,0,0,1.20098e+07,21.9634,21.9634,21.9634,21.9634,0,0,0,0
04/09/2009 09:00,4,9,4,9,0,21.1,79,0,0,1.20098e+07,21.9634,21.9634,21.9634,21.9634,0,0,0,0
04/09/2009 10:00,4,9,4,10,0,21.7,76,0,0,1.20098e+07,21.9634,21.9634,21.9634,21.9634,0,0,0,0
04/09/2009 11:00,4,9,4,11,0,22.8,71,0,0,1.20098e+07,21.9634,21.9634,21.9634,21.9634,0,0,0,0
04/09/2009 12:00,4,9,4,12,0,23.9,66,0,0,1.20098e+07,21.9634,21.9634,21.9634,21.9634,0,0,0,0
04/09/2009 13:00,4,9,4,13,0,24.4,64,0,0,1.20098e+07,21.9634,21.9634,21.9634,21.9634,0,0,0,0
04/09/2009 14:00,4,9,4,14,0,23.3,76,0,0,1.20098e+07,21.9634,21.9634,21.9634,21.9634,0,0,0,0
04/09/2009 15:00,4,9,4,15,0,23.3,79,0,0,1.20098e+07,21.9634,21.9634,21.9634,21.9634,0,0,0,0
04/09/2009 16:00,4,9,4,16,0,23.3,79,0,0,1.20098e+07,21.9634,21.9634,21.9634,21.9634,0,0,0,0
04/09/2009 17:00,4,9,4,17,0,22.8,82,0,0,1.20098e+07,21.9634,21.9634,21.9634,21.9634,0,0,0,0
04/09/2009 18:00,4,9,4,18,0,22.8,82,0,0,1.20098e+07,21.9634,21.9634,21.9634,21.9634,0,0,0,0
04/09/2009 19:00,4,9,4,19,0,21.7,90,0,0,1.20098e+07,21.9634,21.9634,21.9634,21.9634,0,0,0,0
04/09/2009 20:00,4,9,4,20,0,21.1,93,0,0,1.53816e+07,21.9634,21.9634,21.9634,21.9634,0,0,0,0
04/09/2009 21:00,4,9,4,21,0,21.1,93,0,0,1.53816e+07,21.9634,21.9634,21.9634,21.9634,0,0,0,0
04/09/2009 22:00,4,9,4,22,0,21.1,93,0,0,1.53816e+07,21.9634,21.9634,21.9634,21.9634,0,0,0,0
04/09/2009 23:00,4,9,4,23,0,21.1,93,0,0,1.53816e+07,21.9634,21.9634,21.9634,21.9634,0,0,0,0
04/10/2009 00:00,4,10,5,0,0,21.1,93,0,0,1.53816e+07,21.9634,21.9634,21.9634,21.9634,0,0,0,0
04/10/2009 01:00,4,10,5,1,0,21.1,93,0,0,2.07703e+07,21.9634,21.9634,21.9634,21.9634,0,0,0,0
04/10/2009 02:00,4,10,5,2,0,21.7,90,0,0,2.07703e+07,21.9634,21.9634,21.9634,21.9634,0,0,0,0
04/10/2009 03:00,4,10,5,3,0,21.7,90,0,0,2.07703e+07,21.9634,21.9634,21.9634,21.9634,0,0,0,0
04/10/2009 04:00,4,10,5,4,0,21.1,93,0,0,2.07703e+07,21.9634,21.9634,21.9634,21.9634,0,0,0,0
04/10/2009 05:00,4,10,5,5,0,21.7,93,0,0,2.07703e+07,21.9634,21.9634,21.9634,21.9634,0,0,0,0
04/10/2009 06:00,4,10,5,6,0,21.7,93,0,0,2.23312e+07,21.9634,21.9634,21.9634,21.9634,0,0,0,0
04/10/2009 07:00,4,10,5,7,0,21.7,93,0,0,2.00731e+07,21.9634,21.9634,21.9634,21.9634,0,0,0,0
04/10/2009 08:00,4,10,5,8,0,21.7,93,0,137154,2.61496e+07,21.9738,21.9738,21.9738,16.8904,0,0.00231572,0,177150
04/10/2009 09:00,4,10,5,9,0,21.7,97,0,6.99616e+06,6.03488e+07,22.2872,22.2872,22.2872,16.8904,0,0.450351,0,3.65742e+07
04/10/2009 10:00,4,10,5,10,0,21.7,97,0,7.44361e+06,6.09046e+07,22.2714,22.2714,22.2714,16.8904,0,0.482388,0,3.90613e+07
04/10/2009 11:00,4,10,5,11,0,21.7,97,0,8.32062e+06,6.19965e+07,22.205,22.205,22.205,16.8904,0,0.545646,0,4.36395e+07
04/10/2009 12:00,4,10,5,12,0,25.6,82,0,9.26542e+06,6.3177e+07,22.1489,22.1489,22.1489,16.8904,0,0.615303,0,4.86956e+07
04/10/2009 13:00,4,10,5,13,0,26.7,74,0,8.28648e+06,5.75365e+07,22.1094,22.1094,22.1094,16.8904,0,0.544621,0,4.27752e+07
04/10/2009 14:00,4,10,5,14,0,25.6,79,0,8.71153e+06,6.24885e+07,22.0579,22.0579,22.0579,16.8904,0,0.575729,0,4.47704e+07
04/10/2009 15:00,4,10,5,15,0,21.7,87,0,8.24987e+06,6.19143e+07,22.0506,22.0506,22.0506,16.8904,0,0.542663,0,4.21401e+07
04/10/2009 16:00,4,10,5,16,0,21.1,87,0,8.08422e+06,6.17094e+07,22.0322,22.0322,22.0322,16.8904,0,0.531179,0,4.11011e+07
04/10/2009 17:00,4,10,5,17,0,20,84,0,8.5056e+06,6.22335e+07,22.025,22.025,22.025,16.8904,0,0.561409,0,4.3379e+07
04/10/2009 18:00,4,10,5,18,0,18.9,81,0,4.47263e+06,3.73509e+07,22.0199,22.0199,22.0199,16.8904,0,0.278311,0,2.14833e+07
04/10/2009 19:00,4,10,5,19,0,17.8,78,0,0,1.95021e+07,22.0193,22.0193,22.0193,22.0193,0,0,0,0
04/10/2009 20:00,4,10,5,20,0,17.2,81,0,0,2.28739e+07,22.0193,22.0193,22.0193,22.0193,0,0,0,0
04/10/2009 21:00,4,10,5,21,0,16.7,81,0,0,1.97521e+07,22.0193,22.0193,22.0193,22.0193,0,0,0,0
04/10/2009 22:00,4,10,5,22,0,16.7,81,0,0,1.97521e+07,22.0193,22.0193,22.0193,22.0193,0,0,0,0
04/10/2009 23:00,4,10,5,23,0,16.1,72,0,0,1.69425e+07,22.0193,22.0193,22.0193,22.0193,0,0,0,0
04/11/2009 00:00,4,11,6,0,0,15.6,70,0,0,1.53816e+07,22.0193,22.0193,22.0193,22.0193,0,0,0,0
04/11/2009 01:00,4,11,6,1,0,14.4,75,0,0,2.07703e+07,22.0193,22.0193,22.0193,22.0193,0,0,0,0
04/11/2009 02:00,4,11,6,2,0,13.9,72,0,0,2.07703e+07,22.0193,22.0193,22.0193,22.0193,0,0,0,0
04/11/2009 03:00,4,11,6,3,0,12.8,72,0,0,2.07703e+07,22.0193,22.0193,22.0193,22.0193,0,0,0,0
04/11/2009 04:00,4,11,6,4,0,12.2,75,0,0,2.07703e+07,22.0193,22.0193,22.0193,22.0193,0,0,0,0
04/11/2009 05:00,4,11,6,5,0,11.7,77,0,0,2.07703e+07,22.0193,22.0193,22.0193,22.0193,0,0,0,0
04/11/2009 06:00,4,11,6,6,0,11.1,77,0,0,2.23312e+07,22.0193,22.0193,22.0193,22.0193,0,0,0,0
04/11/2009 07:00,4,11,6,7,0,11.7,74,0,601502,2.07915e+07,22.0411,22.0411,22.0411,16.8904,0,0.0348706,0,2.70146e+06
04/11/2009 08:00,4,11,6,8,0,13.3,67,0,1.46352e+06,2.77722e+07,21.9689,21.9689,21.9689,16.8904,0,0.0897722,0,6.86083e+06
04/11/2009 09:00,4,11,6,9,0,15,54,0,5.96063e+06,5.90866e+07,21.9203,21.9203,21.9203,16.8904,0,0.383685,0,2.90424e+07
04/11/2009 10:00,4,11,6,10,0,16.7,50,0,6.91535e+06,6.02683e+07,21.9354,21.9354,21.9354,16.8904,0,0.450663,0,3.42152e+07
04/11/2009 11:00,4,11,6,11,0,18.3,47,0,7.42936e+06,6.09002e+07,21.9534,21.9534,21.9534,16.8904,0,0.485626,0,3.70013e+07
04/11/2009 12:00,4,11,6,12,0,20,45,0,7.69447e+06,6.12291e+07,21.9679,21.9679,21.9679,16.8904,0,0.504656,0,3.85606e+07
04/11/2009 13:00,4,11,6,13,0,21.1,41,0,6.93666e+06,5.58659e+07,21.967,21.967,21.967,16.8904,0,0.450497,0,3.44161e+07
04/11/2009 14:00,4,11,6,14,0,21.7,40,0,8.33208e+06,6.20215e+07,21.9607,21.9607,21.9607,16.8904,0,0.550198,0,4.19809e+07
04/11/2009 15:00,4,11,6,15,0,22.2,40,0,9.27925e+06,6.32009e+07,21.9613,21.9613,21.9613,16.8904,0,0.618077,0,4.71656e+07
04/11/2009 16:00,4,11,6,16,0,22.8,38,0,9.87364e+06,6.3947e+07,21.9616,21.9616,21.9616,16.8904,0,0.66235,0,5.05469e+07
04/11/2009 17:00,4,11,6,17,0,22.2,40,0,9.88646e+06,6.39642e+07,21.9584,21.9584,21.9584,16.8904,0,0.663656,0,5.06151e+07
04/11/2009 18:00,4,11,6,18,0,21.7,41,0,6.16045e+06,3.94402e+07,21.9505,21.9505,21.9505,16.8904,0,0.395913,0,3.01482e+07
04/11/2009 19:00,4,11,6,19,0,18.3,54,0,0,1.95021e+07,21.9462,21.9462,21.9462,21.9462,0,0,0,0
04/11/2009 20:00,4,11,6,20,0,15,72,0,0,2.28739e+07,21.9462,21.9462,21.9462,21.9462,0,0,0,0
04/11/2009 21:00,4,11,6,21,0,14.4,75,0,0,1.97521e+07,21.9462,21.9462,21.9462,21.9462,0,0,0,0
04/11/2009 22:00,4,11,6,22,0,13.3,83,0,0,1.97521e+07,21.9462,21.9462,21.9462,21.9462,0,0,0,0
04/11/2009 23:00,4,11,6,23,0,13.3,78,0,0,1.69425e+07,21.9462,21.9462,21.9462,21.9462,0,0,0,0
04/12/2009 00:00,4,12,0,0,0,13.3,78,0,0,1.53816e+07,21.9462,21.9462,21.9462,21.9462,0,0,0,0
04/12/2009 01:00,4,12,0,1,0,12.2,77,0,0,2.07703e+07,21.9462,21.9462,21.9462,21.9462,0,0,0,0
04/12/2009 02:00,4,12,0,2,0,12.2,75,0,0,2.07703e+07,21.9462,21.9462,21.9462,21.9462,0,0,0,0
04/12/2009 03:00,4,12,0,3,0,12.2,72,0,0,2.07703e+07,21.9462,21.9462,21.9462,21.9462,0,0,0,0
04/12/2009 04:00,4,12,0,4,0,11.7,74,0,0,2.07703e+07,21.9462,21.9462,21.9462,21.9462,0,0,0,0
04/12/2009 05:00,4,12,0,5,0,10,83,0,0,2.07703e+07,21.9462,21.9462,21.9462,21.9462,0,0,0,0
04/12/2009 06:00,4,12,0,6,0,10,80,0,0,2.23312e+07,21.9462,21.9462,21.9462,21.9462,0,0,0,0
04/12/2009 07:00,4,12,0,7,0,10.6,83,0,711208,2.09261e+07,21.9943,21.9943,21.9943,16.8904,0,0.0422631,0,3.2425e+06
04/12/2009 08:00,4,12,0,8,0,13.3,72,0,1.65444e+06,2.79897e+07,21.9452,21.9452,21.9452,16.8904,0,0.097622,0,7.42351e+06
04/12/2009 09:00,4,12,0,9,0,16.7,58,0,6.20611e+06,5.93886e+07,21.9126,21.9126,21.9126,16.8904,0,0.40028,0,3.02531e+07
04/12/2009 10:00,4,12,0,10,0,18.3,45,0,7.16721e+06,6.05773e+07,21.9405,21.9405,21.9405,16.8904,0,0.467481,0,3.5528e+07
04/12/2009 11:00,4,12,0,11,0,20,44,0,7.57033e+06,6.1074e+07,21.9615,21.9615,21.9615,16.8904,0,0.495261,0,3.7795e+07
04/12/2009 12:00,4,12,0,12,0,21.1,42,0,7.96844e+06,6.15686e+07,21.9711,21.9711,21.9711,16.8904,0,0.523891,0,4.00559e+07
04/12/2009 13:00,4,12,0,13,0,21.7,41,0,7.02345e+06,5.59723e+07,21.9699,21.9699,21.9699,16.8904,0,0.456188,0,3.48713e+07
04/12/2009 14:00,4,12,0,14,0,21.7,41,0,8.34807e+06,6.20411e+07,21.9578,21.9578,21.9578,16.8904,0,0.551198,0,4.20332e+07
04/12/2009 15:00,4,12,0,15,0,21.1,42,0,9.02599e+06,6.28855e+07,21.9555,21.9555,21.9555,16.8904,0,0.599803,0,4.57186e+07
04/12/2009 16:00,4,12,0,16,0,21.1,39,0,9.48073e+06,6.34568e+07,21.9532,21.9532,21.9532,16.8904,0,0.633732,0,4.82833e+07
04/12/2009 17:00,4,12,0,17,0,20.6,41,0,9.52949e+06,6.35185e+07,21.9518,21.9518,21.9518,16.8904,0,0.637574,0,4.85629e+07
04/12/2009 18:00,4,12,0,18,0,18.9,49,0,5.65515e+06,3.88142e+07,21.9484,21.9484,21.9484,16.8904,0,0.360535,0,2.74424e+07
04/12/2009 19:00,4,12,0,19,0,17.2,61,0,0,1.95021e+07,21.9449,21.9449,21.9449,21.9449,0,0,0,0
04/12/2009 20:00,4,12,0,20,0,16.7,65,0,0,2.28739e+07,21.9449,21.9449,21.9449,21.9449,0,0,0,0
04/12/2009 21:00,4,12,0,21,0,15,72,0,0,1.97521e+07,21.9449,21.9449,21.9449,21.9449,0,0,0,0
04/12/2009 22:00,4,12,0,22,0,13.9,81,0,0,1.97521e+07,21.9449,21.9449,21.9449,21.9449,0,0,0,0
04/12/2009 23:00,4,12,0,23,0,13.3,83,0,0,1.69425e+07,21.9449,21.9449,21.9449,21.9449,0,0,0,0
04/13/2009 00:00,4,13,1,0,0,13.3,83,0,0,1.53816e+07,21.9449,21.9449,21.9449,21.9449,0,0,0,0
04/13/2009 01:00,4,13,1,1,0,12.8,90,0,0,2.07703e+07,21.9449,21.9449,21.9449,21.9449,0,0,0,0
04/13/2009 02:00,4,13,1,2,0,12.8,93,0,0,2.07703e+07,21.9449,21.9449,21.9449,21.9449,0,0,0,0
04/13/2009 03:00,4,13,1,3,0,14.4,87,0,0,2.07703e+07,21.9449,21.9449,21.9449,21.9449,0,0,0,0
04/13/2009 04:00,4,13,1,4,0,15.6,84,0,0,2.07703e+07,21.9449,21.9449,21.9449,21.9449,0,0,0,0
04/13/2009 05:00,4,13,1,5,0,15,90,0,0,2.07703e+07,21.9449,21.9449,21.9449,21.9449,0,0,0,0
04/13/2009 06:00,4,13,1,6,0,14.4,90,0,0,2.23312e+07,21.9449,21.9449,21.9449,21.9449,0,0,0,0
04/13/2009 07:00,4,13,1,7,0,15,93,0,778705,2.10053e+07,21.9912,21.9912,21.9912,16.8904,0,0.0457622,0,3.50908e+06
04/13/2009 08:00,4,13,1,8,0,16.1,90,0,1.42924e+06,2.76979e+07,21.9844,21.9844,21.9844,16.8904,0,0.0782061,0,5.99333e+06
04/13/2009 09:00,4,13,1,9,0,17.8,81,0,5.78895e+06,5.88681e+07,21.9628,21.9628,21.9628,16.8904,0,0.370177,0,2.82571e+07
04/13/2009 10:00,4,13,1,10,0,20.6,68,0,7.29718e+06,6.07337e+07,21.9794,21.9794,21.9794,16.8904,0,0.475413,0,3.64086e+07
04/13/2009 11:00,4,13,1,11,0,21.1,66,0,7.57858e+06,6.10828e+07,21.9922,21.9922,21.9922,16.8904,0,0.495509,0,3.80432e+07
04/13/2009 12:00,4,13,1,12,0,21.7,66,0,7.80828e+06,6.13682e+07,21.9958,21.9958,21.9958,16.8904,0,0.511949,0,3.93331e+07
04/13/2009 13:00,4,13,1,13,0,21.7,68,0,7.02968e+06,5.59787e+07,21.9968,21.9968,21.9968,16.8904,0,0.456156,0,3.50531e+07
04/13/2009 14:00,4,13,1,14,0,21.1,71,0,8.29657e+06,6.19754e+07,21.9847,21.9847,21.9847,16.8904,0,0.547003,0,4.19342e+07
04/13/2009 15:00,4,13,1,15,0,21.1,71,0,8.38448e+06,6.20851e+07,21.981,21.981,21.981,16.8904,0,0.553447,0,4.23981e+07
04/13/2009 16:00,4,13,1,16,0,20.6,73,0,8.45725e+06,6.21758e+07,21.9809,21.9809,21.9809,16.8904,0,0.558757,0,4.28039e+07
04/13/2009 17:00,4,13,1,17,0,20,78,0,8.19809e+06,6.18541e+07,21.9822,21.9822,21.9822,16.8904,0,0.540399,0,4.14081e+07
04/13/2009 18:00,4,13,1,18,0,20,78,0,4.69875e+06,3.76305e+07,21.9843,21.9843,21.9843,16.8904,0,0.294166,0,2.25498e+07
04/13/2009 19:00,4,13,1,19,0,18.9,87,0,0,1.95021e+07,21.9846,21.9846,21.9846,21.9846,0,0,0,0
04/13/2009 20:00,4,13,1,20,0,19.4,81,0,0,2.28739e+07,21.9846,21.9846,21.9846,21.9846,0,0,0,0
04/13/2009 21:00,4,13,1,21,0,18.9,87,0,0,1.97521e+07,21.9846,21.9846,21.9846,21.9846,0,0,0,0
04/13/2009 22:00,4,13,1,22,0,18.9,90,0,0,1.97521e+07,21.9846,21.9846,21.9846,21.9846,0,0,0,0
04/13/2009 23:00,4,13,1,23,0,18.9,90,0,0,1.69425e+07,21.9846,21.9846,21.9846,21.9846,0,0,0,0
04/14/2009 00:00,4,14,2,0,0,19.4,87,0,0,1.53816e+07,21.9846,21.9846,21.9846,21.9846,0,0,0,0
04/14/2009 01:00,4,14,2,1,0,18.9,90,0,0,2.07703e+07,21.9846,21.9846,21.9846,21.9846,0,0,0,0
04/14/2009 02:00,4,14,2,2,0,18.3,93,0,0,2.07703e+07,21.9846,21.9846,21.9846,21.9846,0,0,0,0
04/14/2009 03:00,4,14,2,3,0,18.9,90,0,0,2.07703e+07,21.9846,21.9846,21.9846,21.9846,0,0,0,0
04/14/2009 04:00,4,14,2,4,0,18.3,93,0,0,2.07703e+07,21.9846,21.9846,21.9846,21.9846,0,0,0,0
04/14/2009 05:00,4,14,2,5,0,18.9,93,0,0,2.07703e+07,21.9846,21.9846,21.9846,21.9846,0,0,0,0
04/14/2009 06:00,4,14,2,6,0,18.9,93,0,0,2.23312e+07,21.9846,21.9846,21.9846,21.9846,0,0,0,0
04/14/2009 07:00,4,14,2,7,0,18.9,93,0,1.94184e+06,2.23871e+07,22.0756,22.0756,22.0756,16.8904,0,0.110207,0,8.58745e+06
04/14/2009 08:00,4,14,2,8,0,15,93,0,1.42841e+06,2.76897e+07,22.0786,22.0786,22.0786,16.8904,0,0.0760972,0,5.94124e+06
04/14/2009 09:00,4,14,2,9,0,15,93,0,6.53962e+06,5.97922e+07,22.0938,22.0938,22.0938,16.8904,0,0.421387,0,3.2996e+07
04/14/2009 10:00,4,14,2,10,0,15,93,0,7.86652e+06,6.14364e+07,22.0896,22.0896,22.0896,16.8904,0,0.514797,0,4.02777e+07
04/14/2009 11:00,4,14,2,11,0,15,93,0,8.4961e+06,6.22202e+07,22.0655,22.0655,22.0655,16.8904,0,0.560287,0,4.36344e+07
04/14/2009 12:00,4,14,2,12,0,16.1,90,0,8.57233e+06,6.23168e+07,22.0449,22.0449,22.0449,16.8904,0,0.566461,0,4.39399e+07
04/14/2009 13:00,4,14,2,13,0,19.4,78,0,7.96984e+06,5.71462e+07,22.0184,22.0184,22.0184,16.8904,0,0.523285,0,4.03831e+07
04/14/2009 14:00,4,14,2,14,0,21.1,68,0,9.17389e+06,6.3069e+07,21.9868,21.9868,21.9868,16.8904,0,0.610816,0,4.68463e+07
04/14/2009 15:00,4,14,2,15,0,22.8,60,0,1.00422e+07,6.41534e+07,21.9784,21.9784,21.9784,16.8904,0,0.673983,0,5.16051e+07
04/14/2009 16:00,4,14,2,16,0,23.9,56,0,1.04625e+07,6.46817e+07,21.9711,21.9711,21.9711,16.8904,0,0.705498,0,5.39406e+07
04/14/2009 17:00,4,14,2,17,0,24.4,52,0,1.02192e+07,6.43757e+07,21.9682,21.9682,21.9682,16.8904,0,0.687316,0,5.25212e+07
04/14/2009 18:00,4,14,2,18,0,23.3,54,0,6.38598e+06,3.97156e+07,21.9594,21.9594,21.9594,16.8904,0,0.410972,0,3.13498e+07
04/14/2009 19:00,4,14,2,19,0,18.9,81,0,0,1.95021e+07,21.9553,21.9553,21.9553,21.9553,0,0,0,0
04/14/2009 20:00,4,14,2,20,0,17.2,87,0,0,2.28739e+07,21.9553,21.9553,21.9553,21.9553,0,0,0,0
04/14/2009 21:00,4,14,2,21,0,16.7,87,0,0,1.97521e+07,21.9553,21.9553,21.9553,21.9553,0,0,0,0
04/14/2009 22:00,4,14,2,22,0,15.6,93,0,0,1.97521e+07,21.9553,21.9553,21.9553,21.9553,0,0,0,0
04/14/2009 23:00,4,14,2,23,0,14.4,93,0,0,1.69425e+07,21.9553,21.9553,21.9553,21.9553,0,0,0,0
04/15/2009 00:00,4,15,3,0,0,14.4,93,0,0,1.53816e+07,21.9553,21.9553,21.9553,21.9553,0,0,0,0
04/15/2009 01:00,4,15,3,1,0,13.3,97,0,0,1.42679e+07,21.9553,21.9553,21.9553,21.9553,0,0,0,0
04/15/2009 02:00,4,15,3,2,0,12.8,97,0,0,1.42679e+07,21.9553,21.9553,21.9553,21.9553,0,0,0,0
04/15/2009 03:00,4,15,3,3,0,12.2,96,0,0,1.42679e+07,21.9553,21.9553,21.9553,21.9553,0,0,0,0
04/15/2009 04:00,4,15,3,4,0,12.2,93,0,0,1.42679e+07,21.9553,21.9553,21.9553,21.9553,0,0,0,0
04/15/2009 05:00,4,15,3,5,0,12.2,93,0,0,1.42679e+07,21.9553,21.9553,21.9553,21.9553,0,0,0,0
04/15/2009 06:00,4,15,3,6,0,11.7,96,0,0,1.42679e+07,21.9553,21.9553,21.9553,21.9553,0,0,0,0
04/15/2009 07:00,4,15,3,7,0,13.9,97,0,0,1.20098e+07,21.9553,21.9553,21.9553,21.9553,0,0,0,0
04/15/2009 08:00,4,15,3,8,0,17.8,87,0,0,1.20098e+07,21.9553,21.9553,21.9553,21.9553,0,0,0,0
04/15/2009 09:00,4,15,3,9,0,20,78,0,0,1.20098e+07,21.9553,21.9553,21.9553,21.9553,0,0,0,0
04/15/2009 10:00,4,15,3,10,0,21.7,68,0,0,1.20098e+07,21.9553,21.9553,21.9553,21.9553,0,0,0,0
04/15/2009 11:00,4,15,3,11,0,23.3,62,0,0,1.20098e+07,21.9553,21.9553,21.9553,21.9553,0,0,0,0
04/15/2009 12:00,4,15,3,12,0,24.4,60,0,0,1.20098e+07,21.9553,21.9553,21.9553,21.9553,0,0,0,0
04/15/2009 13:00,4,15,3,13,0,25,60,0,0,1.20098e+07,21.9553,21.9553,21.9553,21.9553,0,0,0,0
04/15/2009 14:00,4,15,3,14,0,26.1,58,0,0,1.20098e+07,21.9553,21.9553,21.9553,21.9553,0,0,0,0
04/15/2009 15:00,4,15,3,15,0,26.1,56,0,0,1.20098e+07,21.9553,21.9553,21.9553,21.9553,0,0,0,0
04/15/2009 16:00,4,15,3,16,0,26.1,56,0,0,1.20098e+07,21.9553,21.9553,21.9553,21.9553,0,0,0,0
04/15/2009 17:00,4,15,3,17,0,26.1,56,0,0,1.20098e+07,21.9553,21.9553,21.9553,21.9553,0,0,0,0
04/15/2009 18:00,4,15,3,18,0,24.4,67,0,0,1.20098e+07,21.9553,21.9553,21.9553,21.9553,0,0,0,0
04/15/2009 19:00,4,15,3,19,0,22.2,76,0,0,1.20098e+07,21.9553,21.9553,21.9553,21.9553,0,0,0,0
04/15/2009 20:00,4,15,3,20,0,20.6,81,0,0,1.53816e+07,21.9553,21.9553,21.9553,21.9553,0,0,0,0
04/15/2009 21:00,4,15,3,21,0,20,78,0,0,1.53816e+07,21.9553,21.9553,21.9553,21.9553,0,0,0,0
04/15/2009 22:00,4,15,3,22,0,18.9,81,0,0,1.53816e+07,21.9553,21.9553,21.9553,21.9553,0,0,0,0
04/15/2009 23:00,4,15,3,23,0,17.8,87,0,0,1.53816e+07,21.9553,21.9553,21.9553,21.9553,0,0,0,0
04/16/2009 00:00,4,16,4,0,0,17.8,90,0,0,1.53816e+07,21.9553,21.9553,21.9553,21.9553,0,0,0,0
04/16/2009 01:00,4,16,4,1,0,17.2,93,0,0,1.42679e+07,21.9553,21.9553,21.9553,21.9553,0,0,0,0
04/16/2009 02:00,4,16,4,2,0,17.2,93,0,0,1.42679e+07,21.9553,21.9553,21.9553,21.9553,0,0,0,0
04/16/2009 03:00,4,16,4,3,0,17.2,93,0,0,1.42679e+07,21.9553,21.9553,21.9553,21.9553,0,0,0,0
04/16/2009 04:00,4,16,4,4,0,17.2,93,0,0,1.42679e+07,21.9553,21.9553,21.9553,21.9553,0,0,0,0
04/16/2009 05:00,4,16,4,5,0,16.7,97,0,0,1.42679e+07,21.9553,21.9553,21.9553,21.9553,0,0,0,0
04/16/2009 06:00,4,16,4,6,0,17.2,93,0,0,1.42679e+07,21.9553,21.9553,21.9553,21.9553,0,0,0,0
04/16/2009 07:00,4,16,4,7,0,17.2,93,0,0,1.20098e+07,21.9553,21.9553,21.9553,21.9553,0,0,0,0
04/16/2009 08:00,4,16,4,8,0,20,84,0,0,1.20098e+07,21.9553,21.9553,21.9553,21.9553,0,0,0,0
04/16/2009 09:00,4,16,4,9,0,22.2,71,0,0,1.20098e+07,21.9553,21.9553,21.9553,21.9553,0,0,0,0
04/16/2009 10:00,4,16,4,10,0,23.9,62,0,0,1.20098e+07,21.9553,21.9553,21.9553,21.9553,0,0,0,0
04/16/2009 11:00,4,16,4,11,0,25.6,52,0,0,1.20098e+07,21.9553,21.9553,21.9553,21.9553,0,0,0,0
04/16/2009 12:00,4,16,4,12,0,26.7,52,0,0,1.20098e+07,21.9553,21.9553,21.9553,21.9553,0,0,0,0
04/16/2009 13:00,4,16,4,13,0,27.8,51,0,0,1.20098e+07,21.9553,21.9553,21.9553,21.9553,0,0,0,0
04/16/2009 14:00,4,16,4,14,0,26.7,52,0,0,1.20098e+07,21.9553,21.9553,21.9553,21.9553,0,0,0,0
04/16/2009 15:00,4,16,4,15,0,27.8,51,0,0,1.20098e+07,21.9553,21.9553,21.9553,21.9553,0,0,0,0
04/16/2009 16:00,4,16,4,16,0,27.2,49,0,0,1.20098e+07,21.9553,21.9553,21.9553,21.9553,0,0,0,0
04/16/2009 17:00,4,16,4,17,0,26.7,54,0,0,1.20098e+07,21.9553,21.9553,21.9553,21.9553,0,0,0,0
04/16/2009 18:00,4,16,4,18,0,25.6,56,0,0,1.20098e+07,21.9553,21.9553,21.9553,21.9553,0,0,0,0
04/16/2009 19:00,4,16,4,19,0,22.2,73,0,0,1.20098e+07,21.9553,21.9553,21.9553,21.9553,0,0,0,0
04/16/2009 20:00,4,16,4,20,0,21.1,81,0,0,1.53816e+07,21.9553,21.9553,21.9553,21.9553,0,0,0,0
04/16/2009 21:00,4,16,4,21,0,20.6,84,0,0,1.53816e+07,21.9553,21.9553,21.9553,21.9553,0,0,0,0
04/16/2009 22:00,4,16,4,22,0,20,87,0,0,1.53816e+07,21.9553,21.9553,21.9553,21.9553,0,0,0,0
04/16/2009 23:00,4,16,4,23,0,19.4,90,0,0,1.53816e+07,21.9553,21.9553,21.9553,21.9553,0,0,0,0
04/17/2009 00:00,4,17,5,0,0,18.9,93,0,0,1.53816e+07,21.9553,21.9553,21.9553,21.9553,0,0,0,0
04/17/2009 01:00,4,17,5,1,0,19.4,90,0,0,2.07703e+07,21.9553,21.9553,21.9553,21.9553,0,0,0,0
04/17/2009 02:00,4,17,5,2,0,19.4,93,0,0,2.07703e+07,21.9553,21.9553,21.9553,21.9553,0,0,0,0
04/17/2009 03:00,4,17,5,3,0,19.4,93,0,0,2.07703e+07,21.9553,21.9553,21.9553,21.9553,0,0,0,0
04/17/2009 04:00,4,17,5,4,0,19.4,90,0,0,2.07703e+07,21.9553,21.9553,21.9553,21.9553,0,0,0,0
04/17/2009 05:00,4,17,5,5,0,20,87,0,0,2.07703e+07,21.9553,21.9553,21.9553,21.9553,0,0,0,0
04/17/2009 06:00,4,17,5,6,0,19.4,90,0,0,2.23312e+07,21.9553,21.9553,21.9553,21.9553,0,0,0,0
04/17/2009 07:00,4,17,5,7,0,19.4,93,0,2.0508e+06,2.25182e+07,22.1092,22.1092,22.1092,16.8904,0,0.11647,0,9.12791e+06
04/17/2009 08:00,4,17,5,8,0,20,90,0,2.8237e+06,2.93938e+07,22.1432,22.1432,22.1432,16.8904,0,0.16679,0,1.31841e+07
04/17/2009 09:00,4,17,5,9,0,20.6,87,0,7.82048e+06,6.13771e+07,22.1222,22.1222,22.1222,16.8904,0,0.510633,0,4.02023e+07
04/17/2009 10:00,4,17,5,10,0,22.2,79,0,8.83835e+06,6.26447e+07,22.0902,22.0902,22.0902,16.8904,0,0.584329,0,4.57235e+07
04/17/2009 11:00,4,17,5,11,0,23.9,69,0,9.74879e+06,6.37819e+07,22.0613,22.0613,22.0613,16.8904,0,0.651099,0,5.06662e+07
04/17/2009 12:00,4,17,5,12,0,25.6,64,0,9.75465e+06,6.3792e+07,22.0346,22.0346,22.0346,16.8904,0,0.652613,0,5.05216e+07
04/17/2009 13:00,4,17,5,13,0,27.2,56,0,9.04402e+06,5.84844e+07,22.0134,22.0134,22.0134,16.8904,0,0.600968,0,4.63321e+07
04/17/2009 14:00,4,17,5,14,0,28.3,53,0,1.04357e+07,6.46461e+07,21.9826,21.9826,21.9826,16.8904,0,0.703563,0,5.39156e+07
04/17/2009 15:00,4,17,5,15,0,28.9,51,0,1.12597e+07,6.56789e+07,21.9698,21.9698,21.9698,16.8904,0,0.764576,0,5.84427e+07
04/17/2009 16:00,4,17,5,16,0,28.9,53,0,1.16877e+07,6.6218e+07,21.9611,21.9611,21.9611,16.8904,0,0.797065,0,6.08221e+07
04/17/2009 17:00,4,17,5,17,0,27.8,55,0,1.15408e+07,6.60343e+07,21.954,21.954,21.954,16.8904,0,0.786257,0,5.99138e+07
04/17/2009 18:00,4,17,5,18,0,27.8,57,0,7.99142e+06,4.17093e+07,21.9455,21.9455,21.9455,16.8904,0,0.525069,0,3.99432e+07
04/17/2009 19:00,4,17,5,19,0,26.1,67,0,0,1.95021e+07,21.9412,21.9412,21.9412,21.9412,0,0,0,0
04/17/2009 20:00,4,17,5,20,0,25,69,0,0,2.28739e+07,21.9412,21.9412,21.9412,21.9412,0,0,0,0
04/17/2009 21:00,4,17,5,21,0,23.3,82,0,0,1.97521e+07,21.9412,21.9412,21.9412,21.9412,0,0,0,0
04/17/2009 22:00,4,17,5,22,0,22.2,87,0,0,1.97521e+07,21.9412,21.9412,21.9412,21.9412,0,0,0,0
04/17/2009 23:00,4,17,5,23,0,21.7,90,0,0,1.69425e+07,21.9412,21.9412,21.9412,21.9412,0,0,0,0
04/18/2009 00:00,4,18,6,0,0,21.7,90,0,0,1.53816e+07,21.9412,21.9412,21.9412,21.9412,0,0,0,0
04/18/2009 01:00,4,18,6,1,0,20,84,0,0,2.07703e+07,21.9412,21.9412,21.9412,21.9412,0,0,0,0
04/18/2009 02:00,4,18,6,2,0,19.4,84,0,0,2.07703e+07,21.9412,21.9412,21.9412,21.9412,0,0,0,0
04/18/2009 03:00,4,18,6,3,0,17.8,87,0,0,2.07703e+07,21.9412,21.9412,21.9412,21.9412,0,0,0,0
04/18/2009 04:00,4,18,6,4,0,17.2,87,0,0,2.07703e+07,21.9412,21.9412,21.9412,21.9412,0,0,0,0
04/18/2009 05:00,4,18,6,5,0,17.2,84,0,0,2.07703e+07,21.9412,21.9412,21.9412,21.9412,0,0,0,0
04/18/2009 06:00,4,18,6,6,0,16.7,81,0,0,2.23312e+07,21.9412,21.9412,21.9412,21.9412,0,0,0,0
04/18/2009 07:00,4,18,6,7,0,16.1,81,0,2.99049e+06,2.3677e+07,22.0512,22.0512,22.0512,16.8904,0,0.181517,0,1.40783e+07
04/18/2009 08:00,4,18,6,8,0,16.7,73,0,4.29093e+06,3.11981e+07,22.0391,22.0391,22.0391,16.8904,0,0.266111,0,2.06183e+07
04/18/2009 09:00,4,18,6,9,0,16.7,75,0,8.32894e+06,6.20146e+07,22.0179,22.0179,22.0179,16.8904,0,0.549062,0,4.23665e+07
04/18/2009 10:00,4,18,6,10,0,17.2,70,0,9.06137e+06,6.2927e+07,22.0012,22.0012,22.0012,16.8904,0,0.602071,0,4.63055e+07
04/18/2009 11:00,4,18,6,11,0,19.4,68,0,9.48e+06,6.345e+07,21.9897,21.9897,21.9897,16.8904,0,0.632869,0,4.85654e+07
04/18/2009 12:00,4,18,6,12,0,20.6,66,0,1.00288e+07,6.4137e+07,21.982,21.982,21.982,16.8904,0,0.67369,0,5.16193e+07
04/18/2009 13:00,4,18,6,13,0,21.1,64,0,8.92966e+06,5.8343e+07,21.9654,21.9654,21.9654,16.8904,0,0.593189,0,4.53039e+07
04/18/2009 14:00,4,18,6,14,0,23.9,62,0,1.02744e+07,6.44448e+07,21.9554,21.9554,21.9554,16.8904,0,0.691978,0,5.27442e+07
04/18/2009 15:00,4,18,6,15,0,22.8,64,0,1.00389e+07,6.41504e+07,21.9541,21.9541,21.9541,16.8904,0,0.674673,0,5.14112e+07
04/18/2009 16:00,4,18,6,16,0,23.3,64,0,1.06065e+07,6.48598e+07,21.9576,21.9576,21.9576,16.8904,0,0.716256,0,5.46182e+07
04/18/2009 17:00,4,18,6,17,0,22.8,66,0,1.09631e+07,6.53081e+07,21.9553,21.9553,21.9553,16.8904,0,0.742895,0,5.66238e+07
04/18/2009 18:00,4,18,6,18,0,21.7,71,0,6.92417e+06,4.03808e+07,21.9529,21.9529,21.9529,16.8904,0,0.44871,0,3.41847e+07
04/18/2009 19:00,4,18,6,19,0,20.6,76,0,0,1.95021e+07,21.9527,21.9527,21.9527,21.9527,0,0,0,0
04/18/2009 20:00,4,18,6,20,0,20,81,0,0,2.28739e+07,21.9527,21.9527,21.9527,21.9527,0,0,0,0
04/18/2009 21:00,4,18,6,21,0,19.4,81,0,0,1.97521e+07,21.9527,21.9527,21.9527,21.9527,0,0,0,0
04/18/2009 22:00,4,18,6,22,0,19.4,81,0,0,1.97521e+07,21.9527,21.9527,21.9527,21.9527,0,0,0,0
04/18/2009 23:00,4,18,6,23,0,19.4,81,0,0,1.69425e+07,21.9527,21.9527,21.9527,21.9527,0,0,0,0
04/19/2009 00:00,4,19,0,0,0,20,78,0,0,1.53816e+07,21.9527,21.9527,21.9527,21.9527,0,0,0,0
04/19/2009 01:00,4,19,0,1,0,18.9,84,0,0,2.07703e+07,21.9527,21.9527,21.9527,21.9527,0,0,0,0
04/19/2009 02:00,4,19,0,2,0,18.9,87,0,0,2.07703e+07,21.9527,21.9527,21.9527,21.9527,0,0,0,0
04/19/2009 03:00,4,19,0,3,0,17.2,93,0,0,2.07703e+07,21.9527,21.9527,21.9527,21.9527,0,0,0,0
04/19/2009 04:00,4,19,0,4,0,17.2,93,0,0,2.07703e+07,21.9527,21.9527,21.9527,21.9527,0,0,0,0
04/19/2009 05:00,4,19,0,5,0,17.2,97,0,0,2.07703e+07,21.9527,21.9527,21.9527,21.9527,0,0,0,0
04/19/2009 06:00,4,19,0,6,0,17.8,97,0,0,2.23312e+07,21.9527,21.9527,21.9527,21.9527,0,0,0,0
04/19/2009 07:00,4,19,0,7,0,18.9,93,0,2.95827e+06,2.36354e+07,22.0501,22.0501,22.0501,16.8904,0,0.178755,0,1.38633e+07
04/19/2009 08:00,4,19,0,8,0,19.4,90,0,3.42405e+06,3.01304e+07,22.05,22.05,22.05,16.8904,0,0.207173,0,1.6086e+07
04/19/2009 09:00,4,19,0,9,0,21.1,84,0,8.25426e+06,6.19208e+07,22.0353,22.0353,22.0353,16.8904,0,0.543392,0,4.20717e+07
04/19/2009 10:00,4,19,0,10,0,22.2,57,0,9.21804e+06,6.31215e+07,22.0207,22.0207,22.0207,16.8904,0,0.613196,0,4.73417e+07
04/19/2009 11:00,4,19,0,11,0,23.3,74,0,9.82924e+06,6.38853e+07,22.0053,22.0053,22.0053,16.8904,0,0.658212,0,5.06642e+07
04/19/2009 12:00,4,19,0,12,0,23.9,71,0,1.01984e+07,6.43479e+07,21.9888,21.9888,21.9888,16.8904,0,0.68578,0,5.26156e+07
04/19/2009 13:00,4,19,0,13,0,25,67,0,9.20641e+06,5.86871e+07,21.9738,21.9738,21.9738,16.8904,0,0.612963,0,4.68915e+07
04/19/2009 14:00,4,19,0,14,0,25.6,64,0,1.00752e+07,6.41956e+07,21.9546,21.9546,21.9546,16.8904,0,0.677231,0,5.16119e+07
04/19/2009 15:00,4,19,0,15,0,24.4,69,0,1.05644e+07,6.48076e+07,21.954,21.954,21.954,16.8904,0,0.713304,0,5.43546e+07
04/19/2009 16:00,4,19,0,16,0,24.4,71,0,1.05623e+07,6.48047e+07,21.9543,21.9543,21.9543,16.8904,0,0.712964,0,5.43318e+07
04/19/2009 17:00,4,19,0,17,0,23.3,76,0,1.01787e+07,6.43251e+07,21.9553,21.9553,21.9553,16.8904,0,0.684857,0,5.22004e+07
04/19/2009 18:00,4,19,0,18,0,22.8,79,0,6.56216e+06,3.99319e+07,21.9593,21.9593,21.9593,16.8904,0,0.423288,0,3.22886e+07
04/19/2009 19:00,4,19,0,19,0,22.2,82,0,0,1.95021e+07,21.9596,21.9596,21.9596,21.9596,0,0,0,0
04/19/2009 20:00,4,19,0,20,0,22.2,82,0,0,2.28739e+07,21.9596,21.9596,21.9596,21.9596,0,0,0,0
04/19/2009 21:00,4,19,0,21,0,21.7,87,0,0,1.97521e+07,21.9596,21.9596,21.9596,21.9596,0,0,0,0
04/19/2009 22:00,4,19,0,22,0,21.7,84,0,0,1.97521e+07,21.9596,21.9596,21.9596,21.9596,0,0,0,0
04/19/2009 23:00,4,19,0,23,0,21.7,87,0,0,1.69425e+07,21.9596,21.9596,21.9596,21.9596,0,0,0,0
04/20/2009 00:00,4,20,1,0,0,21.1,90,0,0,1.53816e+07,21.9596,21.9596,21.9596,21.9596,0,0,0,0
04/20/2009 01:00,4,20,1,1,0,21.1,90,0,0,2.07703e+07,21.9596,21.9596,21.9596,21.9596,0,0,0,0
04/20/2009 02:00,4,20,1,2,0,21.1,90,0,0,2.07703e+07,21.9596,21.9596,21.9596,21.9596,0,0,0,0
04/20/2009 03:00,4,20,1,3,0,21.1,90,0,0,2.07703e+07,21.9596,21.9596,21.9596,21.9596,0,0,0,0
04/20/2009 04:00,4,20,1,4,0,20.6,93,0,0,2.07703e+07,21.9596,21.9596,21.9596,21.9596,0,0,0,0
04/20/2009 05:00,4,20,1,5,0,21.1,90,0,0,2.07703e+07,21.9596,21.9596,21.9596,21.9596,0,0,0,0
04/20/2009 06:00,4,20,1,6,0,21.7,87,0,0,2.23312e+07,21.9596,21.9596,21.9596,21.9596,0,0,0,0
04/20/2009 07:00,4,20,1,7,0,21.7,90,0,4.44733e+06,2.54643e+07,22.1438,22.1438,22.1438,16.8904,0,0.27881,0,2.20142e+07
04/20/2009 08:00,4,20,1,8,0,23.3,82,0,4.47588e+06,3.14215e+07,22.1225,22.1225,22.1225,16.8904,0,0.277577,0,2.18551e+07
04/20/2009 09:00,4,20,1,9,0,23.9,76,0,9.57405e+06,6.35621e+07,22.0887,22.0887,22.0887,16.8904,0,0.63805,0,4.99123e+07
04/20/2009 10:00,4,20,1,10,0,25,67,0,1.05086e+07,6.47322e+07,22.0489,22.0489,22.0489,16.8904,0,0.707412,0,5.49152e+07
04/20/2009 11:00,4,20,1,11,0,26.1,65,0,1.08578e+07,6.51713e+07,22.0248,22.0248,22.0248,16.8904,0,0.733982,0,5.67123e+07
04/20/2009 12:00,4,20,1,12,0,27.8,55,0,1.10075e+07,6.53619e+07,21.997,21.997,21.997,16.8904,0,0.746178,0,5.73433e+07
04/20/2009 13:00,4,20,1,13,0,27.8,55,0,1.02591e+07,6.00028e+07,21.9797,21.9797,21.9797,16.8904,0,0.69049,0,5.28833e+07
04/20/2009 14:00,4,20,1,14,0,27.2,65,0,1.11346e+07,6.5523e+07,21.9595,21.9595,21.9595,16.8904,0,0.7562,0,5.76855e+07
04/20/2009 15:00,4,20,1,15,0,27.2,67,0,1.19903e+07,6.65973e+07,21.9502,21.9502,21.9502,16.8904,0,0.820185,0,6.24524e+07
04/20/2009 16:00,4,20,1,16,0,26.1,65,0,1.15179e+07,6.60033e+07,21.9457,21.9457,21.9457,16.8904,0,0.784529,0,5.96834e+07
04/20/2009 17:00,4,20,1,17,0,26.1,67,0,1.14089e+07,6.58667e+07,21.9449,21.9449,21.9449,16.8904,0,0.776433,0,5.9058e+07
04/20/2009 18:00,4,20,1,18,0,24.4,76,0,8.34667e+06,4.21527e+07,21.9417,21.9417,21.9417,16.8904,0,0.551051,0,4.18884e+07
04/20/2009 19:00,4,20,1,19,0,23.3,82,0,0,1.95021e+07,21.9375,21.9375,21.9375,21.9375,0,0,0,0
04/20/2009 20:00,4,20,1,20,0,22.2,87,0,0,2.28739e+07,21.9375,21.9375,21.9375,21.9375,0,0,0,0
04/20/2009 21:00,4,20,1,21,0,22.2,87,0,0,1.97521e+07,21.9375,21.9375,21.9375,21.9375,0,0,0,0
04/20/2009 22:00,4,20,1,22,0,21.7,90,0,0,1.97521e+07,21.9375,21.9375,21.9375,21.9375,0,0,0,0
04/20/2009 23:00,4,20,1,23,0,21.1,93,0,0,1.69425e+07,21.9375,21.9375,21.9375,21.9375,0,0,0,0
04/21/2009 00:00,4,21,2,0,0,21.1,93,0,0,1.53816e+07,21.9375,21.9375,21.9375,21.9375,0,0,0,0
04/21/2009 01:00,4,21,2,1,0,21.1,90,0,0,2.07703e+07,21.9375,21.9375,21.9375,21.9375,0,0,0,0
04/21/2009 02:00,4,21,2,2,0,20.6,93,0,0,2.07703e+07,21.9375,21.9375,21.9375,21.9375,0,0,0,0
04/21/2009 03:00,4,21,2,3,0,20.6,93,0,0,2.07703e+07,21.9375,21.9375,21.9375,21.9375,0,0,0,0
04/21/2009 04:00,4,21,2,4,0,20,93,0,0,2.07703e+07,21.9375,21.9375,21.9375,21.9375,0,0,0,0
04/21/2009 05:00,4,21,2,5,0,18.9,97,0,0,2.07703e+07,21.9375,21.9375,21.9375,21.9375,0,0,0,0
04/21/2009 06:00,4,21,2,6,0,18.3,97,0,0,2.23312e+07,21.9375,21.9375,21.9375,21.9375,0,0,0,0
04/21/2009 07:00,4,21,2,7,0,19.4,97,0,4.33883e+06,2.53359e+07,22.1139,22.1139,22.1139,16.8904,0,0.272965,0,2.14258e+07
04/21/2009 08:00,4,21,2,8,0,21.7,93,0,5.70825e+06,3.29491e+07,22.0977,22.0977,22.0977,16.8904,0,0.364225,0,2.85417e+07
04/21/2009 09:00,4,21,2,9,0,24.4,76,0,1.03533e+07,6.45372e+07,22.0564,22.0564,22.0564,16.8904,0,0.69567,0,5.40824e+07
04/21/2009 10:00,4,21,2,10,0,25.6,67,0,1.1438e+07,6.58991e+07,22.0266,22.0266,22.0266,16.8904,0,0.777269,0,6.00782e+07
04/21/2009 11:00,4,21,2,11,0,27.2,56,0,1.15859e+07,6.60865e+07,21.9932,21.9932,21.9932,16.8904,0,0.789093,0,6.05964e+07
04/21/2009 12:00,4,21,2,12,0,27.8,55,0,1.15042e+07,6.59866e+07,21.9688,21.9688,21.9688,16.8904,0,0.783901,0,5.99083e+07
04/21/2009 13:00,4,21,2,13,0,28.3,55,0,1.06087e+07,6.04414e+07,21.9567,21.9567,21.9567,16.8904,0,0.716727,0,5.46445e+07
04/21/2009 14:00,4,21,2,14,0,28.3,55,0,1.18026e+07,6.63627e+07,21.9382,21.9382,21.9382,16.8904,0,0.806755,0,6.12832e+07
04/21/2009 15:00,4,21,2,15,0,28.9,53,0,1.18501e+07,6.64214e+07,21.9373,21.9373,21.9373,16.8904,0,0.80999,0,6.15187e+07
04/21/2009 16:00,4,21,2,16,0,27.8,55,0,1.27521e+07,6.75592e+07,21.9367,21.9367,21.9367,16.8904,0,0.878706,0,6.673e+07
04/21/2009 17:00,4,21,2,17,0,27.2,56,0,1.24325e+07,6.71559e+07,21.9336,21.9336,21.9336,16.8904,0,0.854208,0,6.48297e+07
04/21/2009 18:00,4,21,2,18,0,26.7,60,0,8.94683e+06,4.29003e+07,21.9315,21.9315,21.9315,16.8904,0,0.594492,0,4.50998e+07
04/21/2009 19:00,4,21,2,19,0,24.4,74,0,0,1.95021e+07,21.9314,21.9314,21.9314,21.9314,0,0,0,0
04/21/2009 20:00,4,21,2,20,0,22.8,82,0,0,2.28739e+07,21.9314,21.9314,21.9314,21.9314,0,0,0,0
04/21/2009 21:00,4,21,2,21,0,22.2,84,0,0,1.97521e+07,21.9314,21.9314,21.9314,21.9314,0,0,0,0
04/21/2009 22:00,4,21,2,22,0,21.7,87,0,0,1.97521e+07,21.9314,21.9314,21.9314,21.9314,0,0,0,0
04/21/2009 23:00,4,21,2,23,0,21.1,90,0,0,1.69425e+07,21.9314,21.9314,21.9314,21.9314,0,0,0,0
04/22/2009 00:00,4,22,3,0,0,21.7,87,0,0,1.53816e+07,21.9314,21.9314,21.9314,21.9314,0,0,0,0
04/22/2009 01:00,4,22,3,1,0,21.7,87,0,0,1.42679e+07,21.9314,21.9314,21.9314,21.9314,0,0,0,0
04/22/2009 02:00,4,22,3,2,0,21.7,84,0,0,1.42679e+07,21.9314,21.9314,21.9314,21.9314,0,0,0,0
04/22/2009 03:00,4,22,3,3,0,21.1,87,0,0,1.42679e+07,21.9314,21.9314,21.9314,21.9314,0,0,0,0
04/22/2009 04:00,4,22,3,4,0,20,90,0,0,1.42679e+07,21.9314,21.9314,21.9314,21.9314,0,0,0,0
04/22/2009 05:00,4,22,3,5,0,20,93,0,0,1.42679e+07,21.9314,21.9314,21.9314,21.9314,0,0,0,0
04/22/2009 06:00,4,22,3,6,0,19.4,97,0,0,1.42679e+07,21.9314,21.9314,21.9314,21.9314,0,0,0,0
04/22/2009 07:00,4,22,3,7,0,20.6,93,0,0,1.20098e+07,21.9314,21.9314,21.9314,21.9314,0,0,0,0
04/22/2009 08:00,4,22,3,8,0,22.8,87,0,0,1.20098e+07,21.9314,21.9314,21.9314,21.9314,0,0,0,0
04/22/2009 09:00,4,22,3,9,0,24.4,74,0,0,1.20098e+07,21.9314,21.9314,21.9314,21.9314,0,0,0,0
04/22/2009 10:00,4,22,3,10,0,26.1,62,0,0,1.20098e+07,21.9314,21.9314,21.9314,21.9314,0,0,0,0
04/22/2009 11:00,4,22,3,11,0,27.8,57,0,0,1.20098e+07,21.9314,21.9314,21.9314,21.9314,0,0,0,0
04/22/2009 12:00,4,22,3,12,0,28.3,51,0,0,1.20098e+07,21.9314,21.9314,21.9314,21.9314,0,0,0,0
04/22/2009 13:00,4,22,3,13,0,28.9,49,0,0,1.20098e+07,21.9314,21.9314,21.9314,21.9314,0,0,0,0
04/22/2009 14:00,4,22,3,14,0,28.3,55,0,0,1.20098e+07,21.9314,21.9314,21.9314,21.9314,0,0,0,0
04/22/2009 15:00,4,22,3,15,0,27.2,65,0,0,1.20098e+07,21.9314,21.9314,21.9314,21.9314,0,0,0,0
04/22/2009 16:00,4,22,3,16,0,27.8,57,0,0,1.20098e+07,21.9314,21.9314,21.9314,21.9314,0,0,0,0
04/22/2009 17:00,4,22,3,17,0,27.2,58,0,0,1.20098e+07,21.9314,21.9314,21.9314,21.9314,0,0,0,0
04/22/2009 18:00,4,22,3,18,0,26.1,62,0,0,1.20098e+07,21.9314,21.9314,21.9314,21.9314,0,0,0,0
04/22/2009 19:00,4,22,3,19,0,24.4,69,0,0,1.20098e+07,21.9314,21.9314,21.9314,21.9314,0,0,0,0
04/22/2009 20:00,4,22,3,20,0,23.3,76,0,0,1.53816e+07,21.9314,21.9314,21.9314,21.9314,0,0,0,0
04/22/2009 21:00,4,22,3,21,0,22.8,82,0,0,1.53816e+07,21.9314,21.9314,21.9314,21.9314,0,0,0,0
04/22/2009 22:00,4,22,3,22,0,22.8,84,0,0,1.53816e+07,21.9314,21.9314,21.9314,21.9314,0,0,0,0
04/22/2009 23:00,4,22,3,23,0,22.2,87,0,0,1.53816e+07,21.9314,21.9314,21.9314,21.9314,0,0,0,0
04/23/2009 00:00,4,23,4,0,0,21.7,90,0,0,1.53816e+07,21.9314,21.9314,21.9314,21.9314,0,0,0,0
04/23/2009 01:00,4,23,4,1,0,21.7,87,0,0,1.42679e+07,21.9314,21.9314,21.9314,21.9314,0,0,0,0
04/23/2009 02:00,4,23,4,2,0,20.6,93,0,0,1.42679e+07,21.9314,21.9314,21.9314,21.9314,0,0,0,0
04/23/2009 03:00,4,23,4,3,0,21.1,90,0,0,1.42679e+07,21.9314,21.9314,21.9314,21.9314,0,0,0,0
04/23/2009 04:00,4,23,4,4,0,20.6,90,0,0,1.42679e+07,21.9314,21.9314,21.9314,21.9314,0,0,0,0
04/23/2009 05:00,4,23,4,5,0,20.6,93,0,0,1.42679e+07,21.9314,21.9314,21.9314,21.9314,0,0,0,0
04/23/2009 06:00,4,23,4,6,0,20.6,90,0,0,1.42679e+07,21.9314,21.9314,21.9314,21.9314,0,0,0,0
04/23/2009 07:00,4,23,4,7,0,21.7,87,0,0,1.20098e+07,21.9314,21.9314,21.9314,21.9314,0,0,0,0
04/23/2009 08:00,4,23,4,8,0,22.8,84,0,0,1.20098e+07,21.9314,21.9314,21.9314,21.9314,0,0,0,0
04/23/2009 09:00,4,23,4,9,0,24.4,69,0,0,1.20098e+07,21.9314,21.9314,21.9314,21.9314,0,0,0,0
04/23/2009 10:00,4,23,4,10,0,25.6,62,0,0,1.20098e+07,21.9314,21.9314,21.9314,21.9314,0,0,0,0
04/23/2009 11:00,4,23,4,11,0,26.7,60,0,0,1.20098e+07,21.9314,21.9314,21.9314,21.9314,0,0,0,0
04/23/2009 12:00,4,23,4,12,0,27.2,54,0,0,1.20098e+07,21.9314,21.9314,21.9314,21.9314,0,0,0,0
04/23/2009 13:00,4,23,4,13,0,26.7,60,0,0,1.20098e+07,21.9314,21.9314,21.9314,21.9314,0,0,0,0
04/23/2009 14:00,4,23,4,14,0,27.8,59,0,0,1.20098e+07,21.9314,21.9314,21.9314,21.9314,0,0,0,0
04/23/2009 15:00,4,23,4,15,0,26.7,56,0,0,1.20098e+07,21.9314,21.9314,21.9314,21.9314,0,0,0,0
04/23/2009 16:00,4,23,4,16,0,26.7,60,0,0,1.20098e+07,21.9314,21.9314,21.9314,21.9314,0,0,0,0
04/23/2009 17:00,4,23,4,17,0,26.1,60,0,0,1.20098e+07,21.9314,21.9314,21.9314,21.9314,0,0,0,0
04/23/2009 18:00,4,23,4,18,0,24.4,64,0,0,1.20098e+07,21.9314,21.9314,21.9314,21.9314,0,0,0,0
04/23/2009 19:00,4,23,4,19,0,23.3,69,0,0,1.20098e+07,21.9314,21.9314,21.9314,21.9314,0,0,0,0
04/23/2009 20:00,4,23,4,20,0,22.2,76,0,0,1.53816e+07,21.9314,21.9314,21.9314,21.9314,0,0,0,0
04/23/2009 21:00,4,23,4,21,0,22.2,76,0,0,1.53816e+07,21.9314,21.9314,21.9314,21.9314,0,0,0,0
04/23/2009 22:00,4,23,4,22,0,21.7,79,0,0,1.53816e+07,21.9314,21.9314,21.9314,21.9314,0,0,0,0
04/23/2009 23:00,4,23,4,23,0,21.1,84,0,0,1.53816e+07,21.9314,21.9314,21.9314,21.9314,0,0,0,0
04/24/2009 00:00,4,24,5,0,0,21.1,84,0,0,1.53816e+07,21.9314,21.9314,21.9314,21.9314,0,0,0,0
04/24/2009 01:00,4,24,5,1,0,20.6,87,0,0,2.07703e+07,21.9314,21.9314,21.9314,21.9314,0,0,0,0
04/24/2009 02:00,4,24,5,2,0,20.6,90,0,0,2.07703e+07,21.9314,21.9314,21.9314,21.9314,0,0,0,0
04/24/2009 03:00,4,24,5,3,0,21.1,90,0,0,2.07703e+07,21.9314,21.9314,21.9314,21.9314,0,0,0,0
04/24/2009 04:00,4,24,5,4,0,21.1,90,0,0,2.07703e+07,21.9314,21.9314,21.9314,21.9314,0,0,0,0
04/24/2009 05:00,4,24,5,5,0,21.7,87,0,0,2.07703e+07,21.9314,21.9314,21.9314,21.9314,0,0,0,0
04/24/2009 06:00,4,24,5,6,0,22.2,84,0,0,2.23312e+07,21.9314,21.9314,21.9314,21.9314,0,0,0,0
04/24/2009 07:00,4,24,5,7,0,22.2,84,0,5.11999e+06,2.62966e+07,22.1862,22.1862,22.1862,16.8904,0,0.325534,0,2.59025e+07
04/24/2009 08:00,4,24,5,8,0,23.3,82,0,4.55875e+06,3.15235e+07,22.1377,22.1377,22.1377,16.8904,0,0.283096,0,2.23544e+07
04/24/2009 09:00,4,24,5,9,0,23.9,76,0,1.01367e+07,6.42645e+07,22.0991,22.0991,22.0991,16.8904,0,0.678966,0,5.32198e+07
04/24/2009 10:00,4,24,5,10,0,26.1,65,0,1.07163e+07,6.49926e+07,22.05,22.05,22.05,16.8904,0,0.722851,0,5.61257e+07
04/24/2009 11:00,4,24,5,11,0,23.9,82,0,1.0803e+07,6.51027e+07,22.0196,22.0196,22.0196,16.8904,0,0.729847,0,5.63369e+07
04/24/2009 12:00,4,24,5,12,0,26.1,69,0,1.08421e+07,6.51539e+07,21.9929,21.9929,21.9929,16.8904,0,0.733518,0,5.63244e+07
04/24/2009 13:00,4,24,5,13,0,26.1,67,0,1.0175e+07,5.98975e+07,21.9765,21.9765,21.9765,16.8904,0,0.684107,0,5.23617e+07
04/24/2009 14:00,4,24,5,14,0,26.1,62,0,1.11273e+07,6.55132e+07,21.9541,21.9541,21.9541,16.8904,0,0.755371,0,5.75611e+07
04/24/2009 15:00,4,24,5,15,0,26.1,62,0,1.16353e+07,6.61507e+07,21.9499,21.9499,21.9499,16.8904,0,0.793206,0,6.03944e+07
04/24/2009 16:00,4,24,5,16,0,25.6,67,0,1.11088e+07,6.54901e+07,21.9481,21.9481,21.9481,16.8904,0,0.754072,0,5.73944e+07
04/24/2009 17:00,4,24,5,17,0,24.4,74,0,1.13319e+07,6.57698e+07,21.9497,21.9497,21.9497,16.8904,0,0.770413,0,5.86562e+07
04/24/2009 18:00,4,24,5,18,0,23.9,76,0,7.6089e+06,4.12301e+07,21.9502,21.9502,21.9502,16.8904,0,0.497212,0,3.78595e+07
04/24/2009 19:00,4,24,5,19,0,23.3,82,0,0,1.95021e+07,21.9502,21.9502,21.9502,21.9502,0,0,0,0
04/24/2009 20:00,4,24,5,20,0,23.3,82,0,0,2.28739e+07,21.9502,21.9502,21.9502,21.9502,0,0,0,0
04/24/2009 21:00,4,24,5,21,0,22.8,84,0,0,1.97521e+07,21.9502,21.9502,21.9502,21.9502,0,0,0,0
04/24/2009 22:00,4,24,5,22,0,23.3,82,0,0,1.97521e+07,21.9502,21.9502,21.9502,21.9502,0,0,0,0
04/24/2009 23:00,4,24,5,23,0,23.3,82,0,0,1.69425e+07,21.9502,21.9502,21.9502,21.9502,0,0,0,0
04/25/2009 00:00,4,25,6,0,0,23.3,82,0,0,1.53816e+07,21.9502,21.9502,21.9502,21.9502,0,0,0,0
04/25/2009 01:00,4,25,6,1,0,22.8,84,0,0,2.07703e+07,21.9502,21.9502,21.9502,21.9502,0,0,0,0
04/25/2009 02:00,4,25,6,2,0,22.8,84,0,0,2.07703e+07,21.9502,21.9502,21.9502,21.9502,0,0,0,0
04/25/2009 03:00,4,25,6,3,0,22.8,84,0,0,2.07703e+07,21.9502,21.9502,21.9502,21.9502,0,0,0,0
04/25/2009 04:00,4,25,6,4,0,22.8,87,0,0,2.07703e+07,21.9502,21.9502,21.9502,21.9502,0,0,0,0
04/25/2009 05:00,4,25,6,5,0,22.2,90,0,0,2.07703e+07,21.9502,21.9502,21.9502,21.9502,0,0,0,0
04/25/2009 06:00,4,25,6,6,0,22.8,84,0,0,2.23312e+07,21.9502,21.9502,21.9502,21.9502,0,0,0,0
04/25/2009 07:00,4,25,6,7,0,22.8,84,0,5.95097e+06,2.73272e+07,22.1868,22.1868,22.1868,16.8904,0,0.384661,0,3.06381e+07
04/25/2009 08:00,4,25,6,8,0,23.3,82,0,5.30058e+06,3.24369e+07,22.1309,22.1309,22.1309,16.8904,0,0.333865,0,2.63289e+07
04/25/2009 09:00,4,25,6,9,0,25,74,0,1.1515e+07,6.59932e+07,22.0849,22.0849,22.0849,16.8904,0,0.782189,0,6.11452e+07
04/25/2009 10:00,4,25,6,10,0,25.6,72,0,1.15982e+07,6.60989e+07,22.0407,22.0407,22.0407,16.8904,0,0.789083,0,6.11616e+07
04/25/2009 11:00,4,25,6,11,0,24.4,79,0,1.06228e+07,6.48784e+07,22.0028,22.0028,22.0028,16.8904,0,0.717117,0,5.51709e+07
04/25/2009 12:00,4,25,6,12,0,26.1,69,0,1.14415e+07,6.59061e+07,21.9857,21.9857,21.9857,16.8904,0,0.778653,0,5.97055e+07
04/25/2009 13:00,4,25,6,13,0,25.6,74,0,1.04072e+07,6.01876e+07,21.9729,21.9729,21.9729,16.8904,0,0.701283,0,5.36375e+07
04/25/2009 14:00,4,25,6,14,0,26.7,67,0,1.14257e+07,6.5888e+07,21.9552,21.9552,21.9552,16.8904,0,0.778007,0,5.92986e+07
04/25/2009 15:00,4,25,6,15,0,26.1,72,0,1.21338e+07,6.67775e+07,21.9499,21.9499,21.9499,16.8904,0,0.831064,0,6.3277e+07
04/25/2009 16:00,4,25,6,16,0,26.1,69,0,1.22742e+07,6.69545e+07,21.9483,21.9483,21.9483,16.8904,0,0.841707,0,6.40671e+07
04/25/2009 17:00,4,25,6,17,0,26.1,69,0,1.21205e+07,6.67609e+07,21.948,21.948,21.948,16.8904,0,0.830058,0,6.31757e+07
04/25/2009 18:00,4,25,6,18,0,24.4,79,0,7.76732e+06,4.14271e+07,21.9452,21.9452,21.9452,16.8904,0,0.508721,0,3.86977e+07
04/25/2009 19:00,4,25,6,19,0,23.9,82,0,0,1.95021e+07,21.9423,21.9423,21.9423,21.9423,0,0,0,0
04/25/2009 20:00,4,25,6,20,0,23.9,82,0,0,2.28739e+07,21.9423,21.9423,21.9423,21.9423,0,0,0,0
04/25/2009 21:00,4,25,6,21,0,23.9,82,0,0,1.97521e+07,21.9423,21.9423,21.9423,21.9423,0,0,0,0
04/25/2009 22:00,4,25,6,22,0,23.9,82,0,0,1.97521e+07,21.9423,21.9423,21.9423,21.9423,0,0,0,0
04/25/2009 23:00,4,25,6,23,0,23.9,79,0,0,1.69425e+07,21.9423,21.9423,21.9423,21.9423,0,0,0,0
04/26/2009 00:00,4,26,0,0,0,23.9,79,0,0,1.53816e+07,21.9423,21.9423,21.9423,21.9423,0,0,0,0
04/26/2009 01:00,4,26,0,1,0,23.9,79,0,0,2.07703e+07,21.9423,21.9423,21.9423,21.9423,0,0,0,0
04/26/2009 02:00,4,26,0,2,0,23.3,82,0,0,2.07703e+07,21.9423,21.9423,21.9423,21.9423,0,0,0,0
04/26/2009 03:00,4,26,0,3,0,23.3,79,0,0,2.07703e+07,21.9423,21.9423,21.9423,21.9423,0,0,0,0
04/26/2009 04:00,4,26,0,4,0,23.3,79,0,0,2.07703e+07,21.9423,21.9423,21.9423,21.9423,0,0,0,0
04/26/2009 05:00,4,26,0,5,0,23.3,79,0,0,2.07703e+07,21.9423,21.9423,21.9423,21.9423,0,0,0,0
04/26/2009 06:00,4,26,0,6,0,23.3,79,0,0,2.23312e+07,21.9423,21.9423,21.9423,21.9423,0,0,0,0
04/26/2009 07:00,4,26,0,7,0,23.3,76,0,6.24257e+06,2.76895e+07,22.1808,22.1808,22.1808,16.8904,0,0.405523,0,3.22721e+07
04/26/2009 08:00,4,26,0,8,0,24.4,74,0,5.68358e+06,3.29098e+07,22.12,22.12,22.12,16.8904,0,0.360365,0,2.836e+07
04/26/2009 09:00,4,26,0,9,0,25.6,67,0,1.15857e+07,6.60809e+07,22.0786,22.0786,22.0786,16.8904,0,0.787403,0,6.14759e+07
04/26/2009 10:00,4,26,0,10,0,26.1,65,0,1.20074e+07,6.66141e+07,22.0276,22.0276,22.0276,16.8904,0,0.820275,0,6.34135e+07
04/26/2009 11:00,4,26,0,11,0,26.1,67,0,1.23623e+07,6.70624e+07,22.0016,22.0016,22.0016,16.8904,0,0.847896,0,6.52182e+07
04/26/2009 12:00,4,26,0,12,0,25.6,72,0,1.14446e+07,6.59099e+07,21.9853,21.9853,21.9853,16.8904,0,0.778921,0,5.9721e+07
04/26/2009 13:00,4,26,0,13,0,24.4,85,0,1.02779e+07,6.00256e+07,21.9727,21.9727,21.9727,16.8904,0,0.691721,0,5.29046e+07
04/26/2009 14:00,4,26,0,14,0,17.2,97,0,1.01327e+07,6.42681e+07,21.9619,21.9619,21.9619,16.8904,0,0.681841,0,5.20379e+07
04/26/2009 15:00,4,26,0,15,0,17.2,90,0,1.03162e+07,6.44977e+07,21.9593,21.9593,21.9593,16.8904,0,0.695452,0,5.30494e+07
04/26/2009 16:00,4,26,0,16,0,17.2,93,0,1.03059e+07,6.44853e+07,21.9564,21.9564,21.9564,16.8904,0,0.694828,0,5.29716e+07
04/26/2009 17:00,4,26,0,17,0,16.7,97,0,1.01293e+07,6.42648e+07,21.9542,21.9542,21.9542,16.8904,0,0.681912,0,5.19644e+07
04/26/2009 18:00,4,26,0,18,0,17.2,97,0,6.72956e+06,4.01396e+07,21.9545,21.9545,21.9545,16.8904,0,0.435256,0,3.31698e+07
04/26/2009 19:00,4,26,0,19,0,17.2,97,0,0,1.95021e+07,21.9545,21.9545,21.9545,21.9545,0,0,0,0
04/26/2009 20:00,4,26,0,20,0,17.2,93,0,0,2.28739e+07,21.9545,21.9545,21.9545,21.9545,0,0,0,0
04/26/2009 21:00,4,26,0,21,0,17.2,93,0,0,1.97521e+07,21.9545,21.9545,21.9545,21.9545,0,0,0,0
04/26/2009 22:00,4,26,0,22,0,17.8,90,0,0,1.97521e+07,21.9545,21.9545,21.9545,21.9545,0,0,0,0
04/26/2009 23:00,4,26,0,23,0,16.7,97,0,0,1.69425e+07,21.9545,21.9545,21.9545,21.9545,0,0,0,0
04/27/2009 00:00,4,27,1,0,0,16.7,97,0,0,1.53816e+07,21.9545,21.9545,21.9545,21.9545,0,0,0,0
04/27/2009 01:00,4,27,1,1,0,16.7,97,0,0,2.07703e+07,21.9545,21.9545,21.9545,21.9545,0,0,0,0
04/27/2009 02:00,4,27,1,2,0,17.2,93,0,0,2.07703e+07,21.9545,21.9545,21.9545,21.9545,0,0,0,0
04/27/2009 03:00,4,27,1,3,0,17.8,93,0,0,2.07703e+07,21.9545,21.9545,21.9545,21.9545,0,0,0,0
04/27/2009 04:00,4,27,1,4,0,17.8,97,0,0,2.07703e+07,21.9545,21.9545,21.9545,21.9545,0,0,0,0
04/27/2009 05:00,4,27,1,5,0,17.8,93,0,0,2.07703e+07,21.9545,21.9545,21.9545,21.9545,0,0,0,0
04/27/2009 06:00,4,27,1,6,0,18.3,97,0,0,2.23312e+07,21.9545,21.9545,21.9545,21.9545,0,0,0,0
04/27/2009 07:00,4,27,1,7,0,18.9,93,0,3.28487e+06,2.40351e+07,22.0483,22.0483,22.0483,16.8904,0,0.200282,0,1.5531e+07
04/27/2009 08:00,4,27,1,8,0,20.6,87,0,3.22649e+06,2.98884e+07,22.0339,22.0339,22.0339,16.8904,0,0.194135,0,1.50265e+07
04/27/2009 09:00,4,27,1,9,0,21.7,87,0,8.17948e+06,6.18282e+07,22.023,22.023,22.023,16.8904,0,0.538156,0,4.15664e+07
04/27/2009 10:00,4,27,1,10,0,23.3,79,0,9.22389e+06,6.31291e+07,22.0163,22.0163,22.0163,16.8904,0,0.613753,0,4.73433e+07
04/27/2009 11:00,4,27,1,11,0,24.4,76,0,9.78914e+06,6.38352e+07,22.0029,22.0029,22.0029,16.8904,0,0.655257,0,5.04132e+07
04/27/2009 12:00,4,27,1,12,0,26.1,67,0,1.04498e+07,6.46636e+07,21.9914,21.9914,21.9914,16.8904,0,0.704827,0,5.41045e+07
04/27/2009 13:00,4,27,1,13,0,27.2,58,0,9.5813e+06,5.91557e+07,21.9721,21.9721,21.9721,16.8904,0,0.640634,0,4.89922e+07
04/27/2009 14:00,4,27,1,14,0,28.9,51,0,1.0908e+07,6.52389e+07,21.9584,21.9584,21.9584,16.8904,0,0.739268,0,5.63819e+07
04/27/2009 15:00,4,27,1,15,0,28.3,51,0,1.16812e+07,6.62085e+07,21.9532,21.9532,21.9532,16.8904,0,0.79672,0,6.07008e+07
04/27/2009 16:00,4,27,1,16,0,28.3,55,0,1.17968e+07,6.63545e+07,21.9469,21.9469,21.9469,16.8904,0,0.805509,0,6.12946e+07
04/27/2009 17:00,4,27,1,17,0,27.8,57,0,1.13226e+07,6.57584e+07,21.9436,21.9436,21.9436,16.8904,0,0.769947,0,5.85495e+07
04/27/2009 18:00,4,27,1,18,0,27.2,63,0,7.75547e+06,4.14132e+07,21.9399,21.9399,21.9399,16.8904,0,0.507849,0,3.85906e+07
04/27/2009 19:00,4,27,1,19,0,25.6,69,0,0,1.95021e+07,21.9366,21.9366,21.9366,21.9366,0,0,0,0
04/27/2009 20:00,4,27,1,20,0,23.3,87,0,0,2.28739e+07,21.9366,21.9366,21.9366,21.9366,0,0,0,0
04/27/2009 21:00,4,27,1,21,0,20,81,0,0,1.97521e+07,21.9366,21.9366,21.9366,21.9366,0,0,0,0
04/27/2009 22:00,4,27,1,22,0,18.9,90,0,0,1.97521e+07,21.9366,21.9366,21.9366,21.9366,0,0,0,0
04/27/2009 23:00,4,27,1,23,0,18.3,90,0,0,1.69425e+07,21.9366,21.9366,21.9366,21.9366,0,0,0,0
04/28/2009 00:00,4,28,2,0,0,17.2,81,0,0,1.53816e+07,21.9366,21.9366,21.9366,21.9366,0,0,0,0
04/28/2009 01:00,4,28,2,1,0,15,87,0,0,2.07703e+07,21.9366,21.9366,21.9366,21.9366,0,0,0,0
04/28/2009 02:00,4,28,2,2,0,14.4,87,0,0,2.07703e+07,21.9366,21.9366,21.9366,21.9366,0,0,0,0
04/28/2009 03:00,4,28,2,3,0,13.3,93,0,0,2.07703e+07,21.9366,21.9366,21.9366,21.9366,0,0,0,0
04/28/2009 04:00,4,28,2,4,0,12.8,97,0,0,2.07703e+07,21.9366,21.9366,21.9366,21.9366,0,0,0,0
04/28/2009 05:00,4,28,2,5,0,12.8,93,0,0,2.07703e+07,21.9366,21.9366,21.9366,21.9366,0,0,0,0
04/28/2009 06:00,4,28,2,6,0,12.8,93,0,0,2.23312e+07,21.9366,21.9366,21.9366,21.9366,0,0,0,0
04/28/2009 07:00,4,28,2,7,0,14.4,90,0,3.2456e+06,2.39901e+07,22.0213,22.0213,22.0213,16.8904,0,0.198406,0,1.53093e+07
04/28/2009 08:00,4,28,2,8,0,16.7,81,0,4.62821e+06,3.1623e+07,22.0092,22.0092,22.0092,16.8904,0,0.29187,0,2.24838e+07
04/28/2009 09:00,4,28,2,9,0,20,59,0,9.23294e+06,6.31495e+07,21.9962,21.9962,21.9962,16.8904,0,0.61654,0,4.73719e+07
04/28/2009 10:00,4,28,2,10,0,22.2,48,0,1.01048e+07,6.42353e+07,21.9844,21.9844,21.9844,16.8904,0,0.679763,0,5.21096e+07
04/28/2009 11:00,4,28,2,11,0,24.4,40,0,1.02612e+07,6.44275e+07,21.9761,21.9761,21.9761,16.8904,0,0.690591,0,5.28533e+07
04/28/2009 12:00,4,28,2,12,0,26.1,38,0,1.03285e+07,6.45127e+07,21.971,21.971,21.971,16.8904,0,0.696074,0,5.32196e+07
04/28/2009 13:00,4,28,2,13,0,27.2,32,0,9.45973e+06,5.9005e+07,21.9546,21.9546,21.9546,16.8904,0,0.632079,0,4.8171e+07
04/28/2009 14:00,4,28,2,14,0,28.3,30,0,1.08069e+07,6.51129e+07,21.9425,21.9425,21.9425,16.8904,0,0.731934,0,5.56469e+07
04/28/2009 15:00,4,28,2,15,0,28.3,32,0,1.16321e+07,6.61473e+07,21.94,21.94,21.94,16.8904,0,0.793024,0,6.02625e+07
04/28/2009 16:00,4,28,2,16,0,27.8,41,0,1.19188e+07,6.65102e+07,21.9386,21.9386,21.9386,16.8904,0,0.815142,0,6.19261e+07
04/28/2009 17:00,4,28,2,17,0,27.2,47,0,1.20955e+07,6.67333e+07,21.9346,21.9346,21.9346,16.8904,0,0.828782,0,6.29122e+07
04/28/2009 18:00,4,28,2,18,0,26.7,54,0,8.3493e+06,4.21544e+07,21.9297,21.9297,21.9297,16.8904,0,0.550878,0,4.17759e+07
04/28/2009 19:00,4,28,2,19,0,25,71,0,0,1.95021e+07,21.926,21.926,21.926,21.926,0,0,0,0
04/28/2009 20:00,4,28,2,20,0,23.3,82,0,0,2.28739e+07,21.926,21.926,21.926,21.926,0,0,0,0
04/28/2009 21:00,4,28,2,21,0,23.3,82,0,0,1.97521e+07,21.926,21.926,21.926,21.926,0,0,0,0
04/28/2009 22:00,4,28,2,22,0,23.3,85,0,0,1.97521e+07,21.926,21.926,21.926,21.926,0,0,0,0
04/28/2009 23:00,4,28,2,23,0,23.3,85,0,0,1.69425e+07,21.926,21.926,21.926,21.926,0,0,0,0
04/29/2009 00:00,4,29,3,0,0,23.3,85,0,0,1.53816e+07,21.926,21.926,21.926,21.926,0,0,0,0
04/29/2009 01:00,4,29,3,1,0,23.3,85,0,0,1.42679e+07,21.926,21.926,21.926,21.926,0,0,0,0
04/29/2009 02:00,4,29,3,2,0,22.8,84,0,0,1.42679e+07,21.926,21.926,21.926,21.926,0,0,0,0
04/29/2009 03:00,4,29,3,3,0,22.2,87,0,0,1.42679e+07,21.926,21.926,21.926,21.926,0,0,0,0
04/29/2009 04:00,4,29,3,4,0,22.2,87,0,0,1.42679e+07,21.926,21.926,21.926,21.926,0,0,0,0
04/29/2009 05:00,4,29,3,5,0,21.7,90,0,0,1.42679e+07,21.926,21.926,21.926,21.926,0,0,0,0
04/29/2009 06:00,4,29,3,6,0,22.2,90,0,0,1.42679e+07,21.926,21.926,21.926,21.926,0,0,0,0
04/29/2009 07:00,4,29,3,7,0,22.8,84,0,0,1.20098e+07,21.926,21.926,21.926,21.926,0,0,0,0
04/29/2009 08:00,4,29,3,8,0,23.9,82,0,0,1.20098e+07,21.926,21.926,21.926,21.926,0,0,0,0
04/29/2009 09:00,4,29,3,9,0,25.6,74,0,0,1.20098e+07,21.926,21.926,21.926,21.926,0,0,0,0
04/29/2009 10:00,4,29,3,10,0,28.3,61,0,0,1.20098e+07,21.926,21.926,21.926,21.926,0,0,0,0
04/29/2009 11:00,4,29,3,11,0,29.4,59,0,0,1.20098e+07,21.926,21.926,21.926,21.926,0,0,0,0
04/29/2009 12:00,4,29,3,12,0,31.1,52,0,0,1.20098e+07,21.926,21.926,21.926,21.926,0,0,0,0
04/29/2009 13:00,4,29,3,13,0,31.7,50,0,0,1.20098e+07,21.926,21.926,21.926,21.926,0,0,0,0
04/29/2009 14:00,4,29,3,14,0,31.1,55,0,0,1.20098e+07,21.926,21.926,21.926,21.926,0,0,0,0
04/29/2009 15:00,4,29,3,15,0,30.6,57,0,0,1.20098e+07,21.926,21.926,21.926,21.926,0,0,0,0
04/29/2009 16:00,4,29,3,16,0,30,57,0,0,1.20098e+07,21.926,21.926,21.926,21.926,0,0,0,0
04/29/2009 17:00,4,29,3,17,0,29.4,59,0,0,1.20098e+07,21.926,21.926,21.926,21.926,0,0,0,0
04/29/2009 18:00,4,29,3,18,0,27.8,67,0,0,1.20098e+07,21.926,21.926,21.926,21.926,0,0,0,0
04/29/2009 19:00,4,29,3,19,0,26.1,74,0,0,1.20098e+07,21.926,21.926,21.926,21.926,0,0,0,0
04/29/2009 20:00,4,29,3,20,0,25.6,77,0,0,1.53816e+07,21.926,21.926,21.926,21.926,0,0,0,0
04/29/2009 21:00,4,29,3,21,0,25.6,77,0,0,1.53816e+07,21.926,21.926,21.926,21.926,0,0,0,0
04/29/2009 22:00,4,29,3,22,0,25,79,0,0,1.53816e+07,21.926,21.926,21.926,21.926,0,0,0,0
04/29/2009 23:00,4,29,3,23,0,24.4,82,0,0,1.53816e+07,21.926,21.926,21.926,21.926,0,0,0,0
04/30/2009 00:00,4,30,4,0,0,24.4,76,0,0,1.53816e+07,21.926,21.926,21.926,21.926,0,0,0,0
04/30/2009 01:00,4,30,4,1,0,24.4,76,0,0,1.42679e+07,21.926,21.926,21.926,21.926,0,0,0,0
04/30/2009 02:00,4,30,4,2,0,23.9,79,0,0,1.42679e+07,21.926,21.926,21.926,21.926,0,0,0,0
04/30/2009 03:00,4,30,4,3,0,23.3,87,0,0,1.42679e+07,21.926,21.926,21.926,21.926,0,0,0,0
04/30/2009 04:00,4,30,4,4,0,23.9,82,0,0,1.42679e+07,21.926,21.926,21.926,21.926,0,0,0,0
04/30/2009 05:00,4,30,4,5,0,23.3,85,0,0,1.42679e+07,21.926,21.926,21.926,21.926,0,0,0,0
04/30/2009 06:00,4,30,4,6,0,22.8,90,0,0,1.42679e+07,21.926,21.926,21.926,21.926,0,0,0,0
04/30/2009 07:00,4,30,4,7,0,23.9,82,0,0,1.20098e+07,21.926,21.926,21.926,21.926,0,0,0,0
04/30/2009 08:00,4,30,4,8,0,25,79,0,0,1.20098e+07,21.926,21.926,21.926,21.926,0,0,0,0
04/30/2009 09:00,4,30,4,9,0,26.7,69,0,0,1.20098e+07,21.926,21.926,21.926,21.926,0,0,0,0
04/30/2009 10:00,4,30,4,10,0,27.8,65,0,0,1.20098e+07,21.926,21.926,21.926,21.926,0,0,0,0
04/30/2009 11:00,4,30,4,11,0,28.3,61,0,0,1.20098e+07,21.926,21.926,21.926,21.926,0,0,0,0
04/30/2009 12:00,4,30,4,12,0,28.9,57,0,0,1.20098e+07,21.926,21.926,21.926,21.926,0,0,0,0
04/30/2009 13:00,4,30,4,13,0,30,57,0,0,1.20098e+07,21.926,21.926,21.926,21.926,0,0,0,0
04/30/2009 14:00,4,30,4,14,0,30.6,55,0,0,1.20098e+07,21.926,21.926,21.926,21.926,0,0,0,0
04/30/2009 15:00,4,30,4,15,0,29.4,65,0,0,1.20098e+07,21.926,21.926,21.926,21.926,0,0,0,0
04/30/2009 16:00,4,30,4,16,0,28.9,70,0,0,1.20098e+07,21.926,21.926,21.926,21.926,0,0,0,0
04/30/2009 17:00,4,30,4,17,0,27.8,74,0,0,1.20098e+07,21.926,21.926,21.926,21.926,0,0,0,0
04/30/2009 18:00,4,30,4,18,0,26.7,79,0,0,1.20098e+07,21.926,21.926,21.926,21.926,0,0,0,0
04/30/2009 19:00,4,30,4,19,0,26.1,85,0,0,1.20098e+07,21.926,21.926,21.926,21.926,0,0,0,0
04/30/2009 20:00,4,30,4,20,0,25.6,88,0,0,1.53816e+07,21.926,21.926,21.926,21.926,0,0,0,0
04/30/2009 21:00,4,30,4,21,0,25.6,88,0,0,1.53816e+07,21.926,21.926,21.926,21.926,0,0,0,0
04/30/2009 22:00,4,30,4,22,0,24.6,91,0,0,1.53816e+07,21.926,21.926,21.926,21.926,0,0,0,0
04/30/2009 23:00,4,30,4,23,0,23.7,85,0,0,1.53816e+07,21.926,21.926,21.926,21.926,0,0,0,0
05/01/2009 00:00,5,1,5,0,0,22.7,85,0,0,1.53816e+07,21.926,21.926,21.926,21.926,0,0,0,0
05/01/2009 01:00,5,1,5,1,0,21.8,85,0,0,2.07703e+07,21.926,21.926,21.926,21.926,0,0,0,0
05/01/2009 02:00,5,1,5,2,0,20.8,90,0,0,2.07703e+07,21.926,21.926,21.926,21.926,0,0,0,0
05/01/2009 03:00,5,1,5,3,0,19.9,87,0,0,2.07703e+07,21.926,21.926,21.926,21.926,0,0,0,0
05/01/2009 04:00,5,1,5,4,0,18.9,87,0,0,2.07703e+07,21.926,21.926,21.926,21.926,0,0,0,0
05/01/2009 05:00,5,1,5,5,0,18.9,90,0,0,2.07703e+07,21.926,21.926,21.926,21.926,0,0,0,0
05/01/2009 06:00,5,1,5,6,0,18.9,90,0,0,2.23312e+07,21.926,21.926,21.926,21.926,0,0,0,0
05/01/2009 07:00,5,1,5,7,0,19.4,90,0,6.85069e+06,2.84452e+07,22.2458,22.2458,22.2458,16.8904,0,0.449037,0,3.619e+07
05/01/2009 08:00,5,1,5,8,0,20,87,0,6.62423e+06,3.40714e+07,22.1641,22.1641,22.1641,16.8904,0,0.425435,0,3.37626e+07
05/01/2009 09:00,5,1,5,9,0,20,87,0,1.18375e+07,6.63956e+07,22.1065,22.1065,22.1065,16.8904,0,0.806077,0,6.3273e+07
05/01/2009 10:00,5,1,5,10,0,21.1,84,0,1.15241e+07,6.6006e+07,22.0425,22.0425,22.0425,16.8904,0,0.783698,0,6.07619e+07
05/01/2009 11:00,5,1,5,11,0,21.7,84,0,1.1203e+07,6.56053e+07,22.0069,22.0069,22.0069,16.8904,0,0.760334,0,5.85432e+07
05/01/2009 12:00,5,1,5,12,0,19.4,90,0,1.09085e+07,6.52374e+07,21.9874,21.9874,21.9874,16.8904,0,0.73878,0,5.66666e+07
05/01/2009 13:00,5,1,5,13,0,19.4,90,0,9.86905e+06,5.95141e+07,21.9735,21.9735,21.9735,16.8904,0,0.6615,0,5.06003e+07
05/01/2009 14:00,5,1,5,14,0,19.4,90,0,1.12795e+07,6.57045e+07,21.9547,21.9547,21.9547,16.8904,0,0.767078,0,5.84595e+07
05/01/2009 15:00,5,1,5,15,0,20.6,87,0,1.13691e+07,6.58169e+07,21.9462,21.9462,21.9462,16.8904,0,0.773695,0,5.88656e+07
05/01/2009 16:00,5,1,5,16,0,21.7,81,0,1.10718e+07,6.54447e+07,21.9424,21.9424,21.9424,16.8904,0,0.751794,0,5.71559e+07
05/01/2009 17:00,5,1,5,17,0,21.7,81,0,1.09784e+07,6.53277e+07,21.9431,21.9431,21.9431,16.8904,0,0.74487,0,5.66378e+07
05/01/2009 18:00,5,1,5,18,0,21.7,79,0,7.54927e+06,4.11564e+07,21.9439,21.9439,21.9439,16.8904,0,0.49332,0,3.75167e+07
05/01/2009 19:00,5,1,5,19,0,21.1,84,0,0,1.95021e+07,21.944,21.944,21.944,21.944,0,0,0,0
05/01/2009 20:00,5,1,5,20,0,20.6,87,0,0,2.28739e+07,21.944,21.944,21.944,21.944,0,0,0,0
05/01/2009 21:00,5,1,5,21,0,20,90,0,0,1.97521e+07,21.944,21.944,21.944,21.944,0,0,0,0
05/01/2009 22:00,5,1,5,22,0,19.4,93,0,0,1.97521e+07,21.944,21.944,21.944,21.944,0,0,0,0
05/01/2009 23:00,5,1,5,23,0,20,90,0,0,1.69425e+07,21.944,21.944,21.944,21.944,0,0,0,0
05/02/2009 00:00,5,2,6,0,0,20,90,0,0,1.53816e+07,21.944,21.944,21.944,21.944,0,0,0,0
05/02/2009 01:00,5,2,6,1,0,20,90,0,0,2.07703e+07,21.944,21.944,21.944,21.944,0,0,0,0
05/02/2009 02:00,5,2,6,2,0,19.4,93,0,0,2.07703e+07,21.944,21.944,21.944,21.944,0,0,0,0
05/02/2009 03:00,5,2,6,3,0,19.4,93,0,0,2.07703e+07,21.944,21.944,21.944,21.944,0,0,0,0
05/02/2009 04:00,5,2,6,4,0,19.4,93,0,0,2.07703e+07,21.944,21.944,21.944,21.944,0,0,0,0
05/02/2009 05:00,5,2,6,5,0,19.4,93,0,0,2.07703e+07,21.944,21.944,21.944,21.944,0,0,0,0
05/02/2009 06:00,5,2,6,6,0,19.4,93,0,0,2.23312e+07,21.944,21.944,21.944,21.944,0,0,0,0
05/02/2009 07:00,5,2,6,7,0,20,90,0,4.14066e+06,2.50941e+07,22.0689,22.0689,22.0689,16.8904,0,0.260341,0,2.02683e+07
05/02/2009 08:00,5,2,6,8,0,20.6,90,0,4.26084e+06,3.11581e+07,22.0489,22.0489,22.0489,16.8904,0,0.263554,0,2.04593e+07
05/02/2009 09:00,5,2,6,9,0,21.1,87,0,9.45625e+06,6.34186e+07,22.0296,22.0296,22.0296,16.8904,0,0.630632,0,4.87714e+07
05/02/2009 10:00,5,2,6,10,0,22.2,84,0,1.01762e+07,6.4319e+07,22.0074,22.0074,22.0074,16.8904,0,0.683839,0,5.26579e+07
05/02/2009 11:00,5,2,6,11,0,22.2,82,0,9.96235e+06,6.40529e+07,21.9934,21.9934,21.9934,16.8904,0,0.668532,0,5.13387e+07
05/02/2009 12:00,5,2,6,12,0,22.2,82,0,1.043e+07,6.46382e+07,21.9834,21.9834,21.9834,16.8904,0,0.703196,0,5.38951e+07
05/02/2009 13:00,5,2,6,13,0,21.7,81,0,8.93767e+06,5.8352e+07,21.975,21.975,21.975,16.8904,0,0.593569,0,4.54177e+07
05/02/2009 14:00,5,2,6,14,0,21.1,84,0,1.05652e+07,6.48089e+07,21.9597,21.9597,21.9597,16.8904,0,0.713661,0,5.44423e+07
05/02/2009 15:00,5,2,6,15,0,20.6,84,0,1.06386e+07,6.49011e+07,21.9536,21.9536,21.9536,16.8904,0,0.7192,0,5.4799e+07
05/02/2009 16:00,5,2,6,16,0,20.6,87,0,1.01019e+07,6.42302e+07,21.9533,21.9533,21.9533,16.8904,0,0.679756,0,5.17911e+07
05/02/2009 17:00,5,2,6,17,0,20.6,84,0,9.96991e+06,6.40654e+07,21.9556,21.9556,21.9556,16.8904,0,0.670141,0,5.10813e+07
05/02/2009 18:00,5,2,6,18,0,20,87,0,6.53921e+06,3.99039e+07,21.9575,21.9575,21.9575,16.8904,0,0.42194,0,3.21744e+07
05/02/2009 19:00,5,2,6,19,0,20,81,0,0,1.95021e+07,21.9577,21.9577,21.9577,21.9577,0,0,0,0
05/02/2009 20:00,5,2,6,20,0,20,81,0,0,2.28739e+07,21.9577,21.9577,21.9577,21.9577,0,0,0,0
05/02/2009 21:00,5,2,6,21,0,20,84,0,0,1.97521e+07,21.9577,21.9577,21.9577,21.9577,0,0,0,0
05/02/2009 22:00,5,2,6,22,0,19.4,87,0,0,1.97521e+07,21.9577,21.9577,21.9577,21.9577,0,0,0,0
05/02/2009 23:00,5,2,6,23,0,18.9,84,0,0,1.69425e+07,21.9577,21.9577,21.9577,21.9577,0,0,0,0
05/03/2009 00:00,5,3,0,0,0,18.3,78,0,0,1.53816e+07,21.9577,21.9577,21.9577,21.9577,0,0,0,0
05/03/2009 01:00,5,3,0,1,0,17.2,78,0,0,2.07703e+07,21.9577,21.9577,21.9577,21.9577,0,0,0,0
05/03/2009 02:00,5,3,0,2,0,16.7,78,0,0,2.07703e+07,21.9577,21.9577,21.9577,21.9577,0,0,0,0
05/03/2009 03:00,5,3,0,3,0,16.1,81,0,0,2.07703e+07,21.9577,21.9577,21.9577,21.9577,0,0,0,0
05/03/2009 04:00,5,3,0,4,0,16.1,78,0,0,2.07703e+07,21.9577,21.9577,21.9577,21.9577,0,0,0,0
05/03/2009 05:00,5,3,0,5,0,15.6,81,0,0,2.07703e+07,21.9577,21.9577,21.9577,21.9577,0,0,0,0
05/03/2009 06:00,5,3,0,6,0,15,81,0,0,2.23312e+07,21.9577,21.9577,21.9577,21.9577,0,0,0,0
05/03/2009 07:00,5,3,0,7,0,16.7,70,0,3.47001e+06,2.42666e+07,21.999,21.999,21.999,16.8904,0,0.213776,0,1.64323e+07
05/03/2009 08:00,5,3,0,8,0,17.8,63,0,4.53924e+06,3.15126e+07,21.9794,21.9794,21.9794,16.8904,0,0.285661,0,2.18774e+07
05/03/2009 09:00,5,3,0,9,0,20,53,0,8.4856e+06,6.22153e+07,21.9686,21.9686,21.9686,16.8904,0,0.561751,0,4.29297e+07
05/03/2009 10:00,5,3,0,10,0,21.7,53,0,9.52189e+06,6.35069e+07,21.9639,21.9639,21.9639,16.8904,0,0.636993,0,4.8634e+07
05/03/2009 11:00,5,3,0,11,0,23.9,45,0,9.69339e+06,6.37178e+07,21.9642,21.9642,21.9642,16.8904,0,0.648809,0,4.9539e+07
05/03/2009 12:00,5,3,0,12,0,24.4,45,0,9.74321e+06,6.37802e+07,21.9639,21.9639,21.9639,16.8904,0,0.652689,0,4.98326e+07
05/03/2009 13:00,5,3,0,13,0,25.6,42,0,8.89543e+06,5.82997e+07,21.9546,21.9546,21.9546,16.8904,0,0.590497,0,4.50017e+07
05/03/2009 14:00,5,3,0,14,0,26.1,41,0,1.01716e+07,6.43163e+07,21.9456,21.9456,21.9456,16.8904,0,0.684411,0,5.20661e+07
05/03/2009 15:00,5,3,0,15,0,26.7,39,0,1.10661e+07,6.54363e+07,21.9451,21.9451,21.9451,16.8904,0,0.750328,0,5.70749e+07
05/03/2009 16:00,5,3,0,16,0,26.7,37,0,1.18253e+07,6.63938e+07,21.944,21.944,21.944,16.8904,0,0.808285,0,6.14699e+07
05/03/2009 17:00,5,3,0,17,0,26.7,38,0,1.16787e+07,6.62077e+07,21.9398,21.9398,21.9398,16.8904,0,0.796914,0,6.0555e+07
05/03/2009 18:00,5,3,0,18,0,26.1,42,0,8.52866e+06,4.23816e+07,21.9309,21.9309,21.9309,16.8904,0,0.564735,0,4.28368e+07
05/03/2009 19:00,5,3,0,19,0,23.3,54,0,0,1.95021e+07,21.9261,21.9261,21.9261,21.9261,0,0,0,0
05/03/2009 20:00,5,3,0,20,0,21.7,61,0,0,2.28739e+07,21.9261,21.9261,21.9261,21.9261,0,0,0,0
05/03/2009 21:00,5,3,0,21,0,21.1,64,0,0,1.97521e+07,21.9261,21.9261,21.9261,21.9261,0,0,0,0
05/03/2009 22:00,5,3,0,22,0,18.9,76,0,0,1.97521e+07,21.9261,21.9261,21.9261,21.9261,0,0,0,0
05/03/2009 23:00,5,3,0,23,0,18.3,78,0,0,1.69425e+07,21.9261,21.9261,21.9261,21.9261,0,0,0,0
05/04/2009 00:00,5,4,1,0,0,17.2,84,0,0,1.53816e+07,21.9261,21.9261,21.9261,21.9261,0,0,0,0
05/04/2009 01:00,5,4,1,1,0,16.1,90,0,0,2.07703e+07,21.9261,21.9261,21.9261,21.9261,0,0,0,0
05/04/2009 02:00,5,4,1,2,0,16.1,87,0,0,2.07703e+07,21.9261,21.9261,21.9261,21.9261,0,0,0,0
05/04/2009 03:00,5,4,1,3,0,16.1,90,0,0,2.07703e+07,21.9261,21.9261,21.9261,21.9261,0,0,0,0
05/04/2009 04:00,5,4,1,4,0,15,90,0,0,2.07703e+07,21.9261,21.9261,21.9261,21.9261,0,0,0,0
05/04/2009 05:00,5,4,1,5,0,14.4,87,0,0,2.07703e+07,21.9261,21.9261,21.9261,21.9261,0,0,0,0
05/04/2009 06:00,5,4,1,6,0,14.4,84,0,0,2.23312e+07,21.9261,21.9261,21.9261,21.9261,0,0,0,0
05/04/2009 07:00,5,4,1,7,0,16.1,75,0,3.17418e+06,2.39014e+07,21.9855,21.9855,21.9855,16.8904,0,0.193434,0,1.48253e+07
05/04/2009 08:00,5,4,1,8,0,18.9,65,0,4.42426e+06,3.13647e+07,21.9689,21.9689,21.9689,16.8904,0,0.276041,0,2.10968e+07
05/04/2009 09:00,5,4,1,9,0,21.1,61,0,8.95392e+06,6.27971e+07,21.9624,21.9624,21.9624,16.8904,0,0.595081,0,4.5421e+07
05/04/2009 10:00,5,4,1,10,0,23.9,54,0,1.01221e+07,6.42556e+07,21.9626,21.9626,21.9626,16.8904,0,0.680647,0,5.19533e+07
05/04/2009 11:00,5,4,1,11,0,25.6,54,0,1.02747e+07,6.4444e+07,21.9607,21.9607,21.9607,16.8904,0,0.691416,0,5.27561e+07
05/04/2009 12:00,5,4,1,12,0,26.7,47,0,1.03171e+07,6.44973e+07,21.9599,21.9599,21.9599,16.8904,0,0.694809,0,5.30068e+07
05/04/2009 13:00,5,4,1,13,0,26.7,54,0,9.40792e+06,5.89387e+07,21.9503,21.9503,21.9503,16.8904,0,0.627672,0,4.77947e+07
05/04/2009 14:00,5,4,1,14,0,27.8,49,0,1.08165e+07,6.51234e+07,21.9424,21.9424,21.9424,16.8904,0,0.732093,0,5.56585e+07
05/04/2009 15:00,5,4,1,15,0,27.2,51,0,1.17431e+07,6.6286e+07,21.9425,21.9425,21.9425,16.8904,0,0.801226,0,6.09153e+07
05/04/2009 16:00,5,4,1,16,0,26.7,56,0,1.22164e+07,6.68835e+07,21.9422,21.9422,21.9422,16.8904,0,0.837506,0,6.36696e+07
05/04/2009 17:00,5,4,1,17,0,26.1,58,0,1.21386e+07,6.67863e+07,21.9401,21.9401,21.9401,16.8904,0,0.831824,0,6.32116e+07
05/04/2009 18:00,5,4,1,18,0,25,64,0,8.34022e+06,4.21424e+07,21.935,21.935,21.935,16.8904,0,0.55013,0,4.17629e+07
05/04/2009 19:00,5,4,1,19,0,23.3,69,0,0,1.95021e+07,21.9311,21.9311,21.9311,21.9311,0,0,0,0
05/04/2009 20:00,5,4,1,20,0,22.2,73,0,0,2.28739e+07,21.9311,21.9311,21.9311,21.9311,0,0,0,0
05/04/2009 21:00,5,4,1,21,0,21.7,79,0,0,1.97521e+07,21.9311,21.9311,21.9311,21.9311,0,0,0,0
05/04/2009 22:00,5,4,1,22,0,21.1,81,0,0,1.97521e+07,21.9311,21.9311,21.9311,21.9311,0,0,0,0
05/04/2009 23:00,5,4,1,23,0,21.1,81,0,0,1.69425e+07,21.9311,21.9311,21.9311,21.9311,0,0,0,0
05/05/2009 00:00,5,5,2,0,0,21.1,81,0,0,1.53816e+07,21.9311,21.9311,21.9311,21.9311,0,0,0,0
05/05/2009 01:00,5,5,2,1,0,21.7,81,0,0,2.07703e+07,21.9311,21.9311,21.9311,21.9311,0,0,0,0
05/05/2009 02:00,5,5,2,2,0,22.2,79,0,0,2.07703e+07,21.9311,21.9311,21.9311,21.9311,0,0,0,0
05/05/2009 03:00,5,5,2,3,0,22.2,82,0,0,2.07703e+07,21.9311,21.9311,21.9311,21.9311,0,0,0,0
05/05/2009 04:00,5,5,2,4,0,22.2,82,0,0,2.07703e+07,21.9311,21.9311,21.9311,21.9311,0,0,0,0
05/05/2009 05:00,5,5,2,5,0,21.7,84,0,0,2.07703e+07,21.9311,21.9311,21.9311,21.9311,0,0,0,0
05/05/2009 06:00,5,5,2,6,0,22.2,87,0,0,2.23312e+07,21.9311,21.9311,21.9311,21.9311,0,0,0,0
05/05/2009 07:00,5,5,2,7,0,22.2,84,0,6.01225e+06,2.74014e+07,22.1075,22.1075,22.1075,16.8904,0,0.388338,0,3.04747e+07
05/05/2009 08:00,5,5,2,8,0,23.9,79,0,5.35904e+06,3.25106e+07,22.0606,22.0606,22.0606,16.8904,0,0.338294,0,2.63206e+07
05/05/2009 09:00,5,5,2,9,0,25,74,0,1.06926e+07,6.49633e+07,22.0285,22.0285,22.0285,16.8904,0,0.721163,0,5.5762e+07
05/05/2009 10:00,5,5,2,10,0,27.2,63,0,1.18156e+07,6.63761e+07,22.0064,22.0064,22.0064,16.8904,0,0.806415,0,6.20855e+07
05/05/2009 11:00,5,5,2,11,0,28.3,55,0,1.14755e+07,6.59476e+07,21.9824,21.9824,21.9824,16.8904,0,0.78072,0,5.98261e+07
05/05/2009 12:00,5,5,2,12,0,28.9,53,0,1.15978e+07,6.61028e+07,21.9668,21.9668,21.9668,16.8904,0,0.790513,0,6.03903e+07
05/05/2009 13:00,5,5,2,13,0,28.9,53,0,1.05922e+07,6.04195e+07,21.9576,21.9576,21.9576,16.8904,0,0.715105,0,5.453e+07
05/05/2009 14:00,5,5,2,14,0,28.9,55,0,1.19866e+07,6.65926e+07,21.9439,21.9439,21.9439,16.8904,0,0.820248,0,6.2379e+07
05/05/2009 15:00,5,5,2,15,0,28.3,55,0,1.1965e+07,6.65654e+07,21.9395,21.9395,21.9395,16.8904,0,0.818636,0,6.22025e+07
05/05/2009 16:00,5,5,2,16,0,27.2,63,0,1.23482e+07,6.70475e+07,21.938,21.938,21.938,16.8904,0,0.847689,0,6.43899e+07
05/05/2009 17:00,5,5,2,17,0,26.7,63,0,1.22016e+07,6.68629e+07,21.939,21.939,21.939,16.8904,0,0.836568,0,6.35586e+07
05/05/2009 18:00,5,5,2,18,0,25.6,67,0,8.2552e+06,4.2034e+07,21.9365,21.9365,21.9365,16.8904,0,0.54388,0,4.13008e+07
05/05/2009 19:00,5,5,2,19,0,25,71,0,0,1.95021e+07,21.933,21.933,21.933,21.933,0,0,0,0
05/05/2009 20:00,5,5,2,20,0,24.4,74,0,0,2.28739e+07,21.933,21.933,21.933,21.933,0,0,0,0
05/05/2009 21:00,5,5,2,21,0,23.9,79,0,0,1.97521e+07,21.933,21.933,21.933,21.933,0,0,0,0
05/05/2009 22:00,5,5,2,22,0,23.3,79,0,0,1.97521e+07,21.933,21.933,21.933,21.933,0,0,0,0
05/05/2009 23:00,5,5,2,23,0,23.3,82,0,0,1.69425e+07,21.933,21.933,21.933,21.933,0,0,0,0
05/06/2009 00:00,5,6,3,0,0,22.8,84,0,0,1.53816e+07,21.933,21.933,21.933,21.933,0,0,0,0
05/06/2009 01:00,5,6,3,1,0,22.2,87,0,0,1.42679e+07,21.933,21.933,21.933,21.933,0,0,0,0
05/06/2009 02:00,5,6,3,2,0,22.2,87,0,0,1.42679e+07,21.933,21.933,21.933,21.933,0,0,0,0
05/06/2009 03:00,5,6,3,3,0,22.2,90,0,0,1.42679e+07,21.933,21.933,21.933,21.933,0,0,0,0
05/06/2009 04:00,5,6,3,4,0,22.2,90,0,0,1.42679e+07,21.933,21.933,21.933,21.933,0,0,0,0
05/06/2009 05:00,5,6,3,5,0,21.7,90,0,0,1.42679e+07,21.933,21.933,21.933,21.933,0,0,0,0
05/06/2009 06:00,5,6,3,6,0,21.7,90,0,0,1.42679e+07,21.933,21.933,21.933,21.933,0,0,0,0
05/06/2009 07:00,5,6,3,7,0,22.2,90,0,0,1.20098e+07,21.933,21.933,21.933,21.933,0,0,0,0
05/06/2009 08:00,5,6,3,8,0,23.3,87,0,0,1.20098e+07,21.933,21.933,21.933,21.933,0,0,0,0
05/06/2009 09:00,5,6,3,9,0,26.1,72,0,0,1.20098e+07,21.933,21.933,21.933,21.933,0,0,0,0
05/06/2009 10:00,5,6,3,10,0,27.2,65,0,0,1.20098e+07,21.933,21.933,21.933,21.933,0,0,0,0
05/06/2009 11:00,5,6,3,11,0,28.3,63,0,0,1.20098e+07,21.933,21.933,21.933,21.933,0,0,0,0
05/06/2009 12:00,5,6,3,12,0,29.4,59,0,0,1.20098e+07,21.933,21.933,21.933,21.933,0,0,0,0
05/06/2009 13:00,5,6,3,13,0,29.4,57,0,0,1.20098e+07,21.933,21.933,21.933,21.933,0,0,0,0
05/06/2009 14:00,5,6,3,14,0,30,55,0,0,1.20098e+07,21.933,21.933,21.933,21.933,0,0,0,0
05/06/2009 15:00,5,6,3,15,0,30,57,0,0,1.20098e+07,21.933,21.933,21.933,21.933,0,0,0,0
05/06/2009 16:00,5,6,3,16,0,28.9,61,0,0,1.20098e+07,21.933,21.933,21.933,21.933,0,0,0,0
05/06/2009 17:00,5,6,3,17,0,27.8,69,0,0,1.20098e+07,21.933,21.933,21.933,21.933,0,0,0,0
05/06/2009 18:00,5,6,3,18,0,27.8,63,0,0,1.20098e+07,21.933,21.933,21.933,21.933,0,0,0,0
05/06/2009 19:00,5,6,3,19,0,26.1,69,0,0,1.20098e+07,21.933,21.933,21.933,21.933,0,0,0,0
05/06/2009 20:00,5,6,3,20,0,25,76,0,0,1.53816e+07,21.933,21.933,21.933,21.933,0,0,0,0
05/06/2009 21:00,5,6,3,21,0,24.4,85,0,0,1.53816e+07,21.933,21.933,21.933,21.933,0,0,0,0
05/06/2009 22:00,5,6,3,22,0,24.4,85,0,0,1.53816e+07,21.933,21.933,21.933,21.933,0,0,0,0
05/06/2009 23:00,5,6,3,23,0,23.9,87,0,0,1.53816e+07,21.933,21.933,21.933,21.933,0,0,0,0
05/07/2009 00:00,5,7,4,0,0,23.9,87,0,0,1.53816e+07,21.933,21.933,21.933,21.933,0,0,0,0
05/07/2009 01:00,5,7,4,1,0,23.9,87,0,0,1.42679e+07,21.933,21.933,21.933,21.933,0,0,0,0
05/07/2009 02:00,5,7,4,2,0,24.4,82,0,0,1.42679e+07,21.933,21.933,21.933,21.933,0,0,0,0
05/07/2009 03:00,5,7,4,3,0,25,79,0,0,1.42679e+07,21.933,21.933,21.933,21.933,0,0,0,0
05/07/2009 04:00,5,7,4,4,0,25,79,0,0,1.42679e+07,21.933,21.933,21.933,21.933,0,0,0,0
05/07/2009 05:00,5,7,4,5,0,25,79,0,0,1.42679e+07,21.933,21.933,21.933,21.933,0,0,0,0
05/07/2009 06:00,5,7,4,6,0,25,79,0,0,1.42679e+07,21.933,21.933,21.933,21.933,0,0,0,0
05/07/2009 07:00,5,7,4,7,0,25,76,0,0,1.20098e+07,21.933,21.933,21.933,21.933,0,0,0,0
05/07/2009 08:00,5,7,4,8,0,26.1,74,0,0,1.20098e+07,21.933,21.933,21.933,21.933,0,0,0,0
05/07/2009 09:00,5,7,4,9,0,26.7,72,0,0,1.20098e+07,21.933,21.933,21.933,21.933,0,0,0,0
05/07/2009 10:00,5,7,4,10,0,28.3,63,0,0,1.20098e+07,21.933,21.933,21.933,21.933,0,0,0,0
05/07/2009 11:00,5,7,4,11,0,28.3,63,0,0,1.20098e+07,21.933,21.933,21.933,21.933,0,0,0,0
05/07/2009 12:00,5,7,4,12,0,30,57,0,0,1.20098e+07,21.933,21.933,21.933,21.933,0,0,0,0
05/07/2009 13:00,5,7,4,13,0,30,51,0,0,1.20098e+07,21.933,21.933,21.933,21.933,0,0,0,0
05/07/2009 14:00,5,7,4,14,0,30.6,50,0,0,1.20098e+07,21.933,21.933,21.933,21.933,0,0,0,0
05/07/2009 15:00,5,7,4,15,0,29.4,55,0,0,1.20098e+07,21.933,21.933,21.933,21.933,0,0,0,0
05/07/2009 16:00,5,7,4,16,0,27.8,69,0,0,1.20098e+07,21.933,21.933,21.933,21.933,0,0,0,0
05/07/2009 17:00,5,7,4,17,0,27.2,69,0,0,1.20098e+07,21.933,21.933,21.933,21.933,0,0,0,0
05/07/2009 18:00,5,7,4,18,0,26.1,74,0,0,1.20098e+07,21.933,21.933,21.933,21.933,0,0,0,0
05/07/2009 19:00,5,7,4,19,0,25.6,79,0,0,1.20098e+07,21.933,21.933,21.933,21.933,0,0,0,0
05/07/2009 20:00,5,7,4,20,0,25,79,0,0,1.53816e+07,21.933,21.933,21.933,21.933,0,0,0,0
05/07/2009 21:00,5,7,4,21,0,25,79,0,0,1.53816e+07,21.933,21.933,21.933,21.933,0,0,0,0
05/07/2009 22:00,5,7,4,22,0,25,82,0,0,1.53816e+07,21.933,21.933,21.933,21.933,0,0,0,0
05/07/2009 23:00,5,7,4,23,0,25,82,0,0,1.53816e+07,21.933,21.933,21.933,21.933,0,0,0,0
05/08/2009 00:00,5,8,5,0,0,25,82,0,0,1.53816e+07,21.933,21.933,21.933,21.933,0,0,0,0
05/08/2009 01:00,5,8,5,1,0,24.4,88,0,0,2.07703e+07,21.933,21.933,21.933,21.933,0,0,0,0
05/08/2009 02:00,5,8,5,2,0,24.4,85,0,0,2.07703e+07,21.933,21.933,21.933,21.933,0,0,0,0
05/08/2009 03:00,5,8,5,3,0,25,82,0,0,2.07703e+07,21.933,21.933,21.933,21.933,0,0,0,0
05/08/2009 04:00,5,8,5,4,0,25,82,0,0,2.07703e+07,21.933,21.933,21.933,21.933,0,0,0,0
05/08/2009 05:00,5,8,5,5,0,25,79,0,0,2.07703e+07,21.933,21.933,21.933,21.933,0,0,0,0
05/08/2009 06:00,5,8,5,6,0,25,79,0,0,2.23312e+07,21.933,21.933,21.933,21.933,0,0,0,0
05/08/2009 07:00,5,8,5,7,0,25,79,0,9.46165e+06,3.17159e+07,22.2932,22.2932,22.2932,16.8904,0,0.64319,0,5.24294e+07
05/08/2009 08:00,5,8,5,8,0,26.1,77,0,8.09927e+06,3.59022e+07,22.1618,22.1618,22.1618,16.8904,0,0.530242,0,4.20624e+07
05/08/2009 09:00,5,8,5,9,0,27.2,69,0,1.37333e+07,6.87866e+07,22.0866,22.0866,22.0866,16.8904,0,0.951717,0,7.44222e+07
05/08/2009 10:00,5,8,5,10,0,28.3,61,0,1.41837e+07,6.93598e+07,22.0359,22.0359,22.0359,16.8904,0,0.987979,0,7.65059e+07
05/08/2009 11:00,5,8,5,11,0,28.9,59,0,1.37017e+07,6.87524e+07,21.9866,21.9866,21.9866,16.8904,0,0.951194,0,7.29528e+07
05/08/2009 12:00,5,8,5,12,0,29.4,59,0,1.33065e+07,6.82549e+07,21.9672,21.9672,21.9672,16.8904,0,0.921248,0,7.03829e+07
05/08/2009 13:00,5,8,5,13,0,28.9,55,0,1.24379e+07,6.27385e+07,21.9548,21.9548,21.9548,16.8904,0,0.854611,0,6.51323e+07
05/08/2009 14:00,5,8,5,14,0,28.9,57,0,1.34128e+07,6.83907e+07,21.942,21.942,21.942,16.8904,0,0.929962,0,7.06963e+07
05/08/2009 15:00,5,8,5,15,0,29.4,55,0,1.35527e+07,6.85674e+07,21.9321,21.9321,21.9321,16.8904,0,0.940738,0,7.13756e+07
05/08/2009 16:00,5,8,5,16,0,28.9,57,0,1.3957e+07,6.9078e+07,21.9287,21.9287,21.9287,16.8904,0,0.971811,0,7.3683e+07
05/08/2009 17:00,5,8,5,17,0,27.8,65,0,1.3417e+07,6.83957e+07,21.9269,21.9269,21.9269,16.8904,0,0.930039,0,7.04901e+07
05/08/2009 18:00,5,8,5,18,0,26.7,77,0,9.33845e+06,4.33847e+07,21.9251,21.9251,21.9251,16.8904,0,0.622789,0,4.71865e+07
05/08/2009 19:00,5,8,5,19,0,26.1,79,0,0,1.95021e+07,21.9228,21.9228,21.9228,21.9228,0,0,0,0
05/08/2009 20:00,5,8,5,20,0,25.6,77,0,0,2.28739e+07,21.9228,21.9228,21.9228,21.9228,0,0,0,0
05/08/2009 21:00,5,8,5,21,0,25.6,74,0,0,1.97521e+07,21.9228,21.9228,21.9228,21.9228,0,0,0,0
05/08/2009 22:00,5,8,5,22,0,25,82,0,0,1.97521e+07,21.9228,21.9228,21.9228,21.9228,0,0,0,0
05/08/2009 23:00,5,8,5,23,0,25,85,0,0,1.69425e+07,21.9228,21.9228,21.9228,21.9228,0,0,0,0
05/09/2009 00:00,5,9,6,0,0,24.4,85,0,0,1.53816e+07,21.9228,21.9228,21.9228,21.9228,0,0,0,0
05/09/2009 01:00,5,9,6,1,0,24.4,85,0,0,2.07703e+07,21.9228,21.9228,21.9228,21.9228,0,0,0,0
05/09/2009 02:00,5,9,6,2,0,24.4,88,0,0,2.07703e+07,21.9228,21.9228,21.9228,21.9228,0,0,0,0
05/09/2009 03:00,5,9,6,3,0,23.9,87,0,0,2.07703e+07,21.9228,21.9228,21.9228,21.9228,0,0,0,0
05/09/2009 04:00,5,9,6,4,0,23.9,90,0,0,2.07703e+07,21.9228,21.9228,21.9228,21.9228,0,0,0,0
05/09/2009 05:00,5,9,6,5,0,23.9,90,0,0,2.07703e+07,21.9228,21.9228,21.9228,21.9228,0,0,0,0
05/09/2009 06:00,5,9,6,6,0,23.9,90,0,0,2.23312e+07,21.9228,21.9228,21.9228,21.9228,0,0,0,0
05/09/2009 07:00,5,9,6,7,0,23.9,85,0,8.27869e+06,3.02328e+07,22.1973,22.1973,22.1973,16.8904,0,0.555021,0,4.43574e+07
05/09/2009 08:00,5,9,6,8,0,23.3,85,0,7.53883e+06,3.52063e+07,22.1212,22.1212,22.1212,16.8904,0,0.490447,0,3.86061e+07
05/09/2009 09:00,5,9,6,9,0,25,85,0,1.33587e+07,6.83152e+07,22.0588,22.0588,22.0588,16.8904,0,0.923285,0,7.18132e+07
05/09/2009 10:00,5,9,6,10,0,27.8,65,0,1.36852e+07,6.87296e+07,22.0171,22.0171,22.0171,16.8904,0,0.949314,0,7.32423e+07
05/09/2009 11:00,5,9,6,11,0,29.4,59,0,1.35538e+07,6.8566e+07,21.9771,21.9771,21.9771,16.8904,0,0.939948,0,7.19535e+07
05/09/2009 12:00,5,9,6,12,0,30,53,0,1.31236e+07,6.80251e+07,21.953,21.953,21.953,16.8904,0,0.90755,0,6.91423e+07
05/09/2009 13:00,5,9,6,13,0,31.1,52,0,1.2196e+07,6.24347e+07,21.9423,21.9423,21.9423,16.8904,0,0.836474,0,6.35928e+07
05/09/2009 14:00,5,9,6,14,0,31.1,43,0,1.32442e+07,6.81787e+07,21.9285,21.9285,21.9285,16.8904,0,0.917234,0,6.95421e+07
05/09/2009 15:00,5,9,6,15,0,30,57,0,1.39174e+07,6.90284e+07,21.9226,21.9226,21.9226,16.8904,0,0.968814,0,7.3367e+07
05/09/2009 16:00,5,9,6,16,0,28.3,63,0,1.42273e+07,6.94212e+07,21.9228,21.9228,21.9228,16.8904,0,0.993042,0,7.52049e+07
05/09/2009 17:00,5,9,6,17,0,27.2,67,0,1.36091e+07,6.86386e+07,21.9247,21.9247,21.9247,16.8904,0,0.945062,0,7.15975e+07
05/09/2009 18:00,5,9,6,18,0,26.1,74,0,9.63095e+06,4.37499e+07,21.9232,21.9232,21.9232,16.8904,0,0.644177,0,4.87882e+07
05/09/2009 19:00,5,9,6,19,0,25.6,74,0,0,1.95021e+07,21.9202,21.9202,21.9202,21.9202,0,0,0,0
05/09/2009 20:00,5,9,6,20,0,25.6,74,0,0,2.28739e+07,21.9202,21.9202,21.9202,21.9202,0,0,0,0
05/09/2009 21:00,5,9,6,21,0,25,76,0,0,1.97521e+07,21.9202,21.9202,21.9202,21.9202,0,0,0,0
05/09/2009 22:00,5,9,6,22,0,25,79,0,0,1.97521e+07,21.9202,21.9202,21.9202,21.9202,0,0,0,0
05/09/2009 23:00,5,9,6,23,0,24.4,82,0,0,1.69425e+07,21.9202,21.9202,21.9202,21.9202,0,0,0,0
05/10/2009 00:00,5,10,0,0,0,24.4,85,0,0,1.53816e+07,21.9202,21.9202,21.9202,21.9202,0,0,0,0
05/10/2009 01:00,5,10,0,1,0,23.9,87,0,0,2.07703e+07,21.9202,21.9202,21.9202,21.9202,0,0,0,0
05/10/2009 02:00,5,10,0,2,0,23.3,90,0,0,2.07703e+07,21.9202,21.9202,21.9202,21.9202,0,0,0,0
05/10/2009 03:00,5,10,0,3,0,23.3,90,0,0,2.07703e+07,21.9202,21.9202,21.9202,21.9202,0,0,0,0
05/10/2009 04:00,5,10,0,4,0,23.3,90,0,0,2.07703e+07,21.9202,21.9202,21.9202,21.9202,0,0,0,0
05/10/2009 05:00,5,10,0,5,0,23.9,87,0,0,2.07703e+07,21.9202,21.9202,21.9202,21.9202,0,0,0,0
05/10/2009 06:00,5,10,0,6,0,23.9,87,0,0,2.23312e+07,21.9202,21.9202,21.9202,21.9202,0,0,0,0
05/10/2009 07:00,5,10,0,7,0,24.4,88,0,8.31298e+06,3.02863e+07,22.1886,22.1886,22.1886,16.8904,0,0.560691,0,4.47467e+07
05/10/2009 08:00,5,10,0,8,0,25.6,82,0,8.20524e+06,3.60354e+07,22.106,22.106,22.106,16.8904,0,0.538277,0,4.22473e+07
05/10/2009 09:00,5,10,0,9,0,26.7,74,0,1.31085e+07,6.79998e+07,22.0452,22.0452,22.0452,16.8904,0,0.904319,0,7.01512e+07
05/10/2009 10:00,5,10,0,10,0,26.7,72,0,1.2995e+07,6.78593e+07,22.0073,22.0073,22.0073,16.8904,0,0.896497,0,6.90364e+07
05/10/2009 11:00,5,10,0,11,0,25,82,0,1.21706e+07,6.68232e+07,21.9745,21.9745,21.9745,16.8904,0,0.834261,0,6.3829e+07
05/10/2009 12:00,5,10,0,12,0,22.2,73,0,1.18422e+07,6.64116e+07,21.9588,21.9588,21.9588,16.8904,0,0.809808,0,6.1767e+07
05/10/2009 13:00,5,10,0,13,0,19.4,90,0,1.06839e+07,6.05356e+07,21.9504,21.9504,21.9504,16.8904,0,0.722589,0,5.50226e+07
05/10/2009 14:00,5,10,0,14,0,19.4,93,0,1.15884e+07,6.6094e+07,21.9356,21.9356,21.9356,16.8904,0,0.791021,0,6.0057e+07
05/10/2009 15:00,5,10,0,15,0,20.6,87,0,1.18803e+07,6.64608e+07,21.932,21.932,21.932,16.8904,0,0.813029,0,6.1684e+07
05/10/2009 16:00,5,10,0,16,0,20.6,84,0,1.23495e+07,6.70499e+07,21.9325,21.9325,21.9325,16.8904,0,0.848012,0,6.43451e+07
05/10/2009 17:00,5,10,0,17,0,20.6,87,0,1.19848e+07,6.65916e+07,21.9309,21.9309,21.9309,16.8904,0,0.820536,0,6.22405e+07
05/10/2009 18:00,5,10,0,18,0,21.1,84,0,8.11114e+06,4.18553e+07,21.9319,21.9319,21.9319,16.8904,0,0.533745,0,4.04942e+07
05/10/2009 19:00,5,10,0,19,0,21.7,81,0,0,1.95021e+07,21.9319,21.9319,21.9319,21.9319,0,0,0,0
05/10/2009 20:00,5,10,0,20,0,20,90,0,0,2.28739e+07,21.9319,21.9319,21.9319,21.9319,0,0,0,0
05/10/2009 21:00,5,10,0,21,0,19.4,90,0,0,1.97521e+07,21.9319,21.9319,21.9319,21.9319,0,0,0,0
05/10/2009 22:00,5,10,0,22,0,18.3,93,0,0,1.97521e+07,21.9319,21.9319,21.9319,21.9319,0,0,0,0
05/10/2009 23:00,5,10,0,23,0,18.3,93,0,0,1.69425e+07,21.9319,21.9319,21.9319,21.9319,0,0,0,0
05/11/2009 00:00,5,11,1,0,0,17.8,90,0,0,1.53816e+07,21.9319,21.9319,21.9319,21.9319,0,0,0,0
05/11/2009 01:00,5,11,1,1,0,17.2,90,0,0,2.07703e+07,21.9319,21.9319,21.9319,21.9319,0,0,0,0
05/11/2009 02:00,5,11,1,2,0,18.3,90,0,0,2.07703e+07,21.9319,21.9319,21.9319,21.9319,0,0,0,0
05/11/2009 03:00,5,11,1,3,0,18.3,90,0,0,2.07703e+07,21.9319,21.9319,21.9319,21.9319,0,0,0,0
05/11/2009 04:00,5,11,1,4,0,17.2,90,0,0,2.07703e+07,21.9319,21.9319,21.9319,21.9319,0,0,0,0
05/11/2009 05:00,5,11,1,5,0,16.7,93,0,0,2.07703e+07,21.9319,21.9319,21.9319,21.9319,0,0,0,0
05/11/2009 06:00,5,11,1,6,0,15.6,93,0,0,2.23312e+07,21.9319,21.9319,21.9319,21.9319,0,0,0,0
05/11/2009 07:00,5,11,1,7,0,17.8,93,0,3.60713e+06,2.44398e+07,22.0198,22.0198,22.0198,16.8904,0,0.224734,0,1.73328e+07
05/11/2009 08:00,5,11,1,8,0,18.3,97,0,4.78543e+06,3.18052e+07,22.0076,22.0076,22.0076,16.8904,0,0.29978,0,2.30859e+07
05/11/2009 09:00,5,11,1,9,0,20.6,90,0,9.06742e+06,6.29354e+07,21.9902,21.9902,21.9902,16.8904,0,0.602843,0,4.62662e+07
05/11/2009 10:00,5,11,1,10,0,23.3,74,0,1.03839e+07,6.45799e+07,21.9793,21.9793,21.9793,16.8904,0,0.699372,0,5.35594e+07
05/11/2009 11:00,5,11,1,11,0,25.6,69,0,1.08068e+07,6.511e+07,21.9704,21.9704,21.9704,16.8904,0,0.731007,0,5.58837e+07
05/11/2009 12:00,5,11,1,12,0,26.7,65,0,1.05731e+07,6.48184e+07,21.9658,21.9658,21.9658,16.8904,0,0.714087,0,5.45406e+07
05/11/2009 13:00,5,11,1,13,0,27.8,63,0,9.6929e+06,5.92951e+07,21.954,21.954,21.954,16.8904,0,0.648872,0,4.94454e+07
05/11/2009 14:00,5,11,1,14,0,28.9,55,0,1.09894e+07,6.53408e+07,21.9444,21.9444,21.9444,16.8904,0,0.745362,0,5.66892e+07
05/11/2009 15:00,5,11,1,15,0,29.4,55,0,1.21057e+07,6.67424e+07,21.9432,21.9432,21.9432,16.8904,0,0.828921,0,6.30292e+07
05/11/2009 16:00,5,11,1,16,0,30,51,0,1.27756e+07,6.75902e+07,21.9387,21.9387,21.9387,16.8904,0,0.880853,0,6.69187e+07
05/11/2009 17:00,5,11,1,17,0,30.6,50,0,1.31085e+07,6.80133e+07,21.9331,21.9331,21.9331,16.8904,0,0.907259,0,6.88479e+07
05/11/2009 18:00,5,11,1,18,0,30.6,50,0,9.68804e+06,4.38281e+07,21.9258,21.9258,21.9258,16.8904,0,0.649374,0,4.92072e+07
05/11/2009 19:00,5,11,1,19,0,27.8,67,0,0,1.95021e+07,21.9215,21.9215,21.9215,21.9215,0,0,0,0
05/11/2009 20:00,5,11,1,20,0,25.6,77,0,0,2.28739e+07,21.9215,21.9215,21.9215,21.9215,0,0,0,0
05/11/2009 21:00,5,11,1,21,0,24.4,79,0,0,1.97521e+07,21.9215,21.9215,21.9215,21.9215,0,0,0,0
05/11/2009 22:00,5,11,1,22,0,24.4,79,0,0,1.97521e+07,21.9215,21.9215,21.9215,21.9215,0,0,0,0
05/11/2009 23:00,5,11,1,23,0,23.3,85,0,0,1.69425e+07,21.9215,21.9215,21.9215,21.9215,0,0,0,0
05/12/2009 00:00,5,12,2,0,0,22.8,87,0,0,1.53816e+07,21.9215,21.9215,21.9215,21.9215,0,0,0,0
05/12/2009 01:00,5,12,2,1,0,21.7,90,0,0,2.07703e+07,21.9215,21.9215,21.9215,21.9215,0,0,0,0
05/12/2009 02:00,5,12,2,2,0,22.8,90,0,0,2.07703e+07,21.9215,21.9215,21.9215,21.9215,0,0,0,0
05/12/2009 03:00,5,12,2,3,0,22.8,87,0,0,2.07703e+07,21.9215,21.9215,21.9215,21.9215,0,0,0,0
05/12/2009 04:00,5,12,2,4,0,22.8,87,0,0,2.07703e+07,21.9215,21.9215,21.9215,21.9215,0,0,0,0
05/12/2009 05:00,5,12,2,5,0,22.8,87,0,0,2.07703e+07,21.9215,21.9215,21.9215,21.9215,0,0,0,0
05/12/2009 06:00,5,12,2,6,0,22.8,84,0,0,2.23312e+07,21.9215,21.9215,21.9215,21.9215,0,0,0,0
05/12/2009 07:00,5,12,2,7,0,23.3,82,0,7.97984e+06,2.98528e+07,22.1509,22.1509,22.1509,16.8904,0,0.530739,0,4.20313e+07
05/12/2009 08:00,5,12,2,8,0,25,76,0,7.18407e+06,3.47733e+07,22.0659,22.0659,22.0659,16.8904,0,0.466961,0,3.63686e+07
05/12/2009 09:00,5,12,2,9,0,26.7,72,0,1.26319e+07,6.74078e+07,22.0167,22.0167,22.0167,16.8904,0,0.869677,0,6.70918e+07
05/12/2009 10:00,5,12,2,10,0,27.8,69,0,1.2412e+07,6.71256e+07,21.9854,21.9854,21.9854,16.8904,0,0.851729,0,6.53067e+07
05/12/2009 11:00,5,12,2,11,0,28.3,63,0,1.23872e+07,6.70952e+07,21.9628,21.9628,21.9628,16.8904,0,0.850208,0,6.48997e+07
05/12/2009 12:00,5,12,2,12,0,29.4,57,0,1.22137e+07,6.68782e+07,21.9488,21.9488,21.9488,16.8904,0,0.837575,0,6.37586e+07
05/12/2009 13:00,5,12,2,13,0,30.6,53,0,1.12586e+07,6.12559e+07,21.9403,21.9403,21.9403,16.8904,0,0.765234,0,5.81535e+07
05/12/2009 14:00,5,12,2,14,0,31.1,47,0,1.25326e+07,6.7281e+07,21.9255,21.9255,21.9255,16.8904,0,0.862262,0,6.53354e+07
05/12/2009 15:00,5,12,2,15,0,31.7,44,0,1.35434e+07,6.85555e+07,21.9218,21.9218,21.9218,16.8904,0,0.939512,0,7.11366e+07
05/12/2009 16:00,5,12,2,16,0,32.8,33,0,1.43965e+07,6.96385e+07,21.9187,21.9187,21.9187,16.8904,0,1.00673,0,7.61794e+07
05/12/2009 17:00,5,12,2,17,0,32.2,38,0,1.43436e+07,6.95737e+07,21.9161,21.9161,21.9161,16.8904,0,1.00314,0,7.58684e+07
05/12/2009 18:00,5,12,2,18,0,31.1,53,0,1.10725e+07,4.5562e+07,21.9106,21.9106,21.9106,16.8904,0,0.752295,0,5.68349e+07
05/12/2009 19:00,5,12,2,19,0,28.9,63,0,0,1.95021e+07,21.9075,21.9075,21.9075,21.9075,0,0,0,0
05/12/2009 20:00,5,12,2,20,0,27.2,69,0,0,2.28739e+07,21.9075,21.9075,21.9075,21.9075,0,0,0,0
05/12/2009 21:00,5,12,2,21,0,26.1,69,0,0,1.97521e+07,21.9075,21.9075,21.9075,21.9075,0,0,0,0
05/12/2009 22:00,5,12,2,22,0,25,76,0,0,1.97521e+07,21.9075,21.9075,21.9075,21.9075,0,0,0,0
05/12/2009 23:00,5,12,2,23,0,23.9,79,0,0,1.69425e+07,21.9075,21.9075,21.9075,21.9075,0,0,0,0
05/13/2009 00:00,5,13,3,0,0,23.3,85,0,0,1.53816e+07,21.9075,21.9075,21.9075,21.9075,0,0,0,0
05/13/2009 01:00,5,13,3,1,0,22.2,87,0,0,1.42679e+07,21.9075,21.9075,21.9075,21.9075,0,0,0,0
05/13/2009 02:00,5,13,3,2,0,21.7,90,0,0,1.42679e+07,21.9075,21.9075,21.9075,21.9075,0,0,0,0
05/13/2009 03:00,5,13,3,3,0,21.1,90,0,0,1.42679e+07,21.9075,21.9075,21.9075,21.9075,0,0,0,0
05/13/2009 04:00,5,13,3,4,0,20.6,90,0,0,1.42679e+07,21.9075,21.9075,21.9075,21.9075,0,0,0,0
05/13/2009 05:00,5,13,3,5,0,18.9,90,0,0,1.42679e+07,21.9075,21.9075,21.9075,21.9075,0,0,0,0
05/13/2009 06:00,5,13,3,6,0,18.3,90,0,0,1.42679e+07,21.9075,21.9075,21.9075,21.9075,0,0,0,0
05/13/2009 07:00,5,13,3,7,0,20,97,0,0,1.20098e+07,21.9075,21.9075,21.9075,21.9075,0,0,0,0
05/13/2009 08:00,5,13,3,8,0,24.4,82,0,0,1.20098e+07,21.9075,21.9075,21.9075,21.9075,0,0,0,0
05/13/2009 09:00,5,13,3,9,0,26.1,74,0,0,1.20098e+07,21.9075,21.9075,21.9075,21.9075,0,0,0,0
05/13/2009 10:00,5,13,3,10,0,27.2,65,0,0,1.20098e+07,21.9075,21.9075,21.9075,21.9075,0,0,0,0
05/13/2009 11:00,5,13,3,11,0,28.9,57,0,0,1.20098e+07,21.9075,21.9075,21.9075,21.9075,0,0,0,0
05/13/2009 12:00,5,13,3,12,0,30,50,0,0,1.20098e+07,21.9075,21.9075,21.9075,21.9075,0,0,0,0
05/13/2009 13:00,5,13,3,13,0,31.1,47,0,0,1.20098e+07,21.9075,21.9075,21.9075,21.9075,0,0,0,0
05/13/2009 14:00,5,13,3,14,0,31.1,47,0,0,1.20098e+07,21.9075,21.9075,21.9075,21.9075,0,0,0,0
05/13/2009 15:00,5,13,3,15,0,31.1,50,0,0,1.20098e+07,21.9075,21.9075,21.9075,21.9075,0,0,0,0
05/13/2009 16:00,5,13,3,16,0,31.7,39,0,0,1.20098e+07,21.9075,21.9075,21.9075,21.9075,0,0,0,0
05/13/2009 17:00,5,13,3,17,0,30.6,38,0,0,1.20098e+07,21.9075,21.9075,21.9075,21.9075,0,0,0,0
05/13/2009 18:00,5,13,3,18,0,29.4,48,0,0,1.20098e+07,21.9075,21.9075,21.9075,21.9075,0,0,0,0
05/13/2009 19:00,5,13,3,19,0,27.2,56,0,0,1.20098e+07,21.9075,21.9075,21.9075,21.9075,0,0,0,0
05/13/2009 20:00,5,13,3,20,0,25.6,67,0,0,1.53816e+07,21.9075,21.9075,21.9075,21.9075,0,0,0,0
05/13/2009 21:00,5,13,3,21,0,24.4,71,0,0,1.53816e+07,21.9075,21.9075,21.9075,21.9075,0,0,0,0
05/13/2009 22:00,5,13,3,22,0,24.4,71,0,0,1.53816e+07,21.9075,21.9075,21.9075,21.9075,0,0,0,0
05/13/2009 23:00,5,13,3,23,0,23.3,76,0,0,1.53816e+07,21.9075,21.9075,21.9075,21.9075,0,0,0,0
05/14/2009 00:00,5,14,4,0,0,23.3,76,0,0,1.53816e+07,21.9075,21.9075,21.9075,21.9075,0,0,0,0
05/14/2009 01:00,5,14,4,1,0,21.1,84,0,0,1.42679e+07,21.9075,21.9075,21.9075,21.9075,0,0,0,0
05/14/2009 02:00,5,14,4,2,0,21.1,84,0,0,1.42679e+07,21.9075,21.9075,21.9075,21.9075,0,0,0,0
05/14/2009 03:00,5,14,4,3,0,19.4,90,0,0,1.42679e+07,21.9075,21.9075,21.9075,21.9075,0,0,0,0
05/14/2009 04:00,5,14,4,4,0,20,87,0,0,1.42679e+07,21.9075,21.9075,21.9075,21.9075,0,0,0,0
05/14/2009 05:00,5,14,4,5,0,20.6,87,0,0,1.42679e+07,21.9075,21.9075,21.9075,21.9075,0,0,0,0
05/14/2009 06:00,5,14,4,6,0,21.1,87,0,0,1.42679e+07,21.9075,21.9075,21.9075,21.9075,0,0,0,0
05/14/2009 07:00,5,14,4,7,0,22.8,82,0,0,1.20098e+07,21.9075,21.9075,21.9075,21.9075,0,0,0,0
05/14/2009 08:00,5,14,4,8,0,24.4,79,0,0,1.20098e+07,21.9075,21.9075,21.9075,21.9075,0,0,0,0
05/14/2009 09:00,5,14,4,9,0,27.2,67,0,0,1.20098e+07,21.9075,21.9075,21.9075,21.9075,0,0,0,0
05/14/2009 10:00,5,14,4,10,0,27.8,63,0,0,1.20098e+07,21.9075,21.9075,21.9075,21.9075,0,0,0,0
05/14/2009 11:00,5,14,4,11,0,28.3,59,0,0,1.20098e+07,21.9075,21.9075,21.9075,21.9075,0,0,0,0
05/14/2009 12:00,5,14,4,12,0,29.4,53,0,0,1.20098e+07,21.9075,21.9075,21.9075,21.9075,0,0,0,0
05/14/2009 13:00,5,14,4,13,0,30,51,0,0,1.20098e+07,21.9075,21.9075,21.9075,21.9075,0,0,0,0
05/14/2009 14:00,5,14,4,14,0,28.3,53,0,0,1.20098e+07,21.9075,21.9075,21.9075,21.9075,0,0,0,0
05/14/2009 15:00,5,14,4,15,0,28.3,65,0,0,1.20098e+07,21.9075,21.9075,21.9075,21.9075,0,0,0,0
05/14/2009 16:00,5,14,4,16,0,29.4,53,0,0,1.20098e+07,21.9075,21.9075,21.9075,21.9075,0,0,0,0
05/14/2009 17:00,5,14,4,17,0,29.4,48,0,0,1.20098e+07,21.9075,21.9075,21.9075,21.9075,0,0,0,0
05/14/2009 18:00,5,14,4,18,0,28.3,53,0,0,1.20098e+07,21.9075,21.9075,21.9075,21.9075,0,0,0,0
05/14/2009 19:00,5,14,4,19,0,26.7,60,0,0,1.20098e+07,21.9075,21.9075,21.9075,21.9075,0,0,0,0
05/14/2009 20:00,5,14,4,20,0,25.6,72,0,0,1.53816e+07,21.9075,21.9075,21.9075,21.9075,0,0,0,0
05/14/2009 21:00,5,14,4,21,0,25.6,74,0,0,1.53816e+07,21.9075,21.9075,21.9075,21.9075,0,0,0,0
05/14/2009 22:00,5,14,4,22,0,25.6,74,0,0,1.53816e+07,21.9075,21.9075,21.9075,21.9075,0,0,0,0
05/14/2009 23:00,5,14,4,23,0,25.6,72,0,0,1.53816e+07,21.9075,21.9075,21.9075,21.9075,0,0,0,0
05/15/2009 00:00,5,15,5,0,0,25,79,0,0,1.53816e+07,21.9075,21.9075,21.9075,21.9075,0,0,0,0
05/15/2009 01:00,5,15,5,1,0,23.9,90,0,0,2.07703e+07,21.9075,21.9075,21.9075,21.9075,0,0,0,0
05/15/2009 02:00,5,15,5,2,0,22.8,84,0,0,2.07703e+07,21.9075,21.9075,21.9075,21.9075,0,0,0,0
05/15/2009 03:00,5,15,5,3,0,22.2,87,0,0,2.07703e+07,21.9075,21.9075,21.9075,21.9075,0,0,0,0
05/15/2009 04:00,5,15,5,4,0,21.7,93,0,0,2.07703e+07,21.9075,21.9075,21.9075,21.9075,0,0,0,0
05/15/2009 05:00,5,15,5,5,0,22.8,87,0,0,2.07703e+07,21.9075,21.9075,21.9075,21.9075,0,0,0,0
05/15/2009 06:00,5,15,5,6,0,22.8,87,0,0,2.23312e+07,21.9075,21.9075,21.9075,21.9075,0,0,0,0
05/15/2009 07:00,5,15,5,7,0,24.4,85,0,8.33936e+06,3.03177e+07,22.2326,22.2326,22.2326,16.8904,0,0.561942,0,4.52184e+07
05/15/2009 08:00,5,15,5,8,0,23.3,94,0,7.24284e+06,3.48385e+07,22.1396,22.1396,22.1396,16.8904,0,0.469128,0,3.70575e+07
05/15/2009 09:00,5,15,5,9,0,23.3,87,0,1.23555e+07,6.70483e+07,22.0805,22.0805,22.0805,16.8904,0,0.845744,0,6.60549e+07
05/15/2009 10:00,5,15,5,10,0,23.9,76,0,1.29283e+07,6.77731e+07,22.0202,22.0202,22.0202,16.8904,0,0.890424,0,6.87378e+07
05/15/2009 11:00,5,15,5,11,0,24.4,71,0,1.19029e+07,6.64847e+07,21.991,21.991,21.991,16.8904,0,0.81321,0,6.24201e+07
05/15/2009 12:00,5,15,5,12,0,24.4,76,0,1.28754e+07,6.77099e+07,21.9833,21.9833,21.9833,16.8904,0,0.887612,0,6.8028e+07
05/15/2009 13:00,5,15,5,13,0,25.6,77,0,1.17267e+07,6.18428e+07,21.9651,21.9651,21.9651,16.8904,0,0.800201,0,6.11094e+07
05/15/2009 14:00,5,15,5,14,0,26.7,72,0,1.29708e+07,6.78329e+07,21.9424,21.9424,21.9424,16.8904,0,0.89578,0,6.81027e+07
05/15/2009 15:00,5,15,5,15,0,26.7,69,0,1.26679e+07,6.74513e+07,21.9353,21.9353,21.9353,16.8904,0,0.872641,0,6.62507e+07
05/15/2009 16:00,5,15,5,16,0,27.2,65,0,1.29399e+07,6.77934e+07,21.9349,21.9349,21.9349,16.8904,0,0.893159,0,6.78031e+07
05/15/2009 17:00,5,15,5,17,0,27.2,67,0,1.22424e+07,6.69157e+07,21.9346,21.9346,21.9346,16.8904,0,0.840334,0,6.37891e+07
05/15/2009 18:00,5,15,5,18,0,26.7,72,0,9.16753e+06,4.31708e+07,21.9372,21.9372,21.9372,16.8904,0,0.609875,0,4.63187e+07
05/15/2009 19:00,5,15,5,19,0,26.1,74,0,0,1.95021e+07,21.9373,21.9373,21.9373,21.9373,0,0,0,0
05/15/2009 20:00,5,15,5,20,0,25.6,77,0,0,2.28739e+07,21.9373,21.9373,21.9373,21.9373,0,0,0,0
05/15/2009 21:00,5,15,5,21,0,25.6,77,0,0,1.97521e+07,21.9373,21.9373,21.9373,21.9373,0,0,0,0
05/15/2009 22:00,5,15,5,22,0,25.6,77,0,0,1.97521e+07,21.9373,21.9373,21.9373,21.9373,0,0,0,0
05/15/2009 23:00,5,15,5,23,0,25.6,79,0,0,1.69425e+07,21.9373,21.9373,21.9373,21.9373,0,0,0,0
05/16/2009 00:00,5,16,6,0,0,25,82,0,0,1.53816e+07,21.9373,21.9373,21.9373,21.9373,0,0,0,0
05/16/2009 01:00,5,16,6,1,0,25,79,0,0,2.07703e+07,21.9373,21.9373,21.9373,21.9373,0,0,0,0
05/16/2009 02:00,5,16,6,2,0,25,82,0,0,2.07703e+07,21.9373,21.9373,21.9373,21.9373,0,0,0,0
05/16/2009 03:00,5,16,6,3,0,25,82,0,0,2.07703e+07,21.9373,21.9373,21.9373,21.9373,0,0,0,0
05/16/2009 04:00,5,16,6,4,0,24.4,82,0,0,2.07703e+07,21.9373,21.9373,21.9373,21.9373,0,0,0,0
05/16/2009 05:00,5,16,6,5,0,24.4,82,0,0,2.07703e+07,21.9373,21.9373,21.9373,21.9373,0,0,0,0
05/16/2009 06:00,5,16,6,6,0,24.4,82,0,0,2.23312e+07,21.9373,21.9373,21.9373,21.9373,0,0,0,0
05/16/2009 07:00,5,16,6,7,0,24.4,85,0,7.94878e+06,2.9819e+07,22.1936,22.1936,22.1936,16.8904,0,0.530269,0,4.23468e+07
05/16/2009 08:00,5,16,6,8,0,25.6,79,0,7.25379e+06,3.48531e+07,22.1099,22.1099,22.1099,16.8904,0,0.470328,0,3.69423e+07
05/16/2009 09:00,5,16,6,9,0,26.7,74,0,1.21637e+07,6.68093e+07,22.0568,22.0568,22.0568,16.8904,0,0.831963,0,6.46826e+07
05/16/2009 10:00,5,16,6,10,0,27.8,69,0,1.27676e+07,6.75728e+07,22.0066,22.0066,22.0066,16.8904,0,0.878967,0,6.76733e+07
05/16/2009 11:00,5,16,6,11,0,27.8,67,0,1.2657e+07,6.7435e+07,21.9837,21.9837,21.9837,16.8904,0,0.871051,0,6.67649e+07
05/16/2009 12:00,5,16,6,12,0,27.8,72,0,1.28133e+07,6.76335e+07,21.9629,21.9629,21.9629,16.8904,0,0.88351,0,6.74423e+07
05/16/2009 13:00,5,16,6,13,0,27.2,72,0,1.16816e+07,6.17874e+07,21.9507,21.9507,21.9507,16.8904,0,0.797268,0,6.07133e+07
05/16/2009 14:00,5,16,6,14,0,27.2,74,0,1.26879e+07,6.74769e+07,21.9372,21.9372,21.9372,16.8904,0,0.874335,0,6.64044e+07
05/16/2009 15:00,5,16,6,15,0,27.2,72,0,1.2978e+07,6.78425e+07,21.9355,21.9355,21.9355,16.8904,0,0.896578,0,6.80697e+07
05/16/2009 16:00,5,16,6,16,0,27.8,67,0,1.29516e+07,6.78088e+07,21.934,21.934,21.934,16.8904,0,0.894316,0,6.78785e+07
05/16/2009 17:00,5,16,6,17,0,26.7,74,0,1.24701e+07,6.72026e+07,21.9352,21.9352,21.9352,16.8904,0,0.857806,0,6.51222e+07
05/16/2009 18:00,5,16,6,18,0,26.7,74,0,8.80328e+06,4.2717e+07,21.9366,21.9366,21.9366,16.8904,0,0.583742,0,4.43285e+07
05/16/2009 19:00,5,16,6,19,0,26.1,79,0,0,1.95021e+07,21.9366,21.9366,21.9366,21.9366,0,0,0,0
05/16/2009 20:00,5,16,6,20,0,25.6,82,0,0,2.28739e+07,21.9366,21.9366,21.9366,21.9366,0,0,0,0
05/16/2009 21:00,5,16,6,21,0,25,88,0,0,1.97521e+07,21.9366,21.9366,21.9366,21.9366,0,0,0,0
05/16/2009 22:00,5,16,6,22,0,25,88,0,0,1.97521e+07,21.9366,21.9366,21.9366,21.9366,0,0,0,0
05/16/2009 23:00,5,16,6,23,0,25,85,0,0,1.69425e+07,21.9366,21.9366,21.9366,21.9366,0,0,0,0
05/17/2009 00:00,5,17,0,0,0,25,82,0,0,1.53816e+07,21.9366,21.9366,21.9366,21.9366,0,0,0,0
05/17/2009 01:00,5,17,0,1,0,25,82,0,0,2.07703e+07,21.9366,21.9366,21.9366,21.9366,0,0,0,0
05/17/2009 02:00,5,17,0,2,0,25.6,79,0,0,2.07703e+07,21.9366,21.9366,21.9366,21.9366,0,0,0,0
05/17/2009 03:00,5,17,0,3,0,25.6,79,0,0,2.07703e+07,21.9366,21.9366,21.9366,21.9366,0,0,0,0
05/17/2009 04:00,5,17,0,4,0,25,82,0,0,2.07703e+07,21.9366,21.9366,21.9366,21.9366,0,0,0,0
05/17/2009 05:00,5,17,0,5,0,24.4,85,0,0,2.07703e+07,21.9366,21.9366,21.9366,21.9366,0,0,0,0
05/17/2009 06:00,5,17,0,6,0,24.4,85,0,0,2.23312e+07,21.9366,21.9366,21.9366,21.9366,0,0,0,0
05/17/2009 07:00,5,17,0,7,0,25,85,0,9.25858e+06,3.14532e+07,22.1956,22.1956,22.1956,16.8904,0,0.625605,0,5.00083e+07
05/17/2009 08:00,5,17,0,8,0,26.7,77,0,9.90034e+06,3.81525e+07,22.1359,22.1359,22.1359,16.8904,0,0.662549,0,5.23152e+07
05/17/2009 09:00,5,17,0,9,0,27.8,65,0,1.3813e+07,6.88941e+07,22.0498,22.0498,22.0498,16.8904,0,0.959776,0,7.45381e+07
05/17/2009 10:00,5,17,0,10,0,28.9,65,0,1.35941e+07,6.86167e+07,21.9995,21.9995,21.9995,16.8904,0,0.942788,0,7.24876e+07
05/17/2009 11:00,5,17,0,11,0,30.6,59,0,1.36377e+07,6.86718e+07,21.9862,21.9862,21.9862,16.8904,0,0.946413,0,7.25751e+07
05/17/2009 12:00,5,17,0,12,0,30.6,55,0,1.3599e+07,6.86249e+07,21.9693,21.9693,21.9693,16.8904,0,0.944118,0,7.21604e+07
05/17/2009 13:00,5,17,0,13,0,30,59,0,1.25339e+07,6.28599e+07,21.9505,21.9505,21.9505,16.8904,0,0.862142,0,6.56502e+07
05/17/2009 14:00,5,17,0,14,0,29.4,59,0,1.33037e+07,6.82539e+07,21.933,21.933,21.933,16.8904,0,0.921872,0,6.99562e+07
05/17/2009 15:00,5,17,0,15,0,18.3,87,0,1.15249e+07,6.60149e+07,21.9303,21.9303,21.9303,16.8904,0,0.786491,0,5.96506e+07
05/17/2009 16:00,5,17,0,16,0,18.3,87,0,1.18589e+07,6.64339e+07,21.9332,21.9332,21.9332,16.8904,0,0.811506,0,6.15837e+07
05/17/2009 17:00,5,17,0,17,0,18.9,84,0,1.15277e+07,6.60184e+07,21.9361,21.9361,21.9361,16.8904,0,0.786722,0,5.9737e+07
05/17/2009 18:00,5,17,0,18,0,17.8,90,0,7.92612e+06,4.16255e+07,21.9339,21.9339,21.9339,16.8904,0,0.520682,0,3.95189e+07
05/17/2009 19:00,5,17,0,19,0,17.8,84,0,0,1.95021e+07,21.9306,21.9306,21.9306,21.9306,0,0,0,0
05/17/2009 20:00,5,17,0,20,0,17.8,90,0,0,2.28739e+07,21.9306,21.9306,21.9306,21.9306,0,0,0,0
05/17/2009 21:00,5,17,0,21,0,18.3,87,0,0,1.97521e+07,21.9306,21.9306,21.9306,21.9306,0,0,0,0
05/17/2009 22:00,5,17,0,22,0,18.3,87,0,0,1.97521e+07,21.9306,21.9306,21.9306,21.9306,0,0,0,0
05/17/2009 23:00,5,17,0,23,0,17.8,93,0,0,1.69425e+07,21.9306,21.9306,21.9306,21.9306,0,0,0,0
05/18/2009 00:00,5,18,1,0,0,17.8,90,0,0,1.53816e+07,21.9306,21.9306,21.9306,21.9306,0,0,0,0
05/18/2009 01:00,5,18,1,1,0,17.8,93,0,0,2.07703e+07,21.9306,21.9306,21.9306,21.9306,0,0,0,0
05/18/2009 02:00,5,18,1,2,0,17.8,93,0,0,2.07703e+07,21.9306,21.9306,21.9306,21.9306,0,0,0,0
05/18/2009 03:00,5,18,1,3,0,18.3,90,0,0,2.07703e+07,21.9306,21.9306,21.9306,21.9306,0,0,0,0
05/18/2009 04:00,5,18,1,4,0,17.8,93,0,0,2.07703e+07,21.9306,21.9306,21.9306,21.9306,0,0,0,0
05/18/2009 05:00,5,18,1,5,0,18.3,90,0,0,2.07703e+07,21.9306,21.9306,21.9306,21.9306,0,0,0,0
05/18/2009 06:00,5,18,1,6,0,18.3,87,0,0,2.23312e+07,21.9306,21.9306,21.9306,21.9306,0,0,0,0
05/18/2009 07:00,5,18,1,7,0,18.3,87,0,4.0228e+06,2.49522e+07,22.0573,22.0573,22.0573,16.8904,0,0.253267,0,1.96727e+07
05/18/2009 08:00,5,18,1,8,0,18.3,81,0,4.71297e+06,3.17147e+07,22.039,22.039,22.039,16.8904,0,0.294358,0,2.28066e+07
05/18/2009 09:00,5,18,1,9,0,18.3,78,0,9.60202e+06,6.36014e+07,22.0174,22.0174,22.0174,16.8904,0,0.641619,0,4.9504e+07
05/18/2009 10:00,5,18,1,10,0,18.9,76,0,1.00791e+07,6.41985e+07,21.9959,21.9959,21.9959,16.8904,0,0.677012,0,5.20154e+07
05/18/2009 11:00,5,18,1,11,0,21.7,66,0,1.0578e+07,6.48233e+07,21.981,21.981,21.981,16.8904,0,0.714068,0,5.47025e+07
05/18/2009 12:00,5,18,1,12,0,21.7,66,0,1.04617e+07,6.46788e+07,21.9723,21.9723,21.9723,16.8904,0,0.705896,0,5.39844e+07
05/18/2009 13:00,5,18,1,13,0,23.3,58,0,9.66907e+06,5.92649e+07,21.9633,21.9633,21.9633,16.8904,0,0.647041,0,4.93954e+07
05/18/2009 14:00,5,18,1,14,0,23.3,54,0,1.06228e+07,6.48817e+07,21.9468,21.9468,21.9468,16.8904,0,0.718157,0,5.46463e+07
05/18/2009 15:00,5,18,1,15,0,22.8,55,0,1.11819e+07,6.55818e+07,21.9422,21.9422,21.9422,16.8904,0,0.759386,0,5.77304e+07
05/18/2009 16:00,5,18,1,16,0,22.8,53,0,1.1801e+07,6.63617e+07,21.9394,21.9394,21.9394,16.8904,0,0.806308,0,6.12635e+07
05/18/2009 17:00,5,18,1,17,0,21.7,57,0,1.1733e+07,6.62781e+07,21.9357,21.9357,21.9357,16.8904,0,0.801653,0,6.0866e+07
05/18/2009 18:00,5,18,1,18,0,21.1,61,0,8.20241e+06,4.19727e+07,21.9302,21.9302,21.9302,16.8904,0,0.540703,0,4.10085e+07
05/18/2009 19:00,5,18,1,19,0,20.6,63,0,0,1.95021e+07,21.926,21.926,21.926,21.926,0,0,0,0
05/18/2009 20:00,5,18,1,20,0,18.9,73,0,0,2.28739e+07,21.926,21.926,21.926,21.926,0,0,0,0
05/18/2009 21:00,5,18,1,21,0,17.8,75,0,0,1.97521e+07,21.926,21.926,21.926,21.926,0,0,0,0
05/18/2009 22:00,5,18,1,22,0,16.7,84,0,0,1.97521e+07,21.926,21.926,21.926,21.926,0,0,0,0
05/18/2009 23:00,5,18,1,23,0,16.1,84,0,0,1.69425e+07,21.926,21.926,21.926,21.926,0,0,0,0
05/19/2009 00:00,5,19,2,0,0,15.6,87,0,0,1.53816e+07,21.926,21.926,21.926,21.926,0,0,0,0
05/19/2009 01:00,5,19,2,1,0,15,90,0,0,2.07703e+07,21.926,21.926,21.926,21.926,0,0,0,0
05/19/2009 02:00,5,19,2,2,0,14.4,90,0,0,2.07703e+07,21.926,21.926,21.926,21.926,0,0,0,0
05/19/2009 03:00,5,19,2,3,0,13.9,93,0,0,2.07703e+07,21.926,21.926,21.926,21.926,0,0,0,0
05/19/2009 04:00,5,19,2,4,0,13.9,90,0,0,2.07703e+07,21.926,21.926,21.926,21.926,0,0,0,0
05/19/2009 05:00,5,19,2,5,0,13.3,93,0,0,2.07703e+07,21.926,21.926,21.926,21.926,0,0,0,0
05/19/2009 06:00,5,19,2,6,0,13.3,93,0,0,2.23312e+07,21.926,21.926,21.926,21.926,0,0,0,0
05/19/2009 07:00,5,19,2,7,0,15.6,87,0,3.97001e+06,2.48857e+07,21.9678,21.9678,21.9678,16.8904,0,0.248711,0,1.90031e+07
05/19/2009 08:00,5,19,2,8,0,17.8,78,0,4.84478e+06,3.18935e+07,21.9497,21.9497,21.9497,16.8904,0,0.307743,0,2.34308e+07
05/19/2009 09:00,5,19,2,9,0,20.6,68,0,8.98958e+06,6.28487e+07,21.9487,21.9487,21.9487,16.8904,0,0.599672,0,4.56479e+07
05/19/2009 10:00,5,19,2,10,0,21.7,66,0,9.65624e+06,6.36729e+07,21.959,21.959,21.959,16.8904,0,0.646359,0,4.93019e+07
05/19/2009 11:00,5,19,2,11,0,22.8,62,0,9.95165e+06,6.40401e+07,21.9623,21.9623,21.9623,16.8904,0,0.667697,0,5.09628e+07
05/19/2009 12:00,5,19,2,12,0,24.4,58,0,9.95536e+06,6.40451e+07,21.9622,21.9622,21.9622,16.8904,0,0.668222,0,5.10015e+07
05/19/2009 13:00,5,19,2,13,0,25,50,0,8.94479e+06,5.8361e+07,21.9563,21.9563,21.9563,16.8904,0,0.593986,0,4.52831e+07
05/19/2009 14:00,5,19,2,14,0,25,50,0,1.0069e+07,6.4188e+07,21.943,21.943,21.943,16.8904,0,0.676802,0,5.14609e+07
05/19/2009 15:00,5,19,2,15,0,25.6,42,0,1.08892e+07,6.52146e+07,21.9426,21.9426,21.9426,16.8904,0,0.737126,0,5.60434e+07
05/19/2009 16:00,5,19,2,16,0,26.1,42,0,1.17411e+07,6.62885e+07,21.9394,21.9394,21.9394,16.8904,0,0.802021,0,6.09383e+07
05/19/2009 17:00,5,19,2,17,0,25.6,42,0,1.19475e+07,6.65504e+07,21.9366,21.9366,21.9366,16.8904,0,0.818311,0,6.2142e+07
05/19/2009 18:00,5,19,2,18,0,25,45,0,8.6394e+06,4.25224e+07,21.9286,21.9286,21.9286,16.8904,0,0.573421,0,4.34759e+07
05/19/2009 19:00,5,19,2,19,0,22.8,53,0,0,1.95021e+07,21.9238,21.9238,21.9238,21.9238,0,0,0,0
05/19/2009 20:00,5,19,2,20,0,18.9,73,0,0,2.28739e+07,21.9238,21.9238,21.9238,21.9238,0,0,0,0
05/19/2009 21:00,5,19,2,21,0,17.8,75,0,0,1.97521e+07,21.9238,21.9238,21.9238,21.9238,0,0,0,0
05/19/2009 22:00,5,19,2,22,0,16.7,84,0,0,1.97521e+07,21.9238,21.9238,21.9238,21.9238,0,0,0,0
05/19/2009 23:00,5,19,2,23,0,16.7,78,0,0,1.69425e+07,21.9238,21.9238,21.9238,21.9238,0,0,0,0
05/20/2009 00:00,5,20,3,0,0,15.6,84,0,0,1.53816e+07,21.9238,21.9238,21.9238,21.9238,0,0,0,0
05/20/2009 01:00,5,20,3,1,0,14.4,87,0,0,1.42679e+07,21.9238,21.9238,21.9238,21.9238,0,0,0,0
05/20/2009 02:00,5,20,3,2,0,14.4,87,0,0,1.42679e+07,21.9238,21.9238,21.9238,21.9238,0,0,0,0
05/20/2009 03:00,5,20,3,3,0,13.3,90,0,0,1.42679e+07,21.9238,21.9238,21.9238,21.9238,0,0,0,0
05/20/2009 04:00,5,20,3,4,0,13.9,87,0,0,1.42679e+07,21.9238,21.9238,21.9238,21.9238,0,0,0,0
05/20/2009 05:00,5,20,3,5,0,13.3,90,0,0,1.42679e+07,21.9238,21.9238,21.9238,21.9238,0,0,0,0
05/20/2009 06:00,5,20,3,6,0,13.9,87,0,0,1.20098e+07,21.9238,21.9238,21.9238,21.9238,0,0,0,0
05/20/2009 07:00,5,20,3,7,0,16.7,81,0,0,1.20098e+07,21.9238,21.9238,21.9238,21.9238,0,0,0,0
05/20/2009 08:00,5,20,3,8,0,19.4,68,0,0,1.20098e+07,21.9238,21.9238,21.9238,21.9238,0,0,0,0
05/20/2009 09:00,5,20,3,9,0,22.8,55,0,0,1.20098e+07,21.9238,21.9238,21.9238,21.9238,0,0,0,0
05/20/2009 10:00,5,20,3,10,0,24.4,50,0,0,1.20098e+07,21.9238,21.9238,21.9238,21.9238,0,0,0,0
05/20/2009 11:00,5,20,3,11,0,26.1,44,0,0,1.20098e+07,21.9238,21.9238,21.9238,21.9238,0,0,0,0
05/20/2009 12:00,5,20,3,12,0,25.6,47,0,0,1.20098e+07,21.9238,21.9238,21.9238,21.9238,0,0,0,0
05/20/2009 13:00,5,20,3,13,0,26.7,45,0,0,1.20098e+07,21.9238,21.9238,21.9238,21.9238,0,0,0,0
05/20/2009 14:00,5,20,3,14,0,27.2,39,0,0,1.20098e+07,21.9238,21.9238,21.9238,21.9238,0,0,0,0
05/20/2009 15:00,5,20,3,15,0,27.8,38,0,0,1.20098e+07,21.9238,21.9238,21.9238,21.9238,0,0,0,0
05/20/2009 16:00,5,20,3,16,0,27.8,40,0,0,1.20098e+07,21.9238,21.9238,21.9238,21.9238,0,0,0,0
05/20/2009 17:00,5,20,3,17,0,28.3,41,0,0,1.20098e+07,21.9238,21.9238,21.9238,21.9238,0,0,0,0
05/20/2009 18:00,5,20,3,18,0,27.8,43,0,0,1.20098e+07,21.9238,21.9238,21.9238,21.9238,0,0,0,0
05/20/2009 19:00,5,20,3,19,0,25,58,0,0,1.20098e+07,21.9238,21.9238,21.9238,21.9238,0,0,0,0
05/20/2009 20:00,5,20,3,20,0,22.8,62,0,0,1.53816e+07,21.9238,21.9238,21.9238,21.9238,0,0,0,0
05/20/2009 21:00,5,20,3,21,0,20.6,71,0,0,1.53816e+07,21.9238,21.9238,21.9238,21.9238,0,0,0,0
05/20/2009 22:00,5,20,3,22,0,22.2,57,0,0,1.53816e+07,21.9238,21.9238,21.9238,21.9238,0,0,0,0
05/20/2009 23:00,5,20,3,23,0,21.7,66,0,0,1.53816e+07,21.9238,21.9238,21.9238,21.9238,0,0,0,0
05/21/2009 00:00,5,21,4,0,0,20,73,0,0,1.53816e+07,21.9238,21.9238,21.9238,21.9238,0,0,0,0
05/21/2009 01:00,5,21,4,1,0,18.3,81,0,0,1.42679e+07,21.9238,21.9238,21.9238,21.9238,0,0,0,0
05/21/2009 02:00,5,21,4,2,0,17.2,84,0,0,1.42679e+07,21.9238,21.9238,21.9238,21.9238,0,0,0,0
05/21/2009 03:00,5,21,4,3,0,16.7,87,0,0,1.42679e+07,21.9238,21.9238,21.9238,21.9238,0,0,0,0
05/21/2009 04:00,5,21,4,4,0,16.1,90,0,0,1.42679e+07,21.9238,21.9238,21.9238,21.9238,0,0,0,0
05/21/2009 05:00,5,21,4,5,0,15.6,90,0,0,1.42679e+07,21.9238,21.9238,21.9238,21.9238,0,0,0,0
05/21/2009 06:00,5,21,4,6,0,15.6,87,0,0,1.20098e+07,21.9238,21.9238,21.9238,21.9238,0,0,0,0
05/21/2009 07:00,5,21,4,7,0,17.8,87,0,0,1.20098e+07,21.9238,21.9238,21.9238,21.9238,0,0,0,0
05/21/2009 08:00,5,21,4,8,0,21.7,73,0,0,1.20098e+07,21.9238,21.9238,21.9238,21.9238,0,0,0,0
05/21/2009 09:00,5,21,4,9,0,24.4,62,0,0,1.20098e+07,21.9238,21.9238,21.9238,21.9238,0,0,0,0
05/21/2009 10:00,5,21,4,10,0,26.7,52,0,0,1.20098e+07,21.9238,21.9238,21.9238,21.9238,0,0,0,0
05/21/2009 11:00,5,21,4,11,0,27.2,49,0,0,1.20098e+07,21.9238,21.9238,21.9238,21.9238,0,0,0,0
05/21/2009 12:00,5,21,4,12,0,28.3,48,0,0,1.20098e+07,21.9238,21.9238,21.9238,21.9238,0,0,0,0
05/21/2009 13:00,5,21,4,13,0,29.4,48,0,0,1.20098e+07,21.9238,21.9238,21.9238,21.9238,0,0,0,0
05/21/2009 14:00,5,21,4,14,0,28.9,49,0,0,1.20098e+07,21.9238,21.9238,21.9238,21.9238,0,0,0,0
05/21/2009 15:00,5,21,4,15,0,28.9,49,0,0,1.20098e+07,21.9238,21.9238,21.9238,21.9238,0,0,0,0
05/21/2009 16:00,5,21,4,16,0,29.4,46,0,0,1.20098e+07,21.9238,21.9238,21.9238,21.9238,0,0,0,0
05/21/2009 17:00,5,21,4,17,0,28.3,44,0,0,1.20098e+07,21.9238,21.9238,21.9238,21.9238,0,0,0,0
05/21/2009 18:00,5,21,4,18,0,27.8,46,0,0,1.20098e+07,21.9238,21.9238,21.9238,21.9238,0,0,0,0
05/21/2009 19:00,5,21,4,19,0,26.1,52,0,0,1.20098e+07,21.9238,21.9238,21.9238,21.9238,0,0,0,0
05/21/2009 20:00,5,21,4,20,0,24.4,62,0,0,1.53816e+07,21.9238,21.9238,21.9238,21.9238,0,0,0,0
05/21/2009 21:00,5,21,4,21,0,23.3,69,0,0,1.53816e+07,21.9238,21.9238,21.9238,21.9238,0,0,0,0
05/21/2009 22:00,5,21,4,22,0,22.8,71,0,0,1.53816e+07,21.9238,21.9238,21.9238,21.9238,0,0,0,0
05/21/2009 23:00,5,21,4,23,0,21.7,76,0,0,1.53816e+07,21.9238,21.9238,21.9238,21.9238,0,0,0,0
05/22/2009 00:00,5,22,5,0,0,21.7,79,0,0,1.53816e+07,21.9238,21.9238,21.9238,21.9238,0,0,0,0
05/22/2009 01:00,5,22,5,1,0,21.1,81,0,0,2.07703e+07,21.9238,21.9238,21.9238,21.9238,0,0,0,0
05/22/2009 02:00,5,22,5,2,0,21.1,81,0,0,2.07703e+07,21.9238,21.9238,21.9238,21.9238,0,0,0,0
05/22/2009 03:00,5,22,5,3,0,21.1,81,0,0,2.07703e+07,21.9238,21.9238,21.9238,21.9238,0,0,0,0
05/22/2009 04:00,5,22,5,4,0,21.1,81,0,0,2.07703e+07,21.9238,21.9238,21.9238,21.9238,0,0,0,0
05/22/2009 05:00,5,22,5,5,0,21.1,81,0,0,2.07703e+07,21.9238,21.9238,21.9238,21.9238,0,0,0,0
05/22/2009 06:00,5,22,5,6,0,21.1,81,0,0,2.00731e+07,21.9238,21.9238,21.9238,21.9238,0,0,0,0
05/22/2009 07:00,5,22,5,7,0,22.8,74,0,6.62509e+06,2.81647e+07,22.1046,22.1046,22.1046,16.8904,0,0.432115,0,3.39023e+07
05/22/2009 08:00,5,22,5,8,0,25,64,0,7.40787e+06,3.50616e+07,22.0647,22.0647,22.0647,16.8904,0,0.485533,0,3.78118e+07
05/22/2009 09:00,5,22,5,9,0,26.7,60,0,1.08733e+07,6.51902e+07,22.0209,22.0209,22.0209,16.8904,0,0.73449,0,5.67124e+07
05/22/2009 10:00,5,22,5,10,0,27.8,57,0,1.16111e+07,6.61179e+07,21.9908,21.9908,21.9908,16.8904,0,0.790514,0,6.06755e+07
05/22/2009 11:00,5,22,5,11,0,27.8,59,0,1.17839e+07,6.63354e+07,21.9732,21.9732,21.9732,16.8904,0,0.803845,0,6.1486e+07
05/22/2009 12:00,5,22,5,12,0,28.9,53,0,1.18599e+07,6.64319e+07,21.9586,21.9586,21.9586,16.8904,0,0.810022,0,6.17805e+07
05/22/2009 13:00,5,22,5,13,0,28.9,53,0,1.12705e+07,6.12702e+07,21.9501,21.9501,21.9501,16.8904,0,0.765641,0,5.82971e+07
05/22/2009 14:00,5,22,5,14,0,30,50,0,1.20842e+07,6.67153e+07,21.9358,21.9358,21.9358,16.8904,0,0.827478,0,6.28286e+07
05/22/2009 15:00,5,22,5,15,0,30.6,46,0,1.28535e+07,6.76842e+07,21.9327,21.9327,21.9327,16.8904,0,0.885867,0,6.72193e+07
05/22/2009 16:00,5,22,5,16,0,30,46,0,1.32778e+07,6.82222e+07,21.9306,21.9306,21.9306,16.8904,0,0.91905,0,6.9709e+07
05/22/2009 17:00,5,22,5,17,0,29.4,48,0,1.34676e+07,6.84659e+07,21.9275,21.9275,21.9275,16.8904,0,0.934683,0,7.08508e+07
05/22/2009 18:00,5,22,5,18,0,28.3,51,0,9.98144e+06,4.41959e+07,21.9213,21.9213,21.9213,16.8904,0,0.671114,0,5.08098e+07
05/22/2009 19:00,5,22,5,19,0,26.7,58,0,0,1.95021e+07,21.9171,21.9171,21.9171,21.9171,0,0,0,0
05/22/2009 20:00,5,22,5,20,0,25.6,62,0,0,2.28739e+07,21.9171,21.9171,21.9171,21.9171,0,0,0,0
05/22/2009 21:00,5,22,5,21,0,24.4,69,0,0,1.97521e+07,21.9171,21.9171,21.9171,21.9171,0,0,0,0
05/22/2009 22:00,5,22,5,22,0,23.9,76,0,0,1.97521e+07,21.9171,21.9171,21.9171,21.9171,0,0,0,0
05/22/2009 23:00,5,22,5,23,0,23.9,79,0,0,1.69425e+07,21.9171,21.9171,21.9171,21.9171,0,0,0,0
05/23/2009 00:00,5,23,6,0,0,23.3,82,0,0,1.53816e+07,21.9171,21.9171,21.9171,21.9171,0,0,0,0
05/23/2009 01:00,5,23,6,1,0,23.3,85,0,0,2.07703e+07,21.9171,21.9171,21.9171,21.9171,0,0,0,0
05/23/2009 02:00,5,23,6,2,0,23.3,85,0,0,2.07703e+07,21.9171,21.9171,21.9171,21.9171,0,0,0,0
05/23/2009 03:00,5,23,6,3,0,23.3,87,0,0,2.07703e+07,21.9171,21.9171,21.9171,21.9171,0,0,0,0
05/23/2009 04:00,5,23,6,4,0,23.3,87,0,0,2.07703e+07,21.9171,21.9171,21.9171,21.9171,0,0,0,0
05/23/2009 05:00,5,23,6,5,0,23.3,87,0,0,2.07703e+07,21.9171,21.9171,21.9171,21.9171,0,0,0,0
05/23/2009 06:00,5,23,6,6,0,23.3,90,0,0,2.00731e+07,21.9171,21.9171,21.9171,21.9171,0,0,0,0
05/23/2009 07:00,5,23,6,7,0,25,82,0,8.09886e+06,3.00015e+07,22.1802,22.1802,22.1802,16.8904,0,0.539511,0,4.29641e+07
05/23/2009 08:00,5,23,6,8,0,26.7,74,0,9.16571e+06,3.72329e+07,22.1311,22.1311,22.1311,16.8904,0,0.607898,0,4.79544e+07
05/23/2009 09:00,5,23,6,9,0,28.3,70,0,1.31265e+07,6.80227e+07,22.0556,22.0556,22.0556,16.8904,0,0.905265,0,7.03808e+07
05/23/2009 10:00,5,23,6,10,0,29.4,59,0,1.30892e+07,6.79771e+07,22.0059,22.0059,22.0059,16.8904,0,0.903075,0,6.95209e+07
05/23/2009 11:00,5,23,6,11,0,30.6,53,0,1.32039e+07,6.81238e+07,21.9756,21.9756,21.9756,16.8904,0,0.912573,0,6.98372e+07
05/23/2009 12:00,5,23,6,12,0,31.7,52,0,1.30863e+07,6.79774e+07,21.9546,21.9546,21.9546,16.8904,0,0.904241,0,6.89126e+07
05/23/2009 13:00,5,23,6,13,0,32.8,45,0,1.21726e+07,6.2405e+07,21.9388,21.9388,21.9388,16.8904,0,0.834423,0,6.33931e+07
05/23/2009 14:00,5,23,6,14,0,32.8,47,0,1.33068e+07,6.82579e+07,21.9206,21.9206,21.9206,16.8904,0,0.921917,0,6.97879e+07
05/23/2009 15:00,5,23,6,15,0,32.8,49,0,1.40522e+07,6.91991e+07,21.921,21.921,21.921,16.8904,0,0.979219,0,7.41313e+07
05/23/2009 16:00,5,23,6,16,0,32.2,50,0,1.44679e+07,6.9727e+07,21.9207,21.9207,21.9207,16.8904,0,1.01197,0,7.66058e+07
05/23/2009 17:00,5,23,6,17,0,31.7,54,0,1.45589e+07,6.98425e+07,21.9209,21.9209,21.9209,16.8904,0,1.01921,0,7.71574e+07
05/23/2009 18:00,5,23,6,18,0,31.7,55,0,1.09467e+07,4.53992e+07,21.9187,21.9187,21.9187,16.8904,0,0.741803,0,5.61316e+07
05/23/2009 19:00,5,23,6,19,0,28.9,63,0,0,1.95021e+07,21.9151,21.9151,21.9151,21.9151,0,0,0,0
05/23/2009 20:00,5,23,6,20,0,27.2,72,0,0,2.28739e+07,21.9151,21.9151,21.9151,21.9151,0,0,0,0
05/23/2009 21:00,5,23,6,21,0,26.1,79,0,0,1.97521e+07,21.9151,21.9151,21.9151,21.9151,0,0,0,0
05/23/2009 22:00,5,23,6,22,0,25.6,82,0,0,1.97521e+07,21.9151,21.9151,21.9151,21.9151,0,0,0,0
05/23/2009 23:00,5,23,6,23,0,25.6,85,0,0,1.69425e+07,21.9151,21.9151,21.9151,21.9151,0,0,0,0
05/24/2009 00:00,5,24,0,0,0,25.6,85,0,0,1.53816e+07,21.9151,21.9151,21.9151,21.9151,0,0,0,0
05/24/2009 01:00,5,24,0,1,0,25.6,85,0,0,2.07703e+07,21.9151,21.9151,21.9151,21.9151,0,0,0,0
05/24/2009 02:00,5,24,0,2,0,25.6,85,0,0,2.07703e+07,21.9151,21.9151,21.9151,21.9151,0,0,0,0
05/24/2009 03:00,5,24,0,3,0,25,85,0,0,2.07703e+07,21.9151,21.9151,21.9151,21.9151,0,0,0,0
05/24/2009 04:00,5,24,0,4,0,24.4,91,0,0,2.07703e+07,21.9151,21.9151,21.9151,21.9151,0,0,0,0
05/24/2009 05:00,5,24,0,5,0,24.4,91,0,0,2.07703e+07,21.9151,21.9151,21.9151,21.9151,0,0,0,0
05/24/2009 06:00,5,24,0,6,0,25,88,0,0,2.00731e+07,21.9151,21.9151,21.9151,21.9151,0,0,0,0
05/24/2009 07:00,5,24,0,7,0,26.7,82,0,9.5929e+06,3.18831e+07,22.1962,22.1962,22.1962,16.8904,0,0.653823,0,5.22794e+07
05/24/2009 08:00,5,24,0,8,0,27.2,77,0,8.32879e+06,3.61889e+07,22.1028,22.1028,22.1028,16.8904,0,0.547089,0,4.29132e+07
05/24/2009 09:00,5,24,0,9,0,28.3,72,0,1.3647e+07,6.86788e+07,22.0417,22.0417,22.0417,16.8904,0,0.945509,0,7.32975e+07
05/24/2009 10:00,5,24,0,10,0,29.4,65,0,1.39892e+07,6.91146e+07,22.0014,22.0014,22.0014,16.8904,0,0.973118,0,7.48499e+07
05/24/2009 11:00,5,24,0,11,0,30.6,59,0,1.39357e+07,6.90492e+07,21.9671,21.9671,21.9671,16.8904,0,0.969826,0,7.40932e+07
05/24/2009 12:00,5,24,0,12,0,31.7,55,0,1.37265e+07,6.87865e+07,21.9493,21.9493,21.9493,16.8904,0,0.954175,0,7.26419e+07
05/24/2009 13:00,5,24,0,13,0,32.8,52,0,1.27515e+07,6.31347e+07,21.9363,21.9363,21.9363,16.8904,0,0.878975,0,6.67455e+07
05/24/2009 14:00,5,24,0,14,0,32.2,50,0,1.40192e+07,6.91582e+07,21.9247,21.9247,21.9247,16.8904,0,0.977399,0,7.40479e+07
05/24/2009 15:00,5,24,0,15,0,32.8,49,0,1.48016e+07,7.01482e+07,21.924,21.924,21.924,16.8904,0,1.03819,0,7.86432e+07
05/24/2009 16:00,5,24,0,16,0,32.8,49,0,1.51667e+07,7.06125e+07,21.92,21.92,21.92,16.8904,0,1.06717,0,8.07739e+07
05/24/2009 17:00,5,24,0,17,0,32.2,50,0,1.4765e+07,7.01023e+07,21.9173,21.9173,21.9173,16.8904,0,1.03544,0,7.83292e+07
05/24/2009 18:00,5,24,0,18,0,31.1,57,0,1.12484e+07,4.57777e+07,21.9144,21.9144,21.9144,16.8904,0,0.76454,0,5.78034e+07
05/24/2009 19:00,5,24,0,19,0,29.4,63,0,0,1.95021e+07,21.9108,21.9108,21.9108,21.9108,0,0,0,0
05/24/2009 20:00,5,24,0,20,0,28.3,67,0,0,2.28739e+07,21.9108,21.9108,21.9108,21.9108,0,0,0,0
05/24/2009 21:00,5,24,0,21,0,26.7,77,0,0,1.97521e+07,21.9108,21.9108,21.9108,21.9108,0,0,0,0
05/24/2009 22:00,5,24,0,22,0,22.8,74,0,0,1.97521e+07,21.9108,21.9108,21.9108,21.9108,0,0,0,0
05/24/2009 23:00,5,24,0,23,0,21.7,76,0,0,1.69425e+07,21.9108,21.9108,21.9108,21.9108,0,0,0,0
05/25/2009 00:00,5,25,1,0,0,22.2,76,0,0,1.53816e+07,21.9108,21.9108,21.9108,21.9108,0,0,0,0
05/25/2009 01:00,5,25,1,1,0,22.8,74,0,0,2.07703e+07,21.9108,21.9108,21.9108,21.9108,0,0,0,0
05/25/2009 02:00,5,25,1,2,0,21.7,81,0,0,2.07703e+07,21.9108,21.9108,21.9108,21.9108,0,0,0,0
05/25/2009 03:00,5,25,1,3,0,20.6,87,0,0,2.07703e+07,21.9108,21.9108,21.9108,21.9108,0,0,0,0
05/25/2009 04:00,5,25,1,4,0,20.6,84,0,0,2.07703e+07,21.9108,21.9108,21.9108,21.9108,0,0,0,0
05/25/2009 05:00,5,25,1,5,0,20.6,87,0,0,2.07703e+07,21.9108,21.9108,21.9108,21.9108,0,0,0,0
05/25/2009 06:00,5,25,1,6,0,21.1,84,0,0,2.00731e+07,21.9108,21.9108,21.9108,21.9108,0,0,0,0
05/25/2009 07:00,5,25,1,7,0,21.1,84,0,7.36677e+06,2.91084e+07,22.0933,22.0933,22.0933,16.8904,0,0.492548,0,3.8587e+07
05/25/2009 08:00,5,25,1,8,0,22.8,82,0,7.40501e+06,3.50428e+07,22.029,22.029,22.029,16.8904,0,0.481768,0,3.72542e+07
05/25/2009 09:00,5,25,1,9,0,25,71,0,1.30759e+07,6.79616e+07,21.9946,21.9946,21.9946,16.8904,0,0.902454,0,6.93199e+07
05/25/2009 10:00,5,25,1,10,0,27.8,69,0,1.35234e+07,6.85275e+07,21.9726,21.9726,21.9726,16.8904,0,0.937486,0,7.16997e+07
05/25/2009 11:00,5,25,1,11,0,28.9,67,0,1.35755e+07,6.85949e+07,21.95,21.95,21.95,16.8904,0,0.942092,0,7.17319e+07
05/25/2009 12:00,5,25,1,12,0,30,61,0,1.36213e+07,6.86542e+07,21.9423,21.9423,21.9423,16.8904,0,0.946251,0,7.19381e+07
05/25/2009 13:00,5,25,1,13,0,31.1,57,0,1.28739e+07,6.32892e+07,21.9373,21.9373,21.9373,16.8904,0,0.888457,0,6.74782e+07
05/25/2009 14:00,5,25,1,14,0,25.6,69,0,1.27186e+07,6.7516e+07,21.9251,21.9251,21.9251,16.8904,0,0.876928,0,6.64409e+07
05/25/2009 15:00,5,25,1,15,0,23.3,82,0,1.24569e+07,6.71861e+07,21.9223,21.9223,21.9223,16.8904,0,0.856779,0,6.48785e+07
05/25/2009 16:00,5,25,1,16,0,22.8,90,0,1.24147e+07,6.71335e+07,21.9266,21.9266,21.9266,16.8904,0,0.853856,0,6.47129e+07
05/25/2009 17:00,5,25,1,17,0,23.3,85,0,1.21972e+07,6.68601e+07,21.9268,21.9268,21.9268,16.8904,0,0.837442,0,6.34709e+07
05/25/2009 18:00,5,25,1,18,0,22.8,90,0,9.03531e+06,4.30063e+07,21.9302,21.9302,21.9302,16.8904,0,0.600637,0,4.55538e+07
05/25/2009 19:00,5,25,1,19,0,22.8,87,0,0,1.95021e+07,21.9303,21.9303,21.9303,21.9303,0,0,0,0
05/25/2009 20:00,5,25,1,20,0,22.8,87,0,0,2.28739e+07,21.9303,21.9303,21.9303,21.9303,0,0,0,0
05/25/2009 21:00,5,25,1,21,0,22.2,90,0,0,1.97521e+07,21.9303,21.9303,21.9303,21.9303,0,0,0,0
05/25/2009 22:00,5,25,1,22,0,22.2,87,0,0,1.97521e+07,21.9303,21.9303,21.9303,21.9303,0,0,0,0
05/25/2009 23:00,5,25,1,23,0,22.2,90,0,0,1.69425e+07,21.9303,21.9303,21.9303,21.9303,0,0,0,0
05/26/2009 00:00,5,26,2,0,0,21.7,90,0,0,1.53816e+07,21.9303,21.9303,21.9303,21.9303,0,0,0,0
05/26/2009 01:00,5,26,2,1,0,21.1,93,0,0,2.07703e+07,21.9303,21.9303,21.9303,21.9303,0,0,0,0
05/26/2009 02:00,5,26,2,2,0,20.6,93,0,0,2.07703e+07,21.9303,21.9303,21.9303,21.9303,0,0,0,0
05/26/2009 03:00,5,26,2,3,0,20.6,90,0,0,2.07703e+07,21.9303,21.9303,21.9303,21.9303,0,0,0,0
05/26/2009 04:00,5,26,2,4,0,20,93,0,0,2.07703e+07,21.9303,21.9303,21.9303,21.9303,0,0,0,0
05/26/2009 05:00,5,26,2,5,0,20,93,0,0,2.07703e+07,21.9303,21.9303,21.9303,21.9303,0,0,0,0
05/26/2009 06:00,5,26,2,6,0,20,90,0,0,2.00731e+07,21.9303,21.9303,21.9303,21.9303,0,0,0,0
05/26/2009 07:00,5,26,2,7,0,20.6,90,0,5.9421e+06,2.73263e+07,22.0864,22.0864,22.0864,16.8904,0,0.387253,0,3.02721e+07
05/26/2009 08:00,5,26,2,8,0,21.7,90,0,7.52856e+06,3.51973e+07,22.0567,22.0567,22.0567,16.8904,0,0.490888,0,3.81709e+07
05/26/2009 09:00,5,26,2,9,0,23.9,82,0,1.14983e+07,6.59752e+07,22.0114,22.0114,22.0114,16.8904,0,0.782162,0,6.02824e+07
05/26/2009 10:00,5,26,2,10,0,25,76,0,1.21464e+07,6.67916e+07,21.9806,21.9806,21.9806,16.8904,0,0.831782,0,6.37159e+07
05/26/2009 11:00,5,26,2,11,0,26.1,69,0,1.20694e+07,6.66956e+07,21.9628,21.9628,21.9628,16.8904,0,0.826279,0,6.30728e+07
05/26/2009 12:00,5,26,2,12,0,27.2,65,0,1.22822e+07,6.69647e+07,21.9543,21.9543,21.9543,16.8904,0,0.842993,0,6.42399e+07
05/26/2009 13:00,5,26,2,13,0,27.8,61,0,1.13646e+07,6.13896e+07,21.9417,21.9417,21.9417,16.8904,0,0.7735,0,5.87987e+07
05/26/2009 14:00,5,26,2,14,0,27.2,63,0,1.21791e+07,6.68368e+07,21.9228,21.9228,21.9228,16.8904,0,0.835697,0,6.32883e+07
05/26/2009 15:00,5,26,2,15,0,26.7,65,0,1.23203e+07,6.70148e+07,21.9212,21.9212,21.9212,16.8904,0,0.84656,0,6.4091e+07
05/26/2009 16:00,5,26,2,16,0,26.7,67,0,1.23223e+07,6.7017e+07,21.9238,21.9238,21.9238,16.8904,0,0.846629,0,6.41288e+07
05/26/2009 17:00,5,26,2,17,0,26.1,67,0,1.21447e+07,6.67934e+07,21.9261,21.9261,21.9261,16.8904,0,0.833129,0,6.31355e+07
05/26/2009 18:00,5,26,2,18,0,26.1,69,0,8.78994e+06,4.27002e+07,21.9296,21.9296,21.9296,16.8904,0,0.582598,0,4.41802e+07
05/26/2009 19:00,5,26,2,19,0,25,79,0,0,1.95021e+07,21.9298,21.9298,21.9298,21.9298,0,0,0,0
05/26/2009 20:00,5,26,2,20,0,23.9,82,0,0,2.28739e+07,21.9298,21.9298,21.9298,21.9298,0,0,0,0
05/26/2009 21:00,5,26,2,21,0,23.3,85,0,0,1.97521e+07,21.9298,21.9298,21.9298,21.9298,0,0,0,0
05/26/2009 22:00,5,26,2,22,0,22.8,87,0,0,1.97521e+07,21.9298,21.9298,21.9298,21.9298,0,0,0,0
05/26/2009 23:00,5,26,2,23,0,21.7,90,0,0,1.69425e+07,21.9298,21.9298,21.9298,21.9298,0,0,0,0
05/27/2009 00:00,5,27,3,0,0,22.2,90,0,0,1.53816e+07,21.9298,21.9298,21.9298,21.9298,0,0,0,0
05/27/2009 01:00,5,27,3,1,0,22.2,87,0,0,1.42679e+07,21.9298,21.9298,21.9298,21.9298,0,0,0,0
05/27/2009 02:00,5,27,3,2,0,21.7,90,0,0,1.42679e+07,21.9298,21.9298,21.9298,21.9298,0,0,0,0
05/27/2009 03:00,5,27,3,3,0,21.7,90,0,0,1.42679e+07,21.9298,21.9298,21.9298,21.9298,0,0,0,0
05/27/2009 04:00,5,27,3,4,0,21.7,90,0,0,1.42679e+07,21.9298,21.9298,21.9298,21.9298,0,0,0,0
05/27/2009 05:00,5,27,3,5,0,21.7,90,0,0,1.42679e+07,21.9298,21.9298,21.9298,21.9298,0,0,0,0
05/27/2009 06:00,5,27,3,6,0,21.7,90,0,0,1.20098e+07,21.9298,21.9298,21.9298,21.9298,0,0,0,0
05/27/2009 07:00,5,27,3,7,0,21.7,90,0,0,1.20098e+07,21.9298,21.9298,21.9298,21.9298,0,0,0,0
05/27/2009 08:00,5,27,3,8,0,22.2,90,0,0,1.20098e+07,21.9298,21.9298,21.9298,21.9298,0,0,0,0
05/27/2009 09:00,5,27,3,9,0,22.2,90,0,0,1.20098e+07,21.9298,21.9298,21.9298,21.9298,0,0,0,0
05/27/2009 10:00,5,27,3,10,0,24.4,82,0,0,1.20098e+07,21.9298,21.9298,21.9298,21.9298,0,0,0,0
05/27/2009 11:00,5,27,3,11,0,26.1,79,0,0,1.20098e+07,21.9298,21.9298,21.9298,21.9298,0,0,0,0
05/27/2009 12:00,5,27,3,12,0,24.4,82,0,0,1.20098e+07,21.9298,21.9298,21.9298,21.9298,0,0,0,0
05/27/2009 13:00,5,27,3,13,0,25,85,0,0,1.20098e+07,21.9298,21.9298,21.9298,21.9298,0,0,0,0
05/27/2009 14:00,5,27,3,14,0,24.4,85,0,0,1.20098e+07,21.9298,21.9298,21.9298,21.9298,0,0,0,0
05/27/2009 15:00,5,27,3,15,0,24.4,88,0,0,1.20098e+07,21.9298,21.9298,21.9298,21.9298,0,0,0,0
05/27/2009 16:00,5,27,3,16,0,24.4,85,0,0,1.20098e+07,21.9298,21.9298,21.9298,21.9298,0,0,0,0
05/27/2009 17:00,5,27,3,17,0,25,79,0,0,1.20098e+07,21.9298,21.9298,21.9298,21.9298,0,0,0,0
05/27/2009 18:00,5,27,3,18,0,25,76,0,0,1.20098e+07,21.9298,21.9298,21.9298,21.9298,0,0,0,0
05/27/2009 19:00,5,27,3,19,0,23.9,85,0,0,1.20098e+07,21.9298,21.9298,21.9298,21.9298,0,0,0,0
05/27/2009 20:00,5,27,3,20,0,22.8,84,0,0,1.53816e+07,21.9298,21.9298,21.9298,21.9298,0,0,0,0
05/27/2009 21:00,5,27,3,21,0,22.2,87,0,0,1.53816e+07,21.9298,21.9298,21.9298,21.9298,0,0,0,0
05/27/2009 22:00,5,27,3,22,0,22.2,87,0,0,1.53816e+07,21.9298,21.9298,21.9298,21.9298,0,0,0,0
05/27/2009 23:00,5,27,3,23,0,22.2,87,0,0,1.53816e+07,21.9298,21.9298,21.9298,21.9298,0,0,0,0
05/28/2009 00:00,5,28,4,0,0,21.7,90,0,0,1.53816e+07,21.9298,21.9298,21.9298,21.9298,0,0,0,0
05/28/2009 01:00,5,28,4,1,0,21.1,90,0,0,1.42679e+07,21.9298,21.9298,21.9298,21.9298,0,0,0,0
05/28/2009 02:00,5,28,4,2,0,20.6,90,0,0,1.42679e+07,21.9298,21.9298,21.9298,21.9298,0,0,0,0
05/28/2009 03:00,5,28,4,3,0,20.6,90,0,0,1.42679e+07,21.9298,21.9298,21.9298,21.9298,0,0,0,0
05/28/2009 04:00,5,28,4,4,0,20.6,90,0,0,1.42679e+07,21.9298,21.9298,21.9298,21.9298,0,0,0,0
05/28/2009 05:00,5,28,4,5,0,19.4,93,0,0,1.42679e+07,21.9298,21.9298,21.9298,21.9298,0,0,0,0
05/28/2009 06:00,5,28,4,6,0,20,90,0,0,1.20098e+07,21.9298,21.9298,21.9298,21.9298,0,0,0,0
05/28/2009 07:00,5,28,4,7,0,21.1,84,0,0,1.20098e+07,21.9298,21.9298,21.9298,21.9298,0,0,0,0
05/28/2009 08:00,5,28,4,8,0,22.8,76,0,0,1.20098e+07,21.9298,21.9298,21.9298,21.9298,0,0,0,0
05/28/2009 09:00,5,28,4,9,0,25,64,0,0,1.20098e+07,21.9298,21.9298,21.9298,21.9298,0,0,0,0
05/28/2009 10:00,5,28,4,10,0,26.1,58,0,0,1.20098e+07,21.9298,21.9298,21.9298,21.9298,0,0,0,0
05/28/2009 11:00,5,28,4,11,0,27.2,56,0,0,1.20098e+07,21.9298,21.9298,21.9298,21.9298,0,0,0,0
05/28/2009 12:00,5,28,4,12,0,27.8,57,0,0,1.20098e+07,21.9298,21.9298,21.9298,21.9298,0,0,0,0
05/28/2009 13:00,5,28,4,13,0,28.3,53,0,0,1.20098e+07,21.9298,21.9298,21.9298,21.9298,0,0,0,0
05/28/2009 14:00,5,28,4,14,0,28.3,55,0,0,1.20098e+07,21.9298,21.9298,21.9298,21.9298,0,0,0,0
05/28/2009 15:00,5,28,4,15,0,28.9,53,0,0,1.20098e+07,21.9298,21.9298,21.9298,21.9298,0,0,0,0
05/28/2009 16:00,5,28,4,16,0,28.9,51,0,0,1.20098e+07,21.9298,21.9298,21.9298,21.9298,0,0,0,0
05/28/2009 17:00,5,28,4,17,0,28.3,55,0,0,1.20098e+07,21.9298,21.9298,21.9298,21.9298,0,0,0,0
05/28/2009 18:00,5,28,4,18,0,28.3,57,0,0,1.20098e+07,21.9298,21.9298,21.9298,21.9298,0,0,0,0
05/28/2009 19:00,5,28,4,19,0,27.2,58,0,0,1.20098e+07,21.9298,21.9298,21.9298,21.9298,0,0,0,0
05/28/2009 20:00,5,28,4,20,0,24.4,71,0,0,1.53816e+07,21.9298,21.9298,21.9298,21.9298,0,0,0,0
05/28/2009 21:00,5,28,4,21,0,23.3,74,0,0,1.53816e+07,21.9298,21.9298,21.9298,21.9298,0,0,0,0
05/28/2009 22:00,5,28,4,22,0,22.8,79,0,0,1.53816e+07,21.9298,21.9298,21.9298,21.9298,0,0,0,0
05/28/2009 23:00,5,28,4,23,0,21.7,84,0,0,1.53816e+07,21.9298,21.9298,21.9298,21.9298,0,0,0,0
05/29/2009 00:00,5,29,5,0,0,21.1,84,0,0,1.53816e+07,21.9298,21.9298,21.9298,21.9298,0,0,0,0
05/29/2009 01:00,5,29,5,1,0,21.1,84,0,0,2.07703e+07,21.9298,21.9298,21.9298,21.9298,0,0,0,0
05/29/2009 02:00,5,29,5,2,0,20.6,84,0,0,2.07703e+07,21.9298,21.9298,21.9298,21.9298,0,0,0,0
05/29/2009 03:00,5,29,5,3,0,20,84,0,0,2.07703e+07,21.9298,21.9298,21.9298,21.9298,0,0,0,0
05/29/2009 04:00,5,29,5,4,0,20,81,0,0,2.07703e+07,21.9298,21.9298,21.9298,21.9298,0,0,0,0
05/29/2009 05:00,5,29,5,5,0,19.4,84,0,0,2.07703e+07,21.9298,21.9298,21.9298,21.9298,0,0,0,0
05/29/2009 06:00,5,29,5,6,0,18.9,87,0,0,2.00731e+07,21.9298,21.9298,21.9298,21.9298,0,0,0,0
05/29/2009 07:00,5,29,5,7,0,21.7,79,0,6.77507e+06,2.83504e+07,22.17,22.17,22.17,16.8904,0,0.442894,0,3.51836e+07
05/29/2009 08:00,5,29,5,8,0,23.9,74,0,8.14372e+06,3.59737e+07,22.1244,22.1244,22.1244,16.8904,0,0.537644,0,4.23562e+07
05/29/2009 09:00,5,29,5,9,0,27.2,60,0,1.24392e+07,6.71648e+07,22.0624,22.0624,22.0624,16.8904,0,0.854687,0,6.65255e+07
05/29/2009 10:00,5,29,5,10,0,28.3,57,0,1.26983e+07,6.74891e+07,22.0192,22.0192,22.0192,16.8904,0,0.874129,0,6.74699e+07
05/29/2009 11:00,5,29,5,11,0,29.4,57,0,1.23548e+07,6.70528e+07,21.9983,21.9983,21.9983,16.8904,0,0.847112,0,6.5116e+07
05/29/2009 12:00,5,29,5,12,0,30.6,55,0,1.24881e+07,6.72224e+07,21.9728,21.9728,21.9728,16.8904,0,0.857992,0,6.56234e+07
05/29/2009 13:00,5,29,5,13,0,30.6,52,0,1.14001e+07,6.14328e+07,21.9573,21.9573,21.9573,16.8904,0,0.775551,0,5.91358e+07
05/29/2009 14:00,5,29,5,14,0,31.1,52,0,1.27083e+07,6.75017e+07,21.9378,21.9378,21.9378,16.8904,0,0.875376,0,6.64911e+07
05/29/2009 15:00,5,29,5,15,0,31.1,48,0,1.3425e+07,6.8405e+07,21.9309,21.9309,21.9309,16.8904,0,0.930033,0,7.05456e+07
05/29/2009 16:00,5,29,5,16,0,31.7,48,0,1.42409e+07,6.94405e+07,21.9258,21.9258,21.9258,16.8904,0,0.994127,0,7.53308e+07
05/29/2009 17:00,5,29,5,17,0,31.1,52,0,1.41625e+07,6.93406e+07,21.9212,21.9212,21.9212,16.8904,0,0.987969,0,7.47964e+07
05/29/2009 18:00,5,29,5,18,0,30.6,52,0,9.87598e+06,4.40565e+07,21.917,21.917,21.917,16.8904,0,0.661863,0,5.00662e+07
05/29/2009 19:00,5,29,5,19,0,29.4,59,0,0,1.95021e+07,21.9134,21.9134,21.9134,21.9134,0,0,0,0
05/29/2009 20:00,5,29,5,20,0,28.3,67,0,0,2.28739e+07,21.9134,21.9134,21.9134,21.9134,0,0,0,0
05/29/2009 21:00,5,29,5,21,0,27.8,69,0,0,1.97521e+07,21.9134,21.9134,21.9134,21.9134,0,0,0,0
05/29/2009 22:00,5,29,5,22,0,26.7,72,0,0,1.97521e+07,21.9134,21.9134,21.9134,21.9134,0,0,0,0
05/29/2009 23:00,5,29,5,23,0,26.1,77,0,0,1.69425e+07,21.9134,21.9134,21.9134,21.9134,0,0,0,0
05/30/2009 00:00,5,30,6,0,0,23.3,87,0,0,1.53816e+07,21.9134,21.9134,21.9134,21.9134,0,0,0,0
05/30/2009 01:00,5,30,6,1,0,22.8,90,0,0,2.07703e+07,21.9134,21.9134,21.9134,21.9134,0,0,0,0
05/30/2009 02:00,5,30,6,2,0,22.8,90,0,0,2.07703e+07,21.9134,21.9134,21.9134,21.9134,0,0,0,0
05/30/2009 03:00,5,30,6,3,0,22.8,90,0,0,2.07703e+07,21.9134,21.9134,21.9134,21.9134,0,0,0,0
05/30/2009 04:00,5,30,6,4,0,22.8,90,0,0,2.07703e+07,21.9134,21.9134,21.9134,21.9134,0,0,0,0
05/30/2009 05:00,5,30,6,5,0,22.8,90,0,0,2.07703e+07,21.9134,21.9134,21.9134,21.9134,0,0,0,0
05/30/2009 06:00,5,30,6,6,0,22.8,90,0,0,2.00731e+07,21.9134,21.9134,21.9134,21.9134,0,0,0,0
05/30/2009 07:00,5,30,6,7,0,23.3,90,0,7.50087e+06,2.92692e+07,22.065,22.065,22.065,16.8904,0,0.500226,0,3.89683e+07
05/30/2009 08:00,5,30,6,8,0,25,88,0,8.56349e+06,3.64851e+07,22.0284,22.0284,22.0284,16.8904,0,0.565309,0,4.37176e+07
05/30/2009 09:00,5,30,6,9,0,26.7,82,0,1.23237e+07,6.70139e+07,21.9865,21.9865,21.9865,16.8904,0,0.844944,0,6.48035e+07
05/30/2009 10:00,5,30,6,10,0,28.3,74,0,1.29776e+07,6.78394e+07,21.9615,21.9615,21.9615,16.8904,0,0.895504,0,6.83396e+07
05/30/2009 11:00,5,30,6,11,0,28.9,70,0,1.2999e+07,6.78672e+07,21.9542,21.9542,21.9542,16.8904,0,0.897533,0,6.83952e+07
05/30/2009 12:00,5,30,6,12,0,28.9,70,0,1.36141e+07,6.8645e+07,21.9459,21.9459,21.9459,16.8904,0,0.945504,0,7.19335e+07
05/30/2009 13:00,5,30,6,13,0,29.4,63,0,1.19729e+07,6.2154e+07,21.9339,21.9339,21.9339,16.8904,0,0.81941,0,6.21915e+07
05/30/2009 14:00,5,30,6,14,0,30.6,59,0,1.30451e+07,6.79275e+07,21.9207,21.9207,21.9207,16.8904,0,0.901804,0,6.82662e+07
05/30/2009 15:00,5,30,6,15,0,26.1,79,0,1.28535e+07,6.76856e+07,21.9211,21.9211,21.9211,16.8904,0,0.886989,0,6.71503e+07
05/30/2009 16:00,5,30,6,16,0,23.3,94,0,1.27684e+07,6.75775e+07,21.9248,21.9248,21.9248,16.8904,0,0.88002,0,6.6671e+07
05/30/2009 17:00,5,30,6,17,0,23.3,94,0,1.21118e+07,6.67521e+07,21.9286,21.9286,21.9286,16.8904,0,0.830724,0,6.29848e+07
05/30/2009 18:00,5,30,6,18,0,23.3,94,0,8.65228e+06,4.2529e+07,21.9282,21.9282,21.9282,16.8904,0,0.572866,0,4.34308e+07
05/30/2009 19:00,5,30,6,19,0,23.3,94,0,0,1.95021e+07,21.9252,21.9252,21.9252,21.9252,0,0,0,0
05/30/2009 20:00,5,30,6,20,0,23.3,90,0,0,2.28739e+07,21.9252,21.9252,21.9252,21.9252,0,0,0,0
05/30/2009 21:00,5,30,6,21,0,23.3,94,0,0,1.97521e+07,21.9252,21.9252,21.9252,21.9252,0,0,0,0
05/30/2009 22:00,5,30,6,22,0,23.3,90,0,0,1.97521e+07,21.9252,21.9252,21.9252,21.9252,0,0,0,0
05/30/2009 23:00,5,30,6,23,0,23.3,90,0,0,1.69425e+07,21.9252,21.9252,21.9252,21.9252,0,0,0,0
05/31/2009 00:00,5,31,0,0,0,22.8,94,0,0,1.53816e+07,21.9252,21.9252,21.9252,21.9252,0,0,0,0
05/31/2009 01:00,5,31,0,1,0,23.3,94,0,0,2.07703e+07,21.9252,21.9252,21.9252,21.9252,0,0,0,0
05/31/2009 02:00,5,31,0,2,0,23.3,90,0,0,2.07703e+07,21.9252,21.9252,21.9252,21.9252,0,0,0,0
05/31/2009 03:00,5,31,0,3,0,23.3,90,0,0,2.07703e+07,21.9252,21.9252,21.9252,21.9252,0,0,0,0
05/31/2009 04:00,5,31,0,4,0,22.8,94,0,0,2.07703e+07,21.9252,21.9252,21.9252,21.9252,0,0,0,0
05/31/2009 05:00,5,31,0,5,0,22.8,94,0,0,2.07703e+07,21.9252,21.9252,21.9252,21.9252,0,0,0,0
05/31/2009 06:00,5,31,0,6,0,22.8,94,0,0,2.00731e+07,21.9252,21.9252,21.9252,21.9252,0,0,0,0
05/31/2009 07:00,5,31,0,7,0,23.3,90,0,7.54881e+06,2.93219e+07,22.1713,22.1713,22.1713,16.8904,0,0.501707,0,3.98844e+07
05/31/2009 08:00,5,31,0,8,0,23.3,90,0,6.92523e+06,3.44459e+07,22.0997,22.0997,22.0997,16.8904,0,0.447213,0,3.50583e+07
05/31/2009 09:00,5,31,0,9,0,24.4,88,0,1.21976e+07,6.6852e+07,22.052,22.052,22.052,16.8904,0,0.834545,0,6.48237e+07
05/31/2009 10:00,5,31,0,10,0,26.7,82,0,1.25425e+07,6.72892e+07,22.0042,22.0042,22.0042,16.8904,0,0.861745,0,6.6317e+07
05/31/2009 11:00,5,31,0,11,0,27.8,74,0,1.29305e+07,6.77798e+07,21.9816,21.9816,21.9816,16.8904,0,0.892034,0,6.83455e+07
05/31/2009 12:00,5,31,0,12,0,27.2,79,0,1.3006e+07,6.78766e+07,21.9596,21.9596,21.9596,16.8904,0,0.898348,0,6.85306e+07
05/31/2009 13:00,5,31,0,13,0,28.3,72,0,1.22498e+07,6.25024e+07,21.9477,21.9477,21.9477,16.8904,0,0.840477,0,6.39651e+07
05/31/2009 14:00,5,31,0,14,0,28.3,65,0,1.24109e+07,6.71283e+07,21.9331,21.9331,21.9331,16.8904,0,0.853316,0,6.47546e+07
05/31/2009 15:00,5,31,0,15,0,28.3,67,0,1.30396e+07,6.79209e+07,21.928,21.928,21.928,16.8904,0,0.901548,0,6.83467e+07
05/31/2009 16:00,5,31,0,16,0,27.8,69,0,1.25032e+07,6.72448e+07,21.9288,21.9288,21.9288,16.8904,0,0.860508,0,6.52449e+07
05/31/2009 17:00,5,31,0,17,0,27.2,74,0,1.26104e+07,6.73797e+07,21.9292,21.9292,21.9292,16.8904,0,0.868643,0,6.58665e+07
05/31/2009 18:00,5,31,0,18,0,27.8,69,0,9.27637e+06,4.3307e+07,21.9314,21.9314,21.9314,16.8904,0,0.618102,0,4.68894e+07
05/31/2009 19:00,5,31,0,19,0,27.2,69,0,0,1.95021e+07,21.9315,21.9315,21.9315,21.9315,0,0,0,0
05/31/2009 20:00,5,31,0,20,0,26.1,74,0,0,2.28739e+07,21.9315,21.9315,21.9315,21.9315,0,0,0,0
05/31/2009 21:00,5,31,0,21,0,25.6,79,0,0,1.97521e+07,21.9315,21.9315,21.9315,21.9315,0,0,0,0
05/31/2009 22:00,5,31,0,22,0,24.9,82,0,0,1.97521e+07,21.9315,21.9315,21.9315,21.9315,0,0,0,0
05/31/2009 23:00,5,31,0,23,0,24.2,87,0,0,1.69425e+07,21.9315,21.9315,21.9315,21.9315,0,0,0,0
06/01/2009 00:00,6,1,1,0,0,23.5,87,0,0,1.53816e+07,21.9315,21.9315,21.9315,21.9315,0,0,0,0
06/01/2009 01:00,6,1,1,1,0,22.7,90,0,0,2.07703e+07,21.9315,21.9315,21.9315,21.9315,0,0,0,0
06/01/2009 02:00,6,1,1,2,0,22,93,0,0,2.07703e+07,21.9315,21.9315,21.9315,21.9315,0,0,0,0
06/01/2009 03:00,6,1,1,3,0,21.3,97,0,0,2.07703e+07,21.9315,21.9315,21.9315,21.9315,0,0,0,0
06/01/2009 04:00,6,1,1,4,0,20.6,96,0,0,2.07703e+07,21.9315,21.9315,21.9315,21.9315,0,0,0,0
06/01/2009 05:00,6,1,1,5,0,21.1,97,0,0,2.07703e+07,21.9315,21.9315,21.9315,21.9315,0,0,0,0
06/01/2009 06:00,6,1,1,6,0,22.8,90,0,0,2.00731e+07,21.9315,21.9315,21.9315,21.9315,0,0,0,0
06/01/2009 07:00,6,1,1,7,0,25,88,0,9.55004e+06,3.18252e+07,22.0809,22.0809,22.0809,16.8904,0,0.649802,0,5.0827e+07
06/01/2009 08:00,6,1,1,8,0,27.8,74,0,1.08435e+07,3.9338e+07,22.0369,22.0369,22.0369,16.8904,0,0.734194,0,5.68725e+07
06/01/2009 09:00,6,1,1,9,0,28.9,65,0,1.44252e+07,6.96722e+07,21.9898,21.9898,21.9898,16.8904,0,1.00892,0,7.74252e+07
06/01/2009 10:00,6,1,1,10,0,29.4,63,0,1.46665e+07,6.9976e+07,21.959,21.959,21.959,16.8904,0,1.02761,0,7.83841e+07
06/01/2009 11:00,6,1,1,11,0,30.6,57,0,1.45366e+07,6.98121e+07,21.9383,21.9383,21.9383,16.8904,0,1.0178,0,7.73166e+07
06/01/2009 12:00,6,1,1,12,0,31.7,54,0,1.43756e+07,6.96097e+07,21.9281,21.9281,21.9281,16.8904,0,1.0058,0,7.62503e+07
06/01/2009 13:00,6,1,1,13,0,32.2,54,0,1.36269e+07,6.42406e+07,21.9218,21.9218,21.9218,16.8904,0,0.947237,0,7.17219e+07
06/01/2009 14:00,6,1,1,14,0,31.7,57,0,1.46809e+07,6.99982e+07,21.9072,21.9072,21.9072,16.8904,0,1.03032,0,7.77859e+07
06/01/2009 15:00,6,1,1,15,0,31.1,59,0,1.55219e+07,7.10626e+07,21.9111,21.9111,21.9111,16.8904,0,1.09578,0,8.27922e+07
06/01/2009 16:00,6,1,1,16,0,30.6,63,0,1.56665e+07,7.12462e+07,21.9137,21.9137,21.9137,16.8904,0,1.10733,0,8.37082e+07
06/01/2009 17:00,6,1,1,17,0,29.4,65,0,1.60066e+07,7.16792e+07,21.9148,21.9148,21.9148,16.8904,0,1.13424,0,8.57618e+07
06/01/2009 18:00,6,1,1,18,0,29.4,65,0,1.28321e+07,4.77709e+07,21.9099,21.9099,21.9099,16.8904,0,0.885247,0,6.68689e+07
06/01/2009 19:00,6,1,1,19,0,27.8,67,0,0,1.95021e+07,21.9055,21.9055,21.9055,21.9055,0,0,0,0
06/01/2009 20:00,6,1,1,20,0,26.1,72,0,0,2.28739e+07,21.9055,21.9055,21.9055,21.9055,0,0,0,0
06/01/2009 21:00,6,1,1,21,0,25.6,74,0,0,1.97521e+07,21.9055,21.9055,21.9055,21.9055,0,0,0,0
06/01/2009 22:00,6,1,1,22,0,24.4,82,0,0,1.97521e+07,21.9055,21.9055,21.9055,21.9055,0,0,0,0
06/01/2009 23:00,6,1,1,23,0,23.3,94,0,0,1.69425e+07,21.9055,21.9055,21.9055,21.9055,0,0,0,0
06/02/2009 00:00,6,2,2,0,0,23.3,94,0,0,1.53816e+07,21.9055,21.9055,21.9055,21.9055,0,0,0,0
06/02/2009 01:00,6,2,2,1,0,21.7,96,0,0,2.07703e+07,21.9055,21.9055,21.9055,21.9055,0,0,0,0
06/02/2009 02:00,6,2,2,2,0,21.7,96,0,0,2.07703e+07,21.9055,21.9055,21.9055,21.9055,0,0,0,0
06/02/2009 03:00,6,2,2,3,0,21.1,100,0,0,2.07703e+07,21.9055,21.9055,21.9055,21.9055,0,0,0,0
06/02/2009 04:00,6,2,2,4,0,21.1,97,0,0,2.07703e+07,21.9055,21.9055,21.9055,21.9055,0,0,0,0
06/02/2009 05:00,6,2,2,5,0,20.6,96,0,0,2.07703e+07,21.9055,21.9055,21.9055,21.9055,0,0,0,0
06/02/2009 06:00,6,2,2,6,0,20.6,96,0,0,2.00731e+07,21.9055,21.9055,21.9055,21.9055,0,0,0,0
06/02/2009 07:00,6,2,2,7,0,23.3,94,0,9.87547e+06,3.22365e+07,22.0047,22.0047,22.0047,16.8904,0,0.675314,0,5.20751e+07
06/02/2009 08:00,6,2,2,8,0,26.1,82,0,1.24912e+07,4.14134e+07,21.9598,21.9598,21.9598,16.8904,0,0.860462,0,6.56495e+07
06/02/2009 09:00,6,2,2,9,0,28.3,70,0,1.50414e+07,7.04559e+07,21.9211,21.9211,21.9211,16.8904,0,1.05853,0,8.01392e+07
06/02/2009 10:00,6,2,2,10,0,29.4,61,0,1.54119e+07,7.09254e+07,21.9115,21.9115,21.9115,16.8904,0,1.08786,0,8.22e+07
06/02/2009 11:00,6,2,2,11,0,30.6,53,0,1.53723e+07,7.0874e+07,21.91,21.91,21.91,16.8904,0,1.08456,0,8.19254e+07
06/02/2009 12:00,6,2,2,12,0,30.6,55,0,1.52227e+07,7.06849e+07,21.909,21.909,21.909,16.8904,0,1.07311,0,8.10458e+07
06/02/2009 13:00,6,2,2,13,0,32.2,49,0,1.46778e+07,6.55713e+07,21.9103,21.9103,21.9103,16.8904,0,1.02975,0,7.77905e+07
06/02/2009 14:00,6,2,2,14,0,31.1,57,0,1.56972e+07,7.12886e+07,21.899,21.899,21.899,16.8904,0,1.11117,0,8.37532e+07
06/02/2009 15:00,6,2,2,15,0,33.3,52,0,1.6238e+07,7.19758e+07,21.8981,21.8981,21.8981,16.8904,0,1.15422,0,8.6982e+07
06/02/2009 16:00,6,2,2,16,0,32.8,52,0,1.617e+07,7.18884e+07,21.9009,21.9009,21.9009,16.8904,0,1.14848,0,8.65972e+07
06/02/2009 17:00,6,2,2,17,0,30.6,61,0,1.58297e+07,7.14554e+07,21.9031,21.9031,21.9031,16.8904,0,1.12122,0,8.45804e+07
06/02/2009 18:00,6,2,2,18,0,30,67,0,1.23129e+07,4.71147e+07,21.903,21.903,21.903,16.8904,0,0.845657,0,6.37906e+07
06/02/2009 19:00,6,2,2,19,0,28.3,74,0,0,1.95021e+07,21.9003,21.9003,21.9003,21.9003,0,0,0,0
06/02/2009 20:00,6,2,2,20,0,27.8,79,0,0,2.28739e+07,21.9003,21.9003,21.9003,21.9003,0,0,0,0
06/02/2009 21:00,6,2,2,21,0,27.2,79,0,0,1.97521e+07,21.9003,21.9003,21.9003,21.9003,0,0,0,0
06/02/2009 22:00,6,2,2,22,0,27.2,82,0,0,1.97521e+07,21.9003,21.9003,21.9003,21.9003,0,0,0,0
06/02/2009 23:00,6,2,2,23,0,26.7,85,0,0,1.69425e+07,21.9003,21.9003,21.9003,21.9003,0,0,0,0
06/03/2009 00:00,6,3,3,0,0,26.7,85,0,0,1.53816e+07,21.9003,21.9003,21.9003,21.9003,0,0,0,0
06/03/2009 01:00,6,3,3,1,0,26.1,88,0,0,1.42679e+07,21.9003,21.9003,21.9003,21.9003,0,0,0,0
06/03/2009 02:00,6,3,3,2,0,26.1,88,0,0,1.42679e+07,21.9003,21.9003,21.9003,21.9003,0,0,0,0
06/03/2009 03:00,6,3,3,3,0,25.6,90,0,0,1.42679e+07,21.9003,21.9003,21.9003,21.9003,0,0,0,0
06/03/2009 04:00,6,3,3,4,0,24.4,97,0,0,1.42679e+07,21.9003,21.9003,21.9003,21.9003,0,0,0,0
06/03/2009 05:00,6,3,3,5,0,24.4,94,0,0,1.42679e+07,21.9003,21.9003,21.9003,21.9003,0,0,0,0
06/03/2009 06:00,6,3,3,6,0,24.4,94,0,0,1.20098e+07,21.9003,21.9003,21.9003,21.9003,0,0,0,0
06/03/2009 07:00,6,3,3,7,0,26.7,85,0,0,1.20098e+07,21.9003,21.9003,21.9003,21.9003,0,0,0,0
06/03/2009 08:00,6,3,3,8,0,27,79,0,0,1.20098e+07,21.9003,21.9003,21.9003,21.9003,0,0,0,0
06/03/2009 09:00,6,3,3,9,0,28.9,70,0,0,1.20098e+07,21.9003,21.9003,21.9003,21.9003,0,0,0,0
06/03/2009 10:00,6,3,3,10,0,28.3,70,0,0,1.20098e+07,21.9003,21.9003,21.9003,21.9003,0,0,0,0
06/03/2009 11:00,6,3,3,11,0,30.6,61,0,0,1.20098e+07,21.9003,21.9003,21.9003,21.9003,0,0,0,0
06/03/2009 12:00,6,3,3,12,0,32.2,54,0,0,1.20098e+07,21.9003,21.9003,21.9003,21.9003,0,0,0,0
06/03/2009 13:00,6,3,3,13,0,31.1,57,0,0,1.20098e+07,21.9003,21.9003,21.9003,21.9003,0,0,0,0
06/03/2009 14:00,6,3,3,14,0,32.8,47,0,0,1.20098e+07,21.9003,21.9003,21.9003,21.9003,0,0,0,0
06/03/2009 15:00,6,3,3,15,0,30,66,0,0,1.20098e+07,21.9003,21.9003,21.9003,21.9003,0,0,0,0
06/03/2009 16:00,6,3,3,16,0,28.9,72,0,0,1.20098e+07,21.9003,21.9003,21.9003,21.9003,0,0,0,0
06/03/2009 17:00,6,3,3,17,0,30,70,0,0,1.20098e+07,21.9003,21.9003,21.9003,21.9003,0,0,0,0
06/03/2009 18:00,6,3,3,18,0,26.7,85,0,0,1.20098e+07,21.9003,21.9003,21.9003,21.9003,0,0,0,0
06/03/2009 19:00,6,3,3,19,0,28.3,77,0,0,1.20098e+07,21.9003,21.9003,21.9003,21.9003,0,0,0,0
06/03/2009 20:00,6,3,3,20,0,26.7,82,0,0,1.53816e+07,21.9003,21.9003,21.9003,21.9003,0,0,0,0
06/03/2009 21:00,6,3,3,21,0,26.7,79,0,0,1.53816e+07,21.9003,21.9003,21.9003,21.9003,0,0,0,0
06/03/2009 22:00,6,3,3,22,0,25.6,85,0,0,1.53816e+07,21.9003,21.9003,21.9003,21.9003,0,0,0,0
06/03/2009 23:00,6,3,3,23,0,25.6,85,0,0,1.53816e+07,21.9003,21.9003,21.9003,21.9003,0,0,0,0
06/04/2009 00:00,6,4,4,0,0,25,88,0,0,1.53816e+07,21.9003,21.9003,21.9003,21.9003,0,0,0,0
06/04/2009 01:00,6,4,4,1,0,24.4,91,0,0,1.42679e+07,21.9003,21.9003,21.9003,21.9003,0,0,0,0
06/04/2009 02:00,6,4,4,2,0,23.3,97,0,0,1.42679e+07,21.9003,21.9003,21.9003,21.9003,0,0,0,0
06/04/2009 03:00,6,4,4,3,0,23.9,94,0,0,1.42679e+07,21.9003,21.9003,21.9003,21.9003,0,0,0,0
06/04/2009 04:00,6,4,4,4,0,24.4,94,0,0,1.42679e+07,21.9003,21.9003,21.9003,21.9003,0,0,0,0
06/04/2009 05:00,6,4,4,5,0,25,90,0,0,1.42679e+07,21.9003,21.9003,21.9003,21.9003,0,0,0,0
06/04/2009 06:00,6,4,4,6,0,25,88,0,0,1.20098e+07,21.9003,21.9003,21.9003,21.9003,0,0,0,0
06/04/2009 07:00,6,4,4,7,0,25.6,87,0,0,1.20098e+07,21.9003,21.9003,21.9003,21.9003,0,0,0,0
06/04/2009 08:00,6,4,4,8,0,26.7,85,0,0,1.20098e+07,21.9003,21.9003,21.9003,21.9003,0,0,0,0
06/04/2009 09:00,6,4,4,9,0,27.2,82,0,0,1.20098e+07,21.9003,21.9003,21.9003,21.9003,0,0,0,0
06/04/2009 10:00,6,4,4,10,0,27,84,0,0,1.20098e+07,21.9003,21.9003,21.9003,21.9003,0,0,0,0
06/04/2009 11:00,6,4,4,11,0,27.2,74,0,0,1.20098e+07,21.9003,21.9003,21.9003,21.9003,0,0,0,0
06/04/2009 12:00,6,4,4,12,0,27.2,82,0,0,1.20098e+07,21.9003,21.9003,21.9003,21.9003,0,0,0,0
06/04/2009 13:00,6,4,4,13,0,28,74,0,0,1.20098e+07,21.9003,21.9003,21.9003,21.9003,0,0,0,0
06/04/2009 14:00,6,4,4,14,0,28.9,70,0,0,1.20098e+07,21.9003,21.9003,21.9003,21.9003,0,0,0,0
06/04/2009 15:00,6,4,4,15,0,29.4,72,0,0,1.20098e+07,21.9003,21.9003,21.9003,21.9003,0,0,0,0
06/04/2009 16:00,6,4,4,16,0,29.4,72,0,0,1.20098e+07,21.9003,21.9003,21.9003,21.9003,0,0,0,0
06/04/2009 17:00,6,4,4,17,0,26.7,90,0,0,1.20098e+07,21.9003,21.9003,21.9003,21.9003,0,0,0,0
06/04/2009 18:00,6,4,4,18,0,27.2,79,0,0,1.20098e+07,21.9003,21.9003,21.9003,21.9003,0,0,0,0
06/04/2009 19:00,6,4,4,19,0,26.1,90,0,0,1.20098e+07,21.9003,21.9003,21.9003,21.9003,0,0,0,0
06/04/2009 20:00,6,4,4,20,0,26.7,79,0,0,1.53816e+07,21.9003,21.9003,21.9003,21.9003,0,0,0,0
06/04/2009 21:00,6,4,4,21,0,26.1,77,0,0,1.53816e+07,21.9003,21.9003,21.9003,21.9003,0,0,0,0
06/04/2009 22:00,6,4,4,22,0,26.1,79,0,0,1.53816e+07,21.9003,21.9003,21.9003,21.9003,0,0,0,0
06/04/2009 23:00,6,4,4,23,0,25.6,85,0,0,1.53816e+07,21.9003,21.9003,21.9003,21.9003,0,0,0,0
06/05/2009 00:00,6,5,5,0,0,25.6,85,0,0,1.53816e+07,21.9003,21.9003,21.9003,21.9003,0,0,0,0
06/05/2009 01:00,6,5,5,1,0,25,90,0,0,2.07703e+07,21.9003,21.9003,21.9003,21.9003,0,0,0,0
06/05/2009 02:00,6,5,5,2,0,23.3,97,0,0,2.07703e+07,21.9003,21.9003,21.9003,21.9003,0,0,0,0
06/05/2009 03:00,6,5,5,3,0,23.3,94,0,0,2.07703e+07,21.9003,21.9003,21.9003,21.9003,0,0,0,0
06/05/2009 04:00,6,5,5,4,0,22.8,94,0,0,2.07703e+07,21.9003,21.9003,21.9003,21.9003,0,0,0,0
06/05/2009 05:00,6,5,5,5,0,21.7,96,0,0,2.07703e+07,21.9003,21.9003,21.9003,21.9003,0,0,0,0
06/05/2009 06:00,6,5,5,6,0,21.7,96,0,0,2.00731e+07,21.9003,21.9003,21.9003,21.9003,0,0,0,0
06/05/2009 07:00,6,5,5,7,0,22.8,94,0,1.40018e+07,3.73966e+07,22.2741,22.2741,22.2741,16.8904,0,0.980032,0,7.99198e+07
06/05/2009 08:00,6,5,5,8,0,24.4,85,0,1.79087e+07,4.82751e+07,22.202,22.202,22.202,16.8904,0,1.28597,0,1.02867e+08
06/05/2009 09:00,6,5,5,9,0,25,84,0,1.87272e+07,7.51429e+07,22.0572,22.0572,22.0572,16.8904,0,1.35385,0,1.05323e+08
06/05/2009 10:00,6,5,5,10,0,25,84,0,1.64325e+07,7.22181e+07,21.979,21.979,21.979,16.8904,0,1.16865,0,8.94915e+07
06/05/2009 11:00,6,5,5,11,0,24.4,88,0,1.61891e+07,7.19114e+07,21.9451,21.9451,21.9451,16.8904,0,1.15004,0,8.74802e+07
06/05/2009 12:00,6,5,5,12,0,25,84,0,1.57735e+07,7.13845e+07,21.9294,21.9294,21.9294,16.8904,0,1.11728,0,8.47246e+07
06/05/2009 13:00,6,5,5,13,0,26.7,74,0,1.49289e+07,6.58897e+07,21.9214,21.9214,21.9214,16.8904,0,1.04986,0,7.94855e+07
06/05/2009 14:00,6,5,5,14,0,26.7,74,0,1.52475e+07,7.07183e+07,21.9068,21.9068,21.9068,16.8904,0,1.07594,0,8.1223e+07
06/05/2009 15:00,6,5,5,15,0,26.7,76,0,1.54904e+07,7.10268e+07,21.9032,21.9032,21.9032,16.8904,0,1.09521,0,8.2618e+07
06/05/2009 16:00,6,5,5,16,0,26.7,76,0,1.5335e+07,7.08293e+07,21.9046,21.9046,21.9046,16.8904,0,1.08284,0,8.17084e+07
06/05/2009 17:00,6,5,5,17,0,26.7,79,0,1.51904e+07,7.06456e+07,21.9065,21.9065,21.9065,16.8904,0,1.07132,0,8.08704e+07
06/05/2009 18:00,6,5,5,18,0,26.7,76,0,1.17946e+07,4.64634e+07,21.9068,21.9068,21.9068,16.8904,0,0.806707,0,6.08991e+07
06/05/2009 19:00,6,5,5,19,0,26.1,79,0,0,1.95021e+07,21.9068,21.9068,21.9068,21.9068,0,0,0,0
06/05/2009 20:00,6,5,5,20,0,23.9,94,0,0,2.28739e+07,21.9068,21.9068,21.9068,21.9068,0,0,0,0
06/05/2009 21:00,6,5,5,21,0,23.3,91,0,0,1.97521e+07,21.9068,21.9068,21.9068,21.9068,0,0,0,0
06/05/2009 22:00,6,5,5,22,0,21.7,96,0,0,1.97521e+07,21.9068,21.9068,21.9068,21.9068,0,0,0,0
06/05/2009 23:00,6,5,5,23,0,22.2,91,0,0,1.69425e+07,21.9068,21.9068,21.9068,21.9068,0,0,0,0
06/06/2009 00:00,6,6,6,0,0,21.1,97,0,0,1.53816e+07,21.9068,21.9068,21.9068,21.9068,0,0,0,0
06/06/2009 01:00,6,6,6,1,0,20.6,96,0,0,2.07703e+07,21.9068,21.9068,21.9068,21.9068,0,0,0,0
06/06/2009 02:00,6,6,6,2,0,20,100,0,0,2.07703e+07,21.9068,21.9068,21.9068,21.9068,0,0,0,0
06/06/2009 03:00,6,6,6,3,0,20,100,0,0,2.07703e+07,21.9068,21.9068,21.9068,21.9068,0,0,0,0
06/06/2009 04:00,6,6,6,4,0,20,100,0,0,2.07703e+07,21.9068,21.9068,21.9068,21.9068,0,0,0,0
06/06/2009 05:00,6,6,6,5,0,20,100,0,0,2.07703e+07,21.9068,21.9068,21.9068,21.9068,0,0,0,0
06/06/2009 06:00,6,6,6,6,0,20.6,93,0,0,2.00731e+07,21.9068,21.9068,21.9068,21.9068,0,0,0,0
06/06/2009 07:00,6,6,6,7,0,21.7,90,0,8.29253e+06,3.02675e+07,22.0121,22.0121,22.0121,16.8904,0,0.561932,0,4.33775e+07
06/06/2009 08:00,6,6,6,8,0,23.3,79,0,1.10455e+07,3.95909e+07,21.983,21.983,21.983,16.8904,0,0.749677,0,5.74649e+07
06/06/2009 09:00,6,6,6,9,0,25,69,0,1.46148e+07,6.99147e+07,21.9439,21.9439,21.9439,16.8904,0,1.02489,0,7.79454e+07
06/06/2009 10:00,6,6,6,10,0,25.6,67,0,1.46948e+07,7.00162e+07,21.9273,21.9273,21.9273,16.8904,0,1.03132,0,7.81732e+07
06/06/2009 11:00,6,6,6,11,0,26.1,67,0,1.44688e+07,6.97282e+07,21.9212,21.9212,21.9212,16.8904,0,1.0133,0,7.67145e+07
06/06/2009 12:00,6,6,6,12,0,27.2,62,0,1.44229e+07,6.96713e+07,21.917,21.917,21.917,16.8904,0,1.01023,0,7.64176e+07
06/06/2009 13:00,6,6,6,13,0,28.3,59,0,1.35524e+07,6.41476e+07,21.9129,21.9129,21.9129,16.8904,0,0.941974,0,7.11971e+07
06/06/2009 14:00,6,6,6,14,0,27.8,58,0,1.45449e+07,6.98269e+07,21.902,21.902,21.902,16.8904,0,1.02013,0,7.69361e+07
06/06/2009 15:00,6,6,6,15,0,29.4,55,0,1.54895e+07,7.10221e+07,21.9037,21.9037,21.9037,16.8904,0,1.0935,0,8.24974e+07
06/06/2009 16:00,6,6,6,16,0,29.4,50,0,1.6012e+07,7.16876e+07,21.9047,21.9047,21.9047,16.8904,0,1.13514,0,8.56566e+07
06/06/2009 17:00,6,6,6,17,0,28.9,51,0,1.61485e+07,7.1863e+07,21.9049,21.9049,21.9049,16.8904,0,1.14647,0,8.65144e+07
06/06/2009 18:00,6,6,6,18,0,27.8,55,0,1.27585e+07,4.76793e+07,21.8991,21.8991,21.8991,16.8904,0,0.879994,0,6.63296e+07
06/06/2009 19:00,6,6,6,19,0,26.1,60,0,0,1.95021e+07,21.895,21.895,21.895,21.895,0,0,0,0
06/06/2009 20:00,6,6,6,20,0,23.3,71,0,0,2.28739e+07,21.895,21.895,21.895,21.895,0,0,0,0
06/06/2009 21:00,6,6,6,21,0,21.7,76,0,0,1.97521e+07,21.895,21.895,21.895,21.895,0,0,0,0
06/06/2009 22:00,6,6,6,22,0,20.6,81,0,0,1.97521e+07,21.895,21.895,21.895,21.895,0,0,0,0
06/06/2009 23:00,6,6,6,23,0,20,78,0,0,1.69425e+07,21.895,21.895,21.895,21.895,0,0,0,0
06/07/2009 00:00,6,7,0,0,0,19.4,79,0,0,1.53816e+07,21.895,21.895,21.895,21.895,0,0,0,0
06/07/2009 01:00,6,7,0,1,0,18.3,84,0,0,2.07703e+07,21.895,21.895,21.895,21.895,0,0,0,0
06/07/2009 02:00,6,7,0,2,0,17.2,90,0,0,2.07703e+07,21.895,21.895,21.895,21.895,0,0,0,0
06/07/2009 03:00,6,7,0,3,0,17.2,87,0,0,2.07703e+07,21.895,21.895,21.895,21.895,0,0,0,0
06/07/2009 04:00,6,7,0,4,0,16.7,90,0,0,2.07703e+07,21.895,21.895,21.895,21.895,0,0,0,0
06/07/2009 05:00,6,7,0,5,0,16.1,93,0,0,2.07703e+07,21.895,21.895,21.895,21.895,0,0,0,0
06/07/2009 06:00,6,7,0,6,0,16.7,86,0,0,2.00731e+07,21.895,21.895,21.895,21.895,0,0,0,0
06/07/2009 07:00,6,7,0,7,0,18.3,81,0,7.45005e+06,2.92136e+07,21.979,21.979,21.979,16.8904,0,0.499412,0,3.82907e+07
06/07/2009 08:00,6,7,0,8,0,20.6,70,0,1.02839e+07,3.86404e+07,21.9509,21.9509,21.9509,16.8904,0,0.693816,0,5.28439e+07
06/07/2009 09:00,6,7,0,9,0,23.3,62,0,1.37674e+07,6.88438e+07,21.9296,21.9296,21.9296,16.8904,0,0.958897,0,7.27172e+07
06/07/2009 10:00,6,7,0,10,0,25.6,58,0,1.43139e+07,6.95335e+07,21.9229,21.9229,21.9229,16.8904,0,1.00124,0,7.5827e+07
06/07/2009 11:00,6,7,0,11,0,26.1,50,0,1.40777e+07,6.92329e+07,21.9172,21.9172,21.9172,16.8904,0,0.982507,0,7.43238e+07
06/07/2009 12:00,6,7,0,12,0,27.2,44,0,1.38718e+07,6.89735e+07,21.915,21.915,21.915,16.8904,0,0.966903,0,7.31122e+07
06/07/2009 13:00,6,7,0,13,0,28.3,43,0,1.29419e+07,6.33766e+07,21.91,21.91,21.91,16.8904,0,0.894605,0,6.75779e+07
06/07/2009 14:00,6,7,0,14,0,28.9,43,0,1.40636e+07,6.9217e+07,21.9008,21.9008,21.9008,16.8904,0,0.982154,0,7.40543e+07
06/07/2009 15:00,6,7,0,15,0,29.4,48,0,1.5077e+07,7.04985e+07,21.9019,21.9019,21.9019,16.8904,0,1.06058,0,7.99867e+07
06/07/2009 16:00,6,7,0,16,0,29.4,50,0,1.57692e+07,7.13791e+07,21.9032,21.9032,21.9032,16.8904,0,1.11571,0,8.41649e+07
06/07/2009 17:00,6,7,0,17,0,28.3,57,0,1.54138e+07,7.09261e+07,21.9042,21.9042,21.9042,16.8904,0,1.08738,0,8.20448e+07
06/07/2009 18:00,6,7,0,18,0,27.8,58,0,1.24554e+07,4.72969e+07,21.8997,21.8997,21.8997,16.8904,0,0.856643,0,6.45776e+07
06/07/2009 19:00,6,7,0,19,0,26.1,67,0,0,1.95021e+07,21.8959,21.8959,21.8959,21.8959,0,0,0,0
06/07/2009 20:00,6,7,0,20,0,24.4,74,0,0,2.28739e+07,21.8959,21.8959,21.8959,21.8959,0,0,0,0
06/07/2009 21:00,6,7,0,21,0,24.4,76,0,0,1.97521e+07,21.8959,21.8959,21.8959,21.8959,0,0,0,0
06/07/2009 22:00,6,7,0,22,0,23.3,85,0,0,1.97521e+07,21.8959,21.8959,21.8959,21.8959,0,0,0,0
06/07/2009 23:00,6,7,0,23,0,23.3,87,0,0,1.69425e+07,21.8959,21.8959,21.8959,21.8959,0,0,0,0
06/08/2009 00:00,6,8,1,0,0,22.2,93,0,0,1.53816e+07,21.8959,21.8959,21.8959,21.8959,0,0,0,0
06/08/2009 01:00,6,8,1,1,0,21.1,97,0,0,2.07703e+07,21.8959,21.8959,21.8959,21.8959,0,0,0,0
06/08/2009 02:00,6,8,1,2,0,21.1,97,0,0,2.07703e+07,21.8959,21.8959,21.8959,21.8959,0,0,0,0
06/08/2009 03:00,6,8,1,3,0,20.6,100,0,0,2.07703e+07,21.8959,21.8959,21.8959,21.8959,0,0,0,0
06/08/2009 04:00,6,8,1,4,0,20.6,96,0,0,2.07703e+07,21.8959,21.8959,21.8959,21.8959,0,0,0,0
06/08/2009 05:00,6,8,1,5,0,20,100,0,0,2.07703e+07,21.8959,21.8959,21.8959,21.8959,0,0,0,0
06/08/2009 06:00,6,8,1,6,0,20.6,96,0,0,2.00731e+07,21.8959,21.8959,21.8959,21.8959,0,0,0,0
06/08/2009 07:00,6,8,1,7,0,21.7,87,0,9.89902e+06,3.22644e+07,22.069,22.069,22.069,16.8904,0,0.67656,0,5.28512e+07
06/08/2009 08:00,6,8,1,8,0,22.8,79,0,1.18685e+07,4.06229e+07,22.028,22.028,22.028,16.8904,0,0.810976,0,6.27152e+07
06/08/2009 09:00,6,8,1,9,0,25,74,0,1.48716e+07,7.0234e+07,21.9711,21.9711,21.9711,16.8904,0,1.0433,0,7.97775e+07
06/08/2009 10:00,6,8,1,10,0,26,70,0,1.50493e+07,7.04625e+07,21.9425,21.9425,21.9425,16.8904,0,1.05827,0,8.04584e+07
06/08/2009 11:00,6,8,1,11,0,27.2,65,0,1.49517e+07,7.03382e+07,21.931,21.931,21.931,16.8904,0,1.05061,0,7.9694e+07
06/08/2009 12:00,6,8,1,12,0,29.4,59,0,1.49132e+07,7.02909e+07,21.9223,21.9223,21.9223,16.8904,0,1.04819,0,7.93731e+07
06/08/2009 13:00,6,8,1,13,0,28.9,57,0,1.37994e+07,6.44583e+07,21.919,21.919,21.919,16.8904,0,0.960629,0,7.26951e+07
06/08/2009 14:00,6,8,1,14,0,28.9,53,0,1.42233e+07,6.94185e+07,21.9091,21.9091,21.9091,16.8904,0,0.994501,0,7.51094e+07
06/08/2009 15:00,6,8,1,15,0,28.3,55,0,1.45529e+07,6.98354e+07,21.9127,21.9127,21.9127,16.8904,0,1.02023,0,7.71081e+07
06/08/2009 16:00,6,8,1,16,0,27.8,58,0,1.44397e+07,6.96922e+07,21.9149,21.9149,21.9149,16.8904,0,1.01141,0,7.64747e+07
06/08/2009 17:00,6,8,1,17,0,27.8,65,0,1.41776e+07,6.93609e+07,21.9146,21.9146,21.9146,16.8904,0,0.991075,0,7.49329e+07
06/08/2009 18:00,6,8,1,18,0,27.2,74,0,1.06015e+07,4.49654e+07,21.9166,21.9166,21.9166,16.8904,0,0.716798,0,5.42169e+07
06/08/2009 19:00,6,8,1,19,0,26.7,79,0,0,1.95021e+07,21.9167,21.9167,21.9167,21.9167,0,0,0,0
06/08/2009 20:00,6,8,1,20,0,26.1,85,0,0,2.28739e+07,21.9167,21.9167,21.9167,21.9167,0,0,0,0
06/08/2009 21:00,6,8,1,21,0,26.1,85,0,0,1.97521e+07,21.9167,21.9167,21.9167,21.9167,0,0,0,0
06/08/2009 22:00,6,8,1,22,0,25.6,87,0,0,1.97521e+07,21.9167,21.9167,21.9167,21.9167,0,0,0,0
06/08/2009 23:00,6,8,1,23,0,25,94,0,0,1.69425e+07,21.9167,21.9167,21.9167,21.9167,0,0,0,0
06/09/2009 00:00,6,9,2,0,0,24.4,97,0,0,1.53816e+07,21.9167,21.9167,21.9167,21.9167,0,0,0,0
06/09/2009 01:00,6,9,2,1,0,23.9,96,0,0,2.07703e+07,21.9167,21.9167,21.9167,21.9167,0,0,0,0
06/09/2009 02:00,6,9,2,2,0,24,100,0,0,2.07703e+07,21.9167,21.9167,21.9167,21.9167,0,0,0,0
06/09/2009 03:00,6,9,2,3,0,24.4,97,0,0,2.07703e+07,21.9167,21.9167,21.9167,21.9167,0,0,0,0
06/09/2009 04:00,6,9,2,4,0,24.4,97,0,0,2.07703e+07,21.9167,21.9167,21.9167,21.9167,0,0,0,0
06/09/2009 05:00,6,9,2,5,0,24.4,97,0,0,2.07703e+07,21.9167,21.9167,21.9167,21.9167,0,0,0,0
06/09/2009 06:00,6,9,2,6,0,23.9,94,0,0,2.00731e+07,21.9167,21.9167,21.9167,21.9167,0,0,0,0
06/09/2009 07:00,6,9,2,7,0,24.4,91,0,1.21321e+07,3.50495e+07,22.1931,22.1931,22.1931,16.8904,0,0.839086,0,6.71863e+07
06/09/2009 08:00,6,9,2,8,0,26.7,87,0,1.37608e+07,4.30058e+07,22.1313,22.1313,22.1313,16.8904,0,0.955385,0,7.53832e+07
06/09/2009 09:00,6,9,2,9,0,27.8,82,0,1.5662e+07,7.1233e+07,22.032,22.032,22.032,16.8904,0,1.1049,0,8.55155e+07
06/09/2009 10:00,6,9,2,10,0,28.3,70,0,1.58616e+07,7.14909e+07,21.9753,21.9753,21.9753,16.8904,0,1.12202,0,8.58595e+07
06/09/2009 11:00,6,9,2,11,0,25,89,0,1.39685e+07,6.90938e+07,21.9489,21.9489,21.9489,16.8904,0,0.973955,0,7.41408e+07
06/09/2009 12:00,6,9,2,12,0,26.7,87,0,1.45787e+07,6.98662e+07,21.9446,21.9446,21.9446,16.8904,0,1.02173,0,7.77123e+07
06/09/2009 13:00,6,9,2,13,0,27.2,85,0,1.3137e+07,6.36213e+07,21.938,21.938,21.938,16.8904,0,0.909324,0,6.90718e+07
06/09/2009 14:00,6,9,2,14,0,27.2,85,0,1.44473e+07,6.97013e+07,21.9246,21.9246,21.9246,16.8904,0,1.01181,0,7.66536e+07
06/09/2009 15:00,6,9,2,15,0,28.3,77,0,1.48359e+07,7.01934e+07,21.9242,21.9242,21.9242,16.8904,0,1.04229,0,7.8956e+07
06/09/2009 16:00,6,9,2,16,0,27.8,79,0,1.44408e+07,6.96931e+07,21.9252,21.9252,21.9252,16.8904,0,1.01139,0,7.66306e+07
06/09/2009 17:00,6,9,2,17,0,27.8,79,0,1.4109e+07,6.92737e+07,21.9258,21.9258,21.9258,16.8904,0,0.98561,0,7.46857e+07
06/09/2009 18:00,6,9,2,18,0,23.9,94,0,1.03755e+07,4.46821e+07,21.9281,21.9281,21.9281,16.8904,0,0.69996,0,5.30643e+07
06/09/2009 19:00,6,9,2,19,0,24.4,91,0,0,1.95021e+07,21.9282,21.9282,21.9282,21.9282,0,0,0,0
06/09/2009 20:00,6,9,2,20,0,22.2,97,0,0,2.28739e+07,21.9282,21.9282,21.9282,21.9282,0,0,0,0
06/09/2009 21:00,6,9,2,21,0,23,94,0,0,1.97521e+07,21.9282,21.9282,21.9282,21.9282,0,0,0,0
06/09/2009 22:00,6,9,2,22,0,22.8,94,0,0,1.97521e+07,21.9282,21.9282,21.9282,21.9282,0,0,0,0
06/09/2009 23:00,6,9,2,23,0,22.8,94,0,0,1.69425e+07,21.9282,21.9282,21.9282,21.9282,0,0,0,0
06/10/2009 00:00,6,10,3,0,0,22.8,96,0,0,1.53816e+07,21.9282,21.9282,21.9282,21.9282,0,0,0,0
06/10/2009 01:00,6,10,3,1,0,23.3,97,0,0,1.42679e+07,21.9282,21.9282,21.9282,21.9282,0,0,0,0
06/10/2009 02:00,6,10,3,2,0,23.3,97,0,0,1.42679e+07,21.9282,21.9282,21.9282,21.9282,0,0,0,0
06/10/2009 03:00,6,10,3,3,0,23.3,97,0,0,1.42679e+07,21.9282,21.9282,21.9282,21.9282,0,0,0,0
06/10/2009 04:00,6,10,3,4,0,23.9,96,0,0,1.42679e+07,21.9282,21.9282,21.9282,21.9282,0,0,0,0
06/10/2009 05:00,6,10,3,5,0,23,94,0,0,1.42679e+07,21.9282,21.9282,21.9282,21.9282,0,0,0,0
06/10/2009 06:00,6,10,3,6,0,23.3,94,0,0,1.20098e+07,21.9282,21.9282,21.9282,21.9282,0,0,0,0
06/10/2009 07:00,6,10,3,7,0,24.4,97,0,0,1.20098e+07,21.9282,21.9282,21.9282,21.9282,0,0,0,0
06/10/2009 08:00,6,10,3,8,0,26.1,90,0,0,1.20098e+07,21.9282,21.9282,21.9282,21.9282,0,0,0,0
06/10/2009 09:00,6,10,3,9,0,27.8,82,0,0,1.20098e+07,21.9282,21.9282,21.9282,21.9282,0,0,0,0
06/10/2009 10:00,6,10,3,10,0,28.3,79,0,0,1.20098e+07,21.9282,21.9282,21.9282,21.9282,0,0,0,0
06/10/2009 11:00,6,10,3,11,0,29,74,0,0,1.20098e+07,21.9282,21.9282,21.9282,21.9282,0,0,0,0
06/10/2009 12:00,6,10,3,12,0,29.4,72,0,0,1.20098e+07,21.9282,21.9282,21.9282,21.9282,0,0,0,0
06/10/2009 13:00,6,10,3,13,0,29.4,72,0,0,1.20098e+07,21.9282,21.9282,21.9282,21.9282,0,0,0,0
06/10/2009 14:00,6,10,3,14,0,30.6,65,0,0,1.20098e+07,21.9282,21.9282,21.9282,21.9282,0,0,0,0
06/10/2009 15:00,6,10,3,15,0,29.4,68,0,0,1.20098e+07,21.9282,21.9282,21.9282,21.9282,0,0,0,0
06/10/2009 16:00,6,10,3,16,0,29.4,70,0,0,1.20098e+07,21.9282,21.9282,21.9282,21.9282,0,0,0,0
06/10/2009 17:00,6,10,3,17,0,28.9,67,0,0,1.20098e+07,21.9282,21.9282,21.9282,21.9282,0,0,0,0
06/10/2009 18:00,6,10,3,18,0,28.3,79,0,0,1.20098e+07,21.9282,21.9282,21.9282,21.9282,0,0,0,0
06/10/2009 19:00,6,10,3,19,0,27.2,82,0,0,1.20098e+07,21.9282,21.9282,21.9282,21.9282,0,0,0,0
06/10/2009 20:00,6,10,3,20,0,26.7,87,0,0,1.53816e+07,21.9282,21.9282,21.9282,21.9282,0,0,0,0
06/10/2009 21:00,6,10,3,21,0,26.1,88,0,0,1.53816e+07,21.9282,21.9282,21.9282,21.9282,0,0,0,0
06/10/2009 22:00,6,10,3,22,0,26.1,88,0,0,1.53816e+07,21.9282,21.9282,21.9282,21.9282,0,0,0,0
06/10/2009 23:00,6,10,3,23,0,25.6,90,0,0,1.53816e+07,21.9282,21.9282,21.9282,21.9282,0,0,0,0
06/11/2009 00:00,6,11,4,0,0,25,94,0,0,1.53816e+07,21.9282,21.9282,21.9282,21.9282,0,0,0,0
06/11/2009 01:00,6,11,4,1,0,24.4,97,0,0,1.42679e+07,21.9282,21.9282,21.9282,21.9282,0,0,0,0
06/11/2009 02:00,6,11,4,2,0,25,94,0,0,1.42679e+07,21.9282,21.9282,21.9282,21.9282,0,0,0,0
06/11/2009 03:00,6,11,4,3,0,25,96,0,0,1.42679e+07,21.9282,21.9282,21.9282,21.9282,0,0,0,0
06/11/2009 04:00,6,11,4,4,0,24.4,97,0,0,1.42679e+07,21.9282,21.9282,21.9282,21.9282,0,0,0,0
06/11/2009 05:00,6,11,4,5,0,24.4,97,0,0,1.42679e+07,21.9282,21.9282,21.9282,21.9282,0,0,0,0
06/11/2009 06:00,6,11,4,6,0,24.4,94,0,0,1.20098e+07,21.9282,21.9282,21.9282,21.9282,0,0,0,0
06/11/2009 07:00,6,11,4,7,0,25.6,90,0,0,1.20098e+07,21.9282,21.9282,21.9282,21.9282,0,0,0,0
06/11/2009 08:00,6,11,4,8,0,28.3,77,0,0,1.20098e+07,21.9282,21.9282,21.9282,21.9282,0,0,0,0
06/11/2009 09:00,6,11,4,9,0,30,65,0,0,1.20098e+07,21.9282,21.9282,21.9282,21.9282,0,0,0,0
06/11/2009 10:00,6,11,4,10,0,29.4,68,0,0,1.20098e+07,21.9282,21.9282,21.9282,21.9282,0,0,0,0
06/11/2009 11:00,6,11,4,11,0,28,74,0,0,1.20098e+07,21.9282,21.9282,21.9282,21.9282,0,0,0,0
06/11/2009 12:00,6,11,4,12,0,27.8,79,0,0,1.20098e+07,21.9282,21.9282,21.9282,21.9282,0,0,0,0
06/11/2009 13:00,6,11,4,13,0,23.3,97,0,0,1.20098e+07,21.9282,21.9282,21.9282,21.9282,0,0,0,0
06/11/2009 14:00,6,11,4,14,0,28.3,79,0,0,1.20098e+07,21.9282,21.9282,21.9282,21.9282,0,0,0,0
06/11/2009 15:00,6,11,4,15,0,28.9,74,0,0,1.20098e+07,21.9282,21.9282,21.9282,21.9282,0,0,0,0
06/11/2009 16:00,6,11,4,16,0,28.3,77,0,0,1.20098e+07,21.9282,21.9282,21.9282,21.9282,0,0,0,0
06/11/2009 17:00,6,11,4,17,0,28.3,77,0,0,1.20098e+07,21.9282,21.9282,21.9282,21.9282,0,0,0,0
06/11/2009 18:00,6,11,4,18,0,27.8,79,0,0,1.20098e+07,21.9282,21.9282,21.9282,21.9282,0,0,0,0
06/11/2009 19:00,6,11,4,19,0,27.8,77,0,0,1.20098e+07,21.9282,21.9282,21.9282,21.9282,0,0,0,0
06/11/2009 20:00,6,11,4,20,0,26.7,82,0,0,1.53816e+07,21.9282,21.9282,21.9282,21.9282,0,0,0,0
06/11/2009 21:00,6,11,4,21,0,25.6,87,0,0,1.53816e+07,21.9282,21.9282,21.9282,21.9282,0,0,0,0
06/11/2009 22:00,6,11,4,22,0,25,90,0,0,1.53816e+07,21.9282,21.9282,21.9282,21.9282,0,0,0,0
06/11/2009 23:00,6,11,4,23,0,24.4,94,0,0,1.53816e+07,21.9282,21.9282,21.9282,21.9282,0,0,0,0
06/12/2009 00:00,6,12,5,0,0,23.9,96,0,0,1.53816e+07,21.9282,21.9282,21.9282,21.9282,0,0,0,0
06/12/2009 01:00,6,12,5,1,0,22.8,100,0,0,2.07703e+07,21.9282,21.9282,21.9282,21.9282,0,0,0,0
06/12/2009 02:00,6,12,5,2,0,22.8,100,0,0,2.07703e+07,21.9282,21.9282,21.9282,21.9282,0,0,0,0
06/12/2009 03:00,6,12,5,3,0,22.8,96,0,0,2.07703e+07,21.9282,21.9282,21.9282,21.9282,0,0,0,0
06/12/2009 04:00,6,12,5,4,0,22.8,96,0,0,2.07703e+07,21.9282,21.9282,21.9282,21.9282,0,0,0,0
06/12/2009 05:00,6,12,5,5,0,23.3,97,0,0,2.07703e+07,21.9282,21.9282,21.9282,21.9282,0,0,0,0
06/12/2009 06:00,6,12,5,6,0,23.3,97,0,0,2.00731e+07,21.9282,21.9282,21.9282,21.9282,0,0,0,0
06/12/2009 07:00,6,12,5,7,0,25,94,0,1.54673e+07,3.92534e+07,22.3272,22.3272,22.3272,16.8904,0,1.09496,0,9.02197e+07
06/12/2009 08:00,6,12,5,8,0,27.2,82,0,1.73748e+07,4.75969e+07,22.2367,22.2367,22.2367,16.8904,0,1.24317,0,1.00094e+08
06/12/2009 09:00,6,12,5,9,0,28.3,74,0,1.84776e+07,7.48247e+07,22.092,22.092,22.092,16.8904,0,1.33322,0,1.04389e+08
06/12/2009 10:00,6,12,5,10,0,29.4,68,0,1.75285e+07,7.36158e+07,21.9986,21.9986,21.9986,16.8904,0,1.25694,0,9.66419e+07
06/12/2009 11:00,6,12,5,11,0,30.6,65,0,1.68273e+07,7.27229e+07,21.947,21.947,21.947,16.8904,0,1.20073,0,9.13739e+07
06/12/2009 12:00,6,12,5,12,0,31.1,59,0,1.63117e+07,7.20686e+07,21.9248,21.9248,21.9248,16.8904,0,1.16006,0,8.78874e+07
06/12/2009 13:00,6,12,5,13,0,31.7,56,0,1.55989e+07,6.674e+07,21.9189,21.9189,21.9189,16.8904,0,1.10284,0,8.34545e+07
06/12/2009 14:00,6,12,5,14,0,31.7,57,0,1.6365e+07,7.21384e+07,21.9039,21.9039,21.9039,16.8904,0,1.16489,0,8.78877e+07
06/12/2009 15:00,6,12,5,15,0,31.1,61,0,1.68826e+07,7.27946e+07,21.9029,21.9029,21.9029,16.8904,0,1.2053,0,9.0918e+07
06/12/2009 16:00,6,12,5,16,0,31.1,59,0,1.74034e+07,7.346e+07,21.9027,21.9027,21.9027,16.8904,0,1.24745,0,9.40931e+07
06/12/2009 17:00,6,12,5,17,0,31.1,59,0,1.65223e+07,7.23361e+07,21.9028,21.9028,21.9028,16.8904,0,1.1766,0,8.87519e+07
06/12/2009 18:00,6,12,5,18,0,30,63,0,1.39824e+07,4.92237e+07,21.8992,21.8992,21.8992,16.8904,0,0.974494,0,7.34543e+07
06/12/2009 19:00,6,12,5,19,0,28.3,67,0,0,1.95021e+07,21.8955,21.8955,21.8955,21.8955,0,0,0,0
06/12/2009 20:00,6,12,5,20,0,26.7,79,0,0,2.28739e+07,21.8955,21.8955,21.8955,21.8955,0,0,0,0
06/12/2009 21:00,6,12,5,21,0,25.6,87,0,0,1.97521e+07,21.8955,21.8955,21.8955,21.8955,0,0,0,0
06/12/2009 22:00,6,12,5,22,0,23.9,94,0,0,1.97521e+07,21.8955,21.8955,21.8955,21.8955,0,0,0,0
06/12/2009 23:00,6,12,5,23,0,23.3,97,0,0,1.69425e+07,21.8955,21.8955,21.8955,21.8955,0,0,0,0
06/13/2009 00:00,6,13,6,0,0,22.8,96,0,0,1.53816e+07,21.8955,21.8955,21.8955,21.8955,0,0,0,0
06/13/2009 01:00,6,13,6,1,0,21.7,100,0,0,2.07703e+07,21.8955,21.8955,21.8955,21.8955,0,0,0,0
06/13/2009 02:00,6,13,6,2,0,21.7,100,0,0,2.07703e+07,21.8955,21.8955,21.8955,21.8955,0,0,0,0
06/13/2009 03:00,6,13,6,3,0,21.1,100,0,0,2.07703e+07,21.8955,21.8955,21.8955,21.8955,0,0,0,0
06/13/2009 04:00,6,13,6,4,0,20.6,100,0,0,2.07703e+07,21.8955,21.8955,21.8955,21.8955,0,0,0,0
06/13/2009 05:00,6,13,6,5,0,21.1,100,0,0,2.07703e+07,21.8955,21.8955,21.8955,21.8955,0,0,0,0
06/13/2009 06:00,6,13,6,6,0,21.1,100,0,0,2.00731e+07,21.8955,21.8955,21.8955,21.8955,0,0,0,0
06/13/2009 07:00,6,13,6,7,0,24.4,94,0,1.16548e+07,3.44579e+07,22.0285,22.0285,22.0285,16.8904,0,0.805477,0,6.24502e+07
06/13/2009 08:00,6,13,6,8,0,27.2,79,0,1.38676e+07,4.31488e+07,21.9773,21.9773,21.9773,16.8904,0,0.966325,0,7.39817e+07
06/13/2009 09:00,6,13,6,9,0,28.3,72,0,1.60345e+07,7.17177e+07,21.9306,21.9306,21.9306,16.8904,0,1.13773,0,8.62988e+07
06/13/2009 10:00,6,13,6,10,0,28.9,67,0,1.62157e+07,7.19465e+07,21.9161,21.9161,21.9161,16.8904,0,1.15199,0,8.71247e+07
06/13/2009 11:00,6,13,6,11,0,29.4,63,0,1.59788e+07,7.16449e+07,21.9096,21.9096,21.9096,16.8904,0,1.13309,0,8.55844e+07
06/13/2009 12:00,6,13,6,12,0,31.7,59,0,1.6062e+07,7.17517e+07,21.9054,21.9054,21.9054,16.8904,0,1.14021,0,8.60518e+07
06/13/2009 13:00,6,13,6,13,0,27.8,74,0,1.41032e+07,6.48441e+07,21.9058,21.9058,21.9058,16.8904,0,0.984956,0,7.4341e+07
06/13/2009 14:00,6,13,6,14,0,29.4,65,0,1.57766e+07,7.13894e+07,21.9008,21.9008,21.9008,16.8904,0,1.11755,0,8.42635e+07
06/13/2009 15:00,6,13,6,15,0,31.7,52,0,1.67727e+07,7.26544e+07,21.9041,21.9041,21.9041,16.8904,0,1.19628,0,9.02603e+07
06/13/2009 16:00,6,13,6,16,0,31.1,50,0,1.70794e+07,7.30466e+07,21.9037,21.9037,21.9037,16.8904,0,1.22106,0,9.21222e+07
06/13/2009 17:00,6,13,6,17,0,31.1,54,0,1.69274e+07,7.28523e+07,21.9006,21.9006,21.9006,16.8904,0,1.20883,0,9.11433e+07
06/13/2009 18:00,6,13,6,18,0,30,55,0,1.39622e+07,4.92003e+07,21.8957,21.8957,21.8957,16.8904,0,0.973374,0,7.3318e+07
06/13/2009 19:00,6,13,6,19,0,28.4,69,0,0,1.95021e+07,21.8918,21.8918,21.8918,21.8918,0,0,0,0
06/13/2009 20:00,6,13,6,20,0,27.2,74,0,0,2.28739e+07,21.8918,21.8918,21.8918,21.8918,0,0,0,0
06/13/2009 21:00,6,13,6,21,0,26.1,79,0,0,1.97521e+07,21.8918,21.8918,21.8918,21.8918,0,0,0,0
06/13/2009 22:00,6,13,6,22,0,25.6,85,0,0,1.97521e+07,21.8918,21.8918,21.8918,21.8918,0,0,0,0
06/13/2009 23:00,6,13,6,23,0,25.6,85,0,0,1.69425e+07,21.8918,21.8918,21.8918,21.8918,0,0,0,0
06/14/2009 00:00,6,14,0,0,0,25,90,0,0,1.53816e+07,21.8918,21.8918,21.8918,21.8918,0,0,0,0
06/14/2009 01:00,6,14,0,1,0,24.4,94,0,0,2.07703e+07,21.8918,21.8918,21.8918,21.8918,0,0,0,0
06/14/2009 02:00,6,14,0,2,0,24.4,91,0,0,2.07703e+07,21.8918,21.8918,21.8918,21.8918,0,0,0,0
06/14/2009 03:00,6,14,0,3,0,23.9,94,0,0,2.07703e+07,21.8918,21.8918,21.8918,21.8918,0,0,0,0
06/14/2009 04:00,6,14,0,4,0,23.9,94,0,0,2.07703e+07,21.8918,21.8918,21.8918,21.8918,0,0,0,0
06/14/2009 05:00,6,14,0,5,0,23.9,94,0,0,2.07703e+07,21.8918,21.8918,21.8918,21.8918,0,0,0,0
06/14/2009 06:00,6,14,0,6,0,25,84,0,0,2.00731e+07,21.8918,21.8918,21.8918,21.8918,0,0,0,0
06/14/2009 07:00,6,14,0,7,0,26.7,76,0,1.33094e+07,3.65271e+07,22.1541,22.1541,22.1541,16.8904,0,0.927518,0,7.37441e+07
06/14/2009 08:00,6,14,0,8,0,27.8,72,0,1.53006e+07,4.49562e+07,22.0943,22.0943,22.0943,16.8904,0,1.07644,0,8.43327e+07
06/14/2009 09:00,6,14,0,9,0,28.9,65,0,1.74696e+07,7.35373e+07,22.0117,22.0117,22.0117,16.8904,0,1.25101,0,9.64223e+07
06/14/2009 10:00,6,14,0,10,0,29.4,63,0,1.68539e+07,7.27547e+07,21.9599,21.9599,21.9599,16.8904,0,1.20217,0,9.17179e+07
06/14/2009 11:00,6,14,0,11,0,30,59,0,1.67324e+07,7.26015e+07,21.94,21.94,21.94,16.8904,0,1.19289,0,9.06474e+07
06/14/2009 12:00,6,14,0,12,0,31.1,57,0,1.64398e+07,7.22309e+07,21.9267,21.9267,21.9267,16.8904,0,1.17007,0,8.86798e+07
06/14/2009 13:00,6,14,0,13,0,31.1,54,0,1.53314e+07,6.63999e+07,21.9154,21.9154,21.9154,16.8904,0,1.0814,0,8.17769e+07
06/14/2009 14:00,6,14,0,14,0,31.1,57,0,1.62518e+07,7.19941e+07,21.9,21.9,21.9,16.8904,0,1.1557,0,8.71255e+07
06/14/2009 15:00,6,14,0,15,0,31.1,57,0,1.66165e+07,7.24581e+07,21.8983,21.8983,21.8983,16.8904,0,1.1849,0,8.92982e+07
06/14/2009 16:00,6,14,0,16,0,30.6,57,0,1.65451e+07,7.23666e+07,21.8986,21.8986,21.8986,16.8904,0,1.17898,0,8.88558e+07
06/14/2009 17:00,6,14,0,17,0,30,57,0,1.71686e+07,7.3161e+07,21.9,21.9,21.9,16.8904,0,1.22858,0,9.26207e+07
06/14/2009 18:00,6,14,0,18,0,28.9,65,0,1.40363e+07,4.92933e+07,21.8992,21.8992,21.8992,16.8904,0,0.979025,0,7.37955e+07
06/14/2009 19:00,6,14,0,19,0,27.8,67,0,0,1.95021e+07,21.8992,21.8992,21.8992,21.8992,0,0,0,0
06/14/2009 20:00,6,14,0,20,0,26.7,76,0,0,2.28739e+07,21.8992,21.8992,21.8992,21.8992,0,0,0,0
06/14/2009 21:00,6,14,0,21,0,26.7,76,0,0,1.97521e+07,21.8992,21.8992,21.8992,21.8992,0,0,0,0
06/14/2009 22:00,6,14,0,22,0,26.1,79,0,0,1.97521e+07,21.8992,21.8992,21.8992,21.8992,0,0,0,0
06/14/2009 23:00,6,14,0,23,0,25.6,82,0,0,1.69425e+07,21.8992,21.8992,21.8992,21.8992,0,0,0,0
06/15/2009 00:00,6,15,1,0,0,24.4,88,0,0,1.53816e+07,21.8992,21.8992,21.8992,21.8992,0,0,0,0
06/15/2009 01:00,6,15,1,1,0,24.4,88,0,0,2.07703e+07,21.8992,21.8992,21.8992,21.8992,0,0,0,0
06/15/2009 02:00,6,15,1,2,0,23.9,90,0,0,2.07703e+07,21.8992,21.8992,21.8992,21.8992,0,0,0,0
06/15/2009 03:00,6,15,1,3,0,23.9,90,0,0,2.07703e+07,21.8992,21.8992,21.8992,21.8992,0,0,0,0
06/15/2009 04:00,6,15,1,4,0,23.9,90,0,0,2.07703e+07,21.8992,21.8992,21.8992,21.8992,0,0,0,0
06/15/2009 05:00,6,15,1,5,0,22.8,96,0,0,2.07703e+07,21.8992,21.8992,21.8992,21.8992,0,0,0,0
06/15/2009 06:00,6,15,1,6,0,23.3,94,0,0,2.00731e+07,21.8992,21.8992,21.8992,21.8992,0,0,0,0
06/15/2009 07:00,6,15,1,7,0,25.6,87,0,1.28221e+07,3.59194e+07,22.0842,22.0842,22.0842,16.8904,0,0.892062,0,6.99394e+07
06/15/2009 08:00,6,15,1,8,0,27.2,79,0,1.46676e+07,4.41575e+07,22.0346,22.0346,22.0346,16.8904,0,1.02772,0,7.95833e+07
06/15/2009 09:00,6,15,1,9,0,27.8,74,0,1.69806e+07,7.29178e+07,21.9746,21.9746,21.9746,16.8904,0,1.21259,0,9.27799e+07
06/15/2009 10:00,6,15,1,10,0,30,63,0,1.69618e+07,7.28951e+07,21.9389,21.9389,21.9389,16.8904,0,1.21165,0,9.20549e+07
06/15/2009 11:00,6,15,1,11,0,31.1,55,0,1.6603e+07,7.24387e+07,21.9182,21.9182,21.9182,16.8904,0,1.18304,0,8.95127e+07
06/15/2009 12:00,6,15,1,12,0,30.6,57,0,1.60981e+07,7.17975e+07,21.9098,21.9098,21.9098,16.8904,0,1.14309,0,8.63436e+07
06/15/2009 13:00,6,15,1,13,0,31.1,55,0,1.5311e+07,6.63748e+07,21.9048,21.9048,21.9048,16.8904,0,1.08005,0,8.15009e+07
06/15/2009 14:00,6,15,1,14,0,32.8,47,0,1.6349e+07,7.21182e+07,21.8946,21.8946,21.8946,16.8904,0,1.16367,0,8.76327e+07
06/15/2009 15:00,6,15,1,15,0,33.3,47,0,1.72095e+07,7.32123e+07,21.8957,21.8957,21.8957,16.8904,0,1.23202,0,9.28008e+07
06/15/2009 16:00,6,15,1,16,0,31.7,48,0,1.74673e+07,7.35419e+07,21.8963,21.8963,21.8963,16.8904,0,1.25287,0,9.4382e+07
06/15/2009 17:00,6,15,1,17,0,31.1,52,0,1.69287e+07,7.28545e+07,21.8971,21.8971,21.8971,16.8904,0,1.20954,0,9.11333e+07
06/15/2009 18:00,6,15,1,18,0,30,61,0,1.28535e+07,4.77967e+07,21.8936,21.8936,21.8936,16.8904,0,0.887524,0,6.68235e+07
06/15/2009 19:00,6,15,1,19,0,28.3,70,0,0,1.95021e+07,21.8879,21.8879,21.8879,21.8879,0,0,0,0
06/15/2009 20:00,6,15,1,20,0,27.2,72,0,0,2.28739e+07,21.8879,21.8879,21.8879,21.8879,0,0,0,0
06/15/2009 21:00,6,15,1,21,0,26.1,77,0,0,1.97521e+07,21.8879,21.8879,21.8879,21.8879,0,0,0,0
06/15/2009 22:00,6,15,1,22,0,26.1,79,0,0,1.97521e+07,21.8879,21.8879,21.8879,21.8879,0,0,0,0
06/15/2009 23:00,6,15,1,23,0,25.6,85,0,0,1.69425e+07,21.8879,21.8879,21.8879,21.8879,0,0,0,0
06/16/2009 00:00,6,16,2,0,0,25.6,85,0,0,1.53816e+07,21.8879,21.8879,21.8879,21.8879,0,0,0,0
06/16/2009 01:00,6,16,2,1,0,25,88,0,0,2.07703e+07,21.8879,21.8879,21.8879,21.8879,0,0,0,0
06/16/2009 02:00,6,16,2,2,0,24.4,91,0,0,2.07703e+07,21.8879,21.8879,21.8879,21.8879,0,0,0,0
06/16/2009 03:00,6,16,2,3,0,24.4,91,0,0,2.07703e+07,21.8879,21.8879,21.8879,21.8879,0,0,0,0
06/16/2009 04:00,6,16,2,4,0,24.4,91,0,0,2.07703e+07,21.8879,21.8879,21.8879,21.8879,0,0,0,0
06/16/2009 05:00,6,16,2,5,0,23.3,97,0,0,2.07703e+07,21.8879,21.8879,21.8879,21.8879,0,0,0,0
06/16/2009 06:00,6,16,2,6,0,23.9,94,0,0,2.00731e+07,21.8879,21.8879,21.8879,21.8879,0,0,0,0
06/16/2009 07:00,6,16,2,7,0,26.1,85,0,1.31363e+07,3.63108e+07,22.1332,22.1332,22.1332,16.8904,0,0.914928,0,7.24391e+07
06/16/2009 08:00,6,16,2,8,0,27.2,79,0,1.43284e+07,4.37198e+07,22.0768,22.0768,22.0768,16.8904,0,0.999066,0,7.80046e+07
06/16/2009 09:00,6,16,2,9,0,29.4,70,0,1.76532e+07,7.37742e+07,21.9959,21.9959,21.9959,16.8904,0,1.26682,0,9.73517e+07
06/16/2009 10:00,6,16,2,10,0,29.4,72,0,1.70609e+07,7.30199e+07,21.9508,21.9508,21.9508,16.8904,0,1.21933,0,9.2856e+07
06/16/2009 11:00,6,16,2,11,0,30,63,0,1.64084e+07,7.21899e+07,21.9387,21.9387,21.9387,16.8904,0,1.16727,0,8.86783e+07
06/16/2009 12:00,6,16,2,12,0,32.2,56,0,1.67346e+07,7.26072e+07,21.9278,21.9278,21.9278,16.8904,0,1.19411,0,9.05221e+07
06/16/2009 13:00,6,16,2,13,0,31.7,57,0,1.54956e+07,6.66088e+07,21.916,21.916,21.916,16.8904,0,1.0946,0,8.27843e+07
06/16/2009 14:00,6,16,2,14,0,32.2,58,0,1.66697e+07,7.25269e+07,21.8998,21.8998,21.8998,16.8904,0,1.18954,0,8.96734e+07
06/16/2009 15:00,6,16,2,15,0,31.7,57,0,1.71422e+07,7.31264e+07,21.9025,21.9025,21.9025,16.8904,0,1.22661,0,9.25188e+07
06/16/2009 16:00,6,16,2,16,0,32.2,56,0,1.73667e+07,7.34127e+07,21.9043,21.9043,21.9043,16.8904,0,1.24474,0,9.39194e+07
06/16/2009 17:00,6,16,2,17,0,30.6,59,0,1.74836e+07,7.35629e+07,21.9053,21.9053,21.9053,16.8904,0,1.25418,0,9.46504e+07
06/16/2009 18:00,6,16,2,18,0,31.1,57,0,1.39778e+07,4.92164e+07,21.9013,21.9013,21.9013,16.8904,0,0.973993,0,7.34476e+07
06/16/2009 19:00,6,16,2,19,0,28.9,72,0,0,1.95021e+07,21.8974,21.8974,21.8974,21.8974,0,0,0,0
06/16/2009 20:00,6,16,2,20,0,27.8,74,0,0,2.28739e+07,21.8974,21.8974,21.8974,21.8974,0,0,0,0
06/16/2009 21:00,6,16,2,21,0,27.2,82,0,0,1.97521e+07,21.8974,21.8974,21.8974,21.8974,0,0,0,0
06/16/2009 22:00,6,16,2,22,0,26.7,85,0,0,1.97521e+07,21.8974,21.8974,21.8974,21.8974,0,0,0,0
06/16/2009 23:00,6,16,2,23,0,26.7,82,0,0,1.69425e+07,21.8974,21.8974,21.8974,21.8974,0,0,0,0
06/17/2009 00:00,6,17,3,0,0,26.1,85,0,0,1.53816e+07,21.8974,21.8974,21.8974,21.8974,0,0,0,0
06/17/2009 01:00,6,17,3,1,0,26.1,85,0,0,1.42679e+07,21.8974,21.8974,21.8974,21.8974,0,0,0,0
06/17/2009 02:00,6,17,3,2,0,26.1,85,0,0,1.42679e+07,21.8974,21.8974,21.8974,21.8974,0,0,0,0
06/17/2009 03:00,6,17,3,3,0,26.1,85,0,0,1.42679e+07,21.8974,21.8974,21.8974,21.8974,0,0,0,0
06/17/2009 04:00,6,17,3,4,0,25,88,0,0,1.42679e+07,21.8974,21.8974,21.8974,21.8974,0,0,0,0
06/17/2009 05:00,6,17,3,5,0,25,88,0,0,1.42679e+07,21.8974,21.8974,21.8974,21.8974,0,0,0,0
06/17/2009 06:00,6,17,3,6,0,25,90,0,0,1.20098e+07,21.8974,21.8974,21.8974,21.8974,0,0,0,0
06/17/2009 07:00,6,17,3,7,0,27.2,82,0,0,1.20098e+07,21.8974,21.8974,21.8974,21.8974,0,0,0,0
06/17/2009 08:00,6,17,3,8,0,28.3,77,0,0,1.20098e+07,21.8974,21.8974,21.8974,21.8974,0,0,0,0
06/17/2009 09:00,6,17,3,9,0,29.4,72,0,0,1.20098e+07,21.8974,21.8974,21.8974,21.8974,0,0,0,0
06/17/2009 10:00,6,17,3,10,0,28.9,74,0,37034.4,1.20516e+07,21.9027,21.9027,21.9027,20.2284,0,0.00138935,0,105020
06/17/2009 11:00,6,17,3,11,0,31.7,63,0,0,1.20098e+07,21.929,21.929,21.929,21.929,0,0,0,0
06/17/2009 12:00,6,17,3,12,0,28.3,77,0,0,1.20098e+07,21.929,21.929,21.929,21.929,0,0,0,0
06/17/2009 13:00,6,17,3,13,0,22.2,87,0,0,1.20098e+07,21.929,21.929,21.929,21.929,0,0,0,0
06/17/2009 14:00,6,17,3,14,0,22.8,96,0,0,1.20098e+07,21.929,21.929,21.929,21.929,0,0,0,0
06/17/2009 15:00,6,17,3,15,0,24.4,94,0,0,1.20098e+07,21.929,21.929,21.929,21.929,0,0,0,0
06/17/2009 16:00,6,17,3,16,0,25.6,90,0,0,1.20098e+07,21.929,21.929,21.929,21.929,0,0,0,0
06/17/2009 17:00,6,17,3,17,0,26.7,87,0,0,1.20098e+07,21.929,21.929,21.929,21.929,0,0,0,0
06/17/2009 18:00,6,17,3,18,0,26.7,85,0,0,1.20098e+07,21.929,21.929,21.929,21.929,0,0,0,0
06/17/2009 19:00,6,17,3,19,0,25.6,85,0,0,1.20098e+07,21.929,21.929,21.929,21.929,0,0,0,0
06/17/2009 20:00,6,17,3,20,0,25,88,0,0,1.53816e+07,21.929,21.929,21.929,21.929,0,0,0,0
06/17/2009 21:00,6,17,3,21,0,25,88,0,0,1.53816e+07,21.929,21.929,21.929,21.929,0,0,0,0
06/17/2009 22:00,6,17,3,22,0,24.4,88,0,0,1.53816e+07,21.929,21.929,21.929,21.929,0,0,0,0
06/17/2009 23:00,6,17,3,23,0,24.4,85,0,0,1.53816e+07,21.929,21.929,21.929,21.929,0,0,0,0
06/18/2009 00:00,6,18,4,0,0,23.3,94,0,0,1.53816e+07,21.929,21.929,21.929,21.929,0,0,0,0
06/18/2009 01:00,6,18,4,1,0,22.8,96,0,0,1.42679e+07,21.929,21.929,21.929,21.929,0,0,0,0
06/18/2009 02:00,6,18,4,2,0,22.8,96,0,0,1.42679e+07,21.929,21.929,21.929,21.929,0,0,0,0
06/18/2009 03:00,6,18,4,3,0,22.8,96,0,0,1.42679e+07,21.929,21.929,21.929,21.929,0,0,0,0
06/18/2009 04:00,6,18,4,4,0,22.8,94,0,0,1.42679e+07,21.929,21.929,21.929,21.929,0,0,0,0
06/18/2009 05:00,6,18,4,5,0,22.8,96,0,0,1.42679e+07,21.929,21.929,21.929,21.929,0,0,0,0
06/18/2009 06:00,6,18,4,6,0,22.8,96,0,0,1.20098e+07,21.929,21.929,21.929,21.929,0,0,0,0
06/18/2009 07:00,6,18,4,7,0,23.9,94,0,0,1.20098e+07,21.929,21.929,21.929,21.929,0,0,0,0
06/18/2009 08:00,6,18,4,8,0,24.4,94,0,0,1.20098e+07,21.929,21.929,21.929,21.929,0,0,0,0
06/18/2009 09:00,6,18,4,9,0,25.6,90,0,0,1.20098e+07,21.929,21.929,21.929,21.929,0,0,0,0
06/18/2009 10:00,6,18,4,10,0,23.9,88,0,0,1.20098e+07,21.929,21.929,21.929,21.929,0,0,0,0
06/18/2009 11:00,6,18,4,11,0,25,84,0,0,1.20098e+07,21.929,21.929,21.929,21.929,0,0,0,0
06/18/2009 12:00,6,18,4,12,0,27.2,77,0,0,1.20098e+07,21.929,21.929,21.929,21.929,0,0,0,0
06/18/2009 13:00,6,18,4,13,0,30.6,68,0,0,1.20098e+07,21.929,21.929,21.929,21.929,0,0,0,0
06/18/2009 14:00,6,18,4,14,0,31.1,59,0,0,1.20098e+07,21.929,21.929,21.929,21.929,0,0,0,0
06/18/2009 15:00,6,18,4,15,0,31.7,68,0,0,1.20098e+07,21.929,21.929,21.929,21.929,0,0,0,0
06/18/2009 16:00,6,18,4,16,0,30,70,0,276117,1.23357e+07,22.0157,22.0157,22.0157,16.8904,0,0.0144914,0,1.13323e+06
06/18/2009 17:00,6,18,4,17,0,30,72,0,826128,1.30088e+07,22.4657,22.4657,22.4657,16.8904,0,0.0503196,0,4.22165e+06
06/18/2009 18:00,6,18,4,18,0,29.2,73,0,0,1.20098e+07,22.6093,22.6093,22.6093,22.6093,0,0,0,0
06/18/2009 19:00,6,18,4,19,0,28.3,77,0,33092.3,1.20447e+07,22.6097,22.6097,22.6097,19.7499,0,0.000541966,0,46645.3
06/18/2009 20:00,6,18,4,20,0,27.2,85,0,0,1.53816e+07,22.6106,22.6106,22.6106,22.6106,0,0,0,0
06/18/2009 21:00,6,18,4,21,0,27.2,85,0,0,1.53816e+07,22.6106,22.6106,22.6106,22.6106,0,0,0,0
06/18/2009 22:00,6,18,4,22,0,26.7,87,0,0,1.53816e+07,22.6106,22.6106,22.6106,22.6106,0,0,0,0
06/18/2009 23:00,6,18,4,23,0,26.1,94,0,0,1.53816e+07,22.6106,22.6106,22.6106,22.6106,0,0,0,0
06/19/2009 00:00,6,19,5,0,0,26.1,94,0,0,1.53816e+07,22.6106,22.6106,22.6106,22.6106,0,0,0,0
06/19/2009 01:00,6,19,5,1,0,25.6,96,0,0,2.07703e+07,22.6106,22.6106,22.6106,22.6106,0,0,0,0
06/19/2009 02:00,6,19,5,2,0,25,96,0,0,2.07703e+07,22.6106,22.6106,22.6106,22.6106,0,0,0,0
06/19/2009 03:00,6,19,5,3,0,24.4,100,0,0,2.07703e+07,22.6106,22.6106,22.6106,22.6106,0,0,0,0
06/19/2009 04:00,6,19,5,4,0,23.9,100,0,0,2.07703e+07,22.6106,22.6106,22.6106,22.6106,0,0,0,0
06/19/2009 05:00,6,19,5,5,0,25,96,0,0,2.07703e+07,22.6106,22.6106,22.6106,22.6106,0,0,0,0
06/19/2009 06:00,6,19,5,6,0,25,96,0,0,2.00731e+07,22.6106,22.6106,22.6106,22.6106,0,0,0,0
06/19/2009 07:00,6,19,5,7,0,26.7,90,0,1.66161e+07,4.0705e+07,22.3393,22.3393,22.3393,16.8904,0,1.18409,0,9.78929e+07
06/19/2009 08:00,6,19,5,8,0,27.8,82,0,1.88187e+07,4.94371e+07,22.233,22.233,22.233,16.8904,0,1.36005,0,1.0944e+08
06/19/2009 09:00,6,19,5,9,0,30,72,0,1.97599e+07,7.64668e+07,22.0845,22.0845,22.0845,16.8904,0,1.43928,0,1.12533e+08
06/19/2009 10:00,6,19,5,10,0,30.6,65,0,1.86284e+07,7.50207e+07,21.9912,21.9912,21.9912,16.8904,0,1.34691,0,1.03409e+08
06/19/2009 11:00,6,19,5,11,0,31.1,68,0,1.75601e+07,7.3657e+07,21.9573,21.9573,21.9573,16.8904,0,1.26021,0,9.60921e+07
06/19/2009 12:00,6,19,5,12,0,30,67,0,1.69892e+07,7.2931e+07,21.9341,21.9341,21.9341,16.8904,0,1.21457,0,9.21882e+07
06/19/2009 13:00,6,19,5,13,0,26.7,90,0,1.54768e+07,6.65835e+07,21.9302,21.9302,21.9302,16.8904,0,1.0928,0,8.28813e+07
06/19/2009 14:00,6,19,5,14,0,29.4,75,0,1.65647e+07,7.23922e+07,21.9078,21.9078,21.9078,16.8904,0,1.18088,0,8.9163e+07
06/19/2009 15:00,6,19,5,15,0,30.6,68,0,1.70257e+07,7.29793e+07,21.9038,21.9038,21.9038,16.8904,0,1.21792,0,9.18869e+07
06/19/2009 16:00,6,19,5,16,0,31.1,63,0,1.74332e+07,7.34976e+07,21.9046,21.9046,21.9046,16.8904,0,1.25011,0,9.43306e+07
06/19/2009 17:00,6,19,5,17,0,29.4,70,0,1.71642e+07,7.31542e+07,21.9059,21.9059,21.9059,16.8904,0,1.2282,0,9.27012e+07
06/19/2009 18:00,6,19,5,18,0,29.4,70,0,1.41888e+07,4.94852e+07,21.9062,21.9062,21.9062,16.8904,0,0.990713,0,7.47802e+07
06/19/2009 19:00,6,19,5,19,0,28.3,74,0,0,1.95021e+07,21.9062,21.9062,21.9062,21.9062,0,0,0,0
06/19/2009 20:00,6,19,5,20,0,27.2,82,0,0,2.28739e+07,21.9062,21.9062,21.9062,21.9062,0,0,0,0
06/19/2009 21:00,6,19,5,21,0,27.2,82,0,0,1.97521e+07,21.9062,21.9062,21.9062,21.9062,0,0,0,0
06/19/2009 22:00,6,19,5,22,0,26.7,85,0,0,1.97521e+07,21.9062,21.9062,21.9062,21.9062,0,0,0,0
06/19/2009 23:00,6,19,5,23,0,26.7,85,0,0,1.69425e+07,21.9062,21.9062,21.9062,21.9062,0,0,0,0
06/20/2009 00:00,6,20,6,0,0,26.1,88,0,0,1.53816e+07,21.9062,21.9062,21.9062,21.9062,0,0,0,0
06/20/2009 01:00,6,20,6,1,0,25.6,90,0,0,2.07703e+07,21.9062,21.9062,21.9062,21.9062,0,0,0,0
06/20/2009 02:00,6,20,6,2,0,25.6,90,0,0,2.07703e+07,21.9062,21.9062,21.9062,21.9062,0,0,0,0
06/20/2009 03:00,6,20,6,3,0,25.6,90,0,0,2.07703e+07,21.9062,21.9062,21.9062,21.9062,0,0,0,0
06/20/2009 04:00,6,20,6,4,0,25.6,90,0,0,2.07703e+07,21.9062,21.9062,21.9062,21.9062,0,0,0,0
06/20/2009 05:00,6,20,6,5,0,25.6,90,0,0,2.07703e+07,21.9062,21.9062,21.9062,21.9062,0,0,0,0
06/20/2009 06:00,6,20,6,6,0,25,94,0,0,2.00731e+07,21.9062,21.9062,21.9062,21.9062,0,0,0,0
06/20/2009 07:00,6,20,6,7,0,26.7,87,0,1.42021e+07,3.76528e+07,22.1922,22.1922,22.1922,16.8904,0,0.996163,0,7.98209e+07
06/20/2009 08:00,6,20,6,8,0,27.8,82,0,1.64087e+07,4.63652e+07,22.1243,22.1243,22.1243,16.8904,0,1.16507,0,9.18117e+07
06/20/2009 09:00,6,20,6,9,0,29,70,0,1.8026e+07,7.42467e+07,22.0259,22.0259,22.0259,16.8904,0,1.29617,0,1.00183e+08
06/20/2009 10:00,6,20,6,10,0,29.4,68,0,1.73605e+07,7.34008e+07,21.9651,21.9651,21.9651,16.8904,0,1.24333,0,9.49574e+07
06/20/2009 11:00,6,20,6,11,0,31.7,63,0,1.71591e+07,7.31466e+07,21.9424,21.9424,21.9424,16.8904,0,1.22791,0,9.33525e+07
06/20/2009 12:00,6,20,6,12,0,32.2,59,0,1.66203e+07,7.24616e+07,21.924,21.924,21.924,16.8904,0,1.18493,0,8.97576e+07
06/20/2009 13:00,6,20,6,13,0,32.8,57,0,1.59818e+07,6.72268e+07,21.9179,21.9179,21.9179,16.8904,0,1.13341,0,8.57507e+07
06/20/2009 14:00,6,20,6,14,0,33.3,54,0,1.68052e+07,7.26993e+07,21.9013,21.9013,21.9013,16.8904,0,1.20046,0,9.05237e+07
06/20/2009 15:00,6,20,6,15,0,31.7,57,0,1.71604e+07,7.31506e+07,21.9,21.9,21.9,16.8904,0,1.22851,0,9.26148e+07
06/20/2009 16:00,6,20,6,16,0,30.6,65,0,1.73885e+07,7.34409e+07,21.8991,21.8991,21.8991,16.8904,0,1.24649,0,9.39542e+07
06/20/2009 17:00,6,20,6,17,0,32.2,56,0,1.77259e+07,7.3874e+07,21.8993,21.8993,21.8993,16.8904,0,1.27431,0,9.60545e+07
06/20/2009 18:00,6,20,6,18,0,30.6,61,0,1.44697e+07,4.98422e+07,21.897,21.897,21.897,16.8904,0,1.01309,0,7.63304e+07
06/20/2009 19:00,6,20,6,19,0,28.9,67,0,0,1.95021e+07,21.8931,21.8931,21.8931,21.8931,0,0,0,0
06/20/2009 20:00,6,20,6,20,0,27.8,74,0,0,2.28739e+07,21.8931,21.8931,21.8931,21.8931,0,0,0,0
06/20/2009 21:00,6,20,6,21,0,27.2,77,0,0,1.97521e+07,21.8931,21.8931,21.8931,21.8931,0,0,0,0
06/20/2009 22:00,6,20,6,22,0,26.7,82,0,0,1.97521e+07,21.8931,21.8931,21.8931,21.8931,0,0,0,0
06/20/2009 23:00,6,20,6,23,0,26.1,85,0,0,1.69425e+07,21.8931,21.8931,21.8931,21.8931,0,0,0,0
06/21/2009 00:00,6,21,0,0,0,25.6,90,0,0,1.53816e+07,21.8931,21.8931,21.8931,21.8931,0,0,0,0
06/21/2009 01:00,6,21,0,1,0,25.6,90,0,0,2.07703e+07,21.8931,21.8931,21.8931,21.8931,0,0,0,0
06/21/2009 02:00,6,21,0,2,0,25.6,90,0,0,2.07703e+07,21.8931,21.8931,21.8931,21.8931,0,0,0,0
06/21/2009 03:00,6,21,0,3,0,25.6,90,0,0,2.07703e+07,21.8931,21.8931,21.8931,21.8931,0,0,0,0
06/21/2009 04:00,6,21,0,4,0,25.6,87,0,0,2.07703e+07,21.8931,21.8931,21.8931,21.8931,0,0,0,0
06/21/2009 05:00,6,21,0,5,0,25,90,0,0,2.07703e+07,21.8931,21.8931,21.8931,21.8931,0,0,0,0
06/21/2009 06:00,6,21,0,6,0,25,90,0,0,2.00731e+07,21.8931,21.8931,21.8931,21.8931,0,0,0,0
06/21/2009 07:00,6,21,0,7,0,26.7,85,0,1.38676e+07,3.72301e+07,22.1619,22.1619,22.1619,16.8904,0,0.97024,0,7.72673e+07
06/21/2009 08:00,6,21,0,8,0,28.3,74,0,1.60471e+07,4.59035e+07,22.0991,22.0991,22.0991,16.8904,0,1.13567,0,8.90594e+07
06/21/2009 09:00,6,21,0,9,0,29.4,68,0,1.8075e+07,7.43128e+07,22.0106,22.0106,22.0106,16.8904,0,1.3011,0,1.00261e+08
06/21/2009 10:00,6,21,0,10,0,31.1,63,0,1.78197e+07,7.39891e+07,21.9575,21.9575,21.9575,16.8904,0,1.28117,0,9.76998e+07
06/21/2009 11:00,6,21,0,11,0,31.7,61,0,1.73631e+07,7.34069e+07,21.9373,21.9373,21.9373,16.8904,0,1.24445,0,9.45155e+07
06/21/2009 12:00,6,21,0,12,0,32.2,54,0,1.69736e+07,7.2912e+07,21.9229,21.9229,21.9229,16.8904,0,1.21351,0,9.19037e+07
06/21/2009 13:00,6,21,0,13,0,32.8,54,0,1.60176e+07,6.72726e+07,21.9105,21.9105,21.9105,16.8904,0,1.13638,0,8.58495e+07
06/21/2009 14:00,6,21,0,14,0,32.8,52,0,1.67912e+07,7.26817e+07,21.8968,21.8968,21.8968,16.8904,0,1.1994,0,9.03631e+07
06/21/2009 15:00,6,21,0,15,0,33.3,51,0,1.74891e+07,7.35695e+07,21.8969,21.8969,21.8969,16.8904,0,1.25487,0,9.45449e+07
06/21/2009 16:00,6,21,0,16,0,32.2,54,0,1.78041e+07,7.39732e+07,21.8954,21.8954,21.8954,16.8904,0,1.2806,0,9.64542e+07
06/21/2009 17:00,6,21,0,17,0,32.2,52,0,1.74851e+07,7.35646e+07,21.8959,21.8959,21.8959,16.8904,0,1.2547,0,9.45123e+07
06/21/2009 18:00,6,21,0,18,0,30.6,61,0,1.4428e+07,4.9788e+07,21.8914,21.8914,21.8914,16.8904,0,1.0096,0,7.59815e+07
06/21/2009 19:00,6,21,0,19,0,29.4,65,0,0,1.95021e+07,21.8876,21.8876,21.8876,21.8876,0,0,0,0
06/21/2009 20:00,6,21,0,20,0,28.3,67,0,0,2.28739e+07,21.8876,21.8876,21.8876,21.8876,0,0,0,0
06/21/2009 21:00,6,21,0,21,0,27.2,74,0,0,1.97521e+07,21.8876,21.8876,21.8876,21.8876,0,0,0,0
06/21/2009 22:00,6,21,0,22,0,26.1,85,0,0,1.97521e+07,21.8876,21.8876,21.8876,21.8876,0,0,0,0
06/21/2009 23:00,6,21,0,23,0,25.6,87,0,0,1.69425e+07,21.8876,21.8876,21.8876,21.8876,0,0,0,0
06/22/2009 00:00,6,22,1,0,0,25,90,0,0,1.53816e+07,21.8876,21.8876,21.8876,21.8876,0,0,0,0
06/22/2009 01:00,6,22,1,1,0,25,90,0,0,2.07703e+07,21.8876,21.8876,21.8876,21.8876,0,0,0,0
06/22/2009 02:00,6,22,1,2,0,25,90,0,0,2.07703e+07,21.8876,21.8876,21.8876,21.8876,0,0,0,0
06/22/2009 03:00,6,22,1,3,0,24.4,94,0,0,2.07703e+07,21.8876,21.8876,21.8876,21.8876,0,0,0,0
06/22/2009 04:00,6,22,1,4,0,25,90,0,0,2.07703e+07,21.8876,21.8876,21.8876,21.8876,0,0,0,0
06/22/2009 05:00,6,22,1,5,0,23.9,94,0,0,2.07703e+07,21.8876,21.8876,21.8876,21.8876,0,0,0,0
06/22/2009 06:00,6,22,1,6,0,24.4,91,0,0,2.00731e+07,21.8876,21.8876,21.8876,21.8876,0,0,0,0
06/22/2009 07:00,6,22,1,7,0,26.1,85,0,1.28176e+07,3.5913e+07,22.0787,22.0787,22.0787,16.8904,0,0.891647,0,6.9837e+07
06/22/2009 08:00,6,22,1,8,0,27.8,74,0,1.52173e+07,4.48539e+07,22.0303,22.0303,22.0303,16.8904,0,1.07098,0,8.2866e+07
06/22/2009 09:00,6,22,1,9,0,29.4,65,0,1.75471e+07,7.36413e+07,21.9699,21.9699,21.9699,16.8904,0,1.25883,0,9.62288e+07
06/22/2009 10:00,6,22,1,10,0,30,59,0,1.74276e+07,7.3491e+07,21.9357,21.9357,21.9357,16.8904,0,1.24994,0,9.49059e+07
06/22/2009 11:00,6,22,1,11,0,31.7,52,0,1.69938e+07,7.29369e+07,21.9163,21.9163,21.9163,16.8904,0,1.21473,0,9.18743e+07
06/22/2009 12:00,6,22,1,12,0,32.2,49,0,1.67141e+07,7.25818e+07,21.9115,21.9115,21.9115,16.8904,0,1.19271,0,9.01228e+07
06/22/2009 13:00,6,22,1,13,0,32.8,49,0,1.5844e+07,6.70522e+07,21.9043,21.9043,21.9043,16.8904,0,1.12261,0,8.47055e+07
06/22/2009 14:00,6,22,1,14,0,33.3,49,0,1.68909e+07,7.28092e+07,21.8909,21.8909,21.8909,16.8904,0,1.2076,0,9.0874e+07
06/22/2009 15:00,6,22,1,15,0,32.2,50,0,1.74295e+07,7.34939e+07,21.891,21.891,21.891,16.8904,0,1.25027,0,9.40866e+07
06/22/2009 16:00,6,22,1,16,0,33.3,49,0,1.78946e+07,7.40892e+07,21.8912,21.8912,21.8912,16.8904,0,1.28808,0,9.69362e+07
06/22/2009 17:00,6,22,1,17,0,33.3,47,0,1.81608e+07,7.44308e+07,21.8923,21.8923,21.8923,16.8904,0,1.31018,0,9.86208e+07
06/22/2009 18:00,6,22,1,18,0,31.1,66,0,1.4829e+07,5.02978e+07,21.8898,21.8898,21.8898,16.8904,0,1.04146,0,7.83536e+07
06/22/2009 19:00,6,22,1,19,0,30,65,0,0,1.95021e+07,21.8873,21.8873,21.8873,21.8873,0,0,0,0
06/22/2009 20:00,6,22,1,20,0,28.3,74,0,0,2.28739e+07,21.8873,21.8873,21.8873,21.8873,0,0,0,0
06/22/2009 21:00,6,22,1,21,0,27.2,79,0,0,1.97521e+07,21.8873,21.8873,21.8873,21.8873,0,0,0,0
06/22/2009 22:00,6,22,1,22,0,26.7,79,0,0,1.97521e+07,21.8873,21.8873,21.8873,21.8873,0,0,0,0
06/22/2009 23:00,6,22,1,23,0,26.1,82,0,0,1.69425e+07,21.8873,21.8873,21.8873,21.8873,0,0,0,0
06/23/2009 00:00,6,23,2,0,0,25.6,85,0,0,1.53816e+07,21.8873,21.8873,21.8873,21.8873,0,0,0,0
06/23/2009 01:00,6,23,2,1,0,25.6,85,0,0,2.07703e+07,21.8873,21.8873,21.8873,21.8873,0,0,0,0
06/23/2009 02:00,6,23,2,2,0,25,90,0,0,2.07703e+07,21.8873,21.8873,21.8873,21.8873,0,0,0,0
06/23/2009 03:00,6,23,2,3,0,25,90,0,0,2.07703e+07,21.8873,21.8873,21.8873,21.8873,0,0,0,0
06/23/2009 04:00,6,23,2,4,0,25,90,0,0,2.07703e+07,21.8873,21.8873,21.8873,21.8873,0,0,0,0
06/23/2009 05:00,6,23,2,5,0,24.4,94,0,0,2.07703e+07,21.8873,21.8873,21.8873,21.8873,0,0,0,0
06/23/2009 06:00,6,23,2,6,0,23.9,96,0,0,2.00731e+07,21.8873,21.8873,21.8873,21.8873,0,0,0,0
06/23/2009 07:00,6,23,2,7,0,25.6,90,0,1.2011e+07,3.48974e+07,22.1048,22.1048,22.1048,16.8904,0,0.830205,0,6.53933e+07
06/23/2009 08:00,6,23,2,8,0,26.1,88,0,1.5671e+07,4.54286e+07,22.0575,22.0575,22.0575,16.8904,0,1.10656,0,8.60781e+07
06/23/2009 09:00,6,23,2,9,0,28.9,74,0,1.7817e+07,7.39834e+07,21.9838,21.9838,21.9838,16.8904,0,1.28017,0,9.81295e+07
06/23/2009 10:00,6,23,2,10,0,30,65,0,1.76179e+07,7.37327e+07,21.9416,21.9416,21.9416,16.8904,0,1.2651,0,9.617e+07
06/23/2009 11:00,6,23,2,11,0,31.7,57,0,1.71697e+07,7.3161e+07,21.9183,21.9183,21.9183,16.8904,0,1.22895,0,9.29874e+07
06/23/2009 12:00,6,23,2,12,0,32.2,58,0,1.6811e+07,7.27052e+07,21.9119,21.9119,21.9119,16.8904,0,1.20053,0,9.07216e+07
06/23/2009 13:00,6,23,2,13,0,32.8,52,0,1.58679e+07,6.70822e+07,21.9067,21.9067,21.9067,16.8904,0,1.12443,0,8.48824e+07
06/23/2009 14:00,6,23,2,14,0,33.3,46,0,1.69024e+07,7.28235e+07,21.895,21.895,21.895,16.8904,0,1.20841,0,9.10086e+07
06/23/2009 15:00,6,23,2,15,0,33.9,40,0,1.76209e+07,7.37383e+07,21.8927,21.8927,21.8927,16.8904,0,1.26582,0,9.52888e+07
06/23/2009 16:00,6,23,2,16,0,34.4,41,0,1.80908e+07,7.43398e+07,21.8927,21.8927,21.8927,16.8904,0,1.30422,0,9.81787e+07
06/23/2009 17:00,6,23,2,17,0,33.3,43,0,1.78617e+07,7.40462e+07,21.892,21.892,21.892,16.8904,0,1.28549,0,9.67554e+07
06/23/2009 18:00,6,23,2,18,0,32.2,49,0,1.40717e+07,4.93353e+07,21.8891,21.8891,21.8891,16.8904,0,0.981621,0,7.38414e+07
06/23/2009 19:00,6,23,2,19,0,30,55,0,0,1.95021e+07,21.8855,21.8855,21.8855,21.8855,0,0,0,0
06/23/2009 20:00,6,23,2,20,0,27.8,58,0,0,2.28739e+07,21.8855,21.8855,21.8855,21.8855,0,0,0,0
06/23/2009 21:00,6,23,2,21,0,26.1,72,0,0,1.97521e+07,21.8855,21.8855,21.8855,21.8855,0,0,0,0
06/23/2009 22:00,6,23,2,22,0,25.6,79,0,0,1.97521e+07,21.8855,21.8855,21.8855,21.8855,0,0,0,0
06/23/2009 23:00,6,23,2,23,0,25,88,0,0,1.69425e+07,21.8855,21.8855,21.8855,21.8855,0,0,0,0
06/24/2009 00:00,6,24,3,0,0,25,88,0,0,1.53816e+07,21.8855,21.8855,21.8855,21.8855,0,0,0,0
06/24/2009 01:00,6,24,3,1,0,23.9,90,0,0,1.42679e+07,21.8855,21.8855,21.8855,21.8855,0,0,0,0
06/24/2009 02:00,6,24,3,2,0,23.9,90,0,0,1.42679e+07,21.8855,21.8855,21.8855,21.8855,0,0,0,0
06/24/2009 03:00,6,24,3,3,0,23.9,90,0,0,1.42679e+07,21.8855,21.8855,21.8855,21.8855,0,0,0,0
06/24/2009 04:00,6,24,3,4,0,23.9,90,0,0,1.42679e+07,21.8855,21.8855,21.8855,21.8855,0,0,0,0
06/24/2009 05:00,6,24,3,5,0,23.3,91,0,0,1.42679e+07,21.8855,21.8855,21.8855,21.8855,0,0,0,0
06/24/2009 06:00,6,24,3,6,0,23.9,90,0,0,1.20098e+07,21.8855,21.8855,21.8855,21.8855,0,0,0,0
06/24/2009 07:00,6,24,3,7,0,25.6,85,0,0,1.20098e+07,21.8855,21.8855,21.8855,21.8855,0,0,0,0
06/24/2009 08:00,6,24,3,8,0,27.2,77,0,0,1.20098e+07,21.8855,21.8855,21.8855,21.8855,0,0,0,0
06/24/2009 09:00,6,24,3,9,0,28.3,72,0,335830,1.24092e+07,21.9983,21.9983,21.9983,16.8904,0,0.0186333,0,1.43371e+06
06/24/2009 10:00,6,24,3,10,0,30,61,0,357955,1.24363e+07,22.1679,22.1679,22.1679,16.8904,0,0.02007,0,1.59386e+06
06/24/2009 11:00,6,24,3,11,0,31.1,55,0,0,1.20098e+07,22.22,22.22,22.22,22.22,0,0,0,0
06/24/2009 12:00,6,24,3,12,0,32.2,52,0,0,1.20098e+07,22.22,22.22,22.22,22.22,0,0,0,0
06/24/2009 13:00,6,24,3,13,0,32.8,47,0,0,1.20098e+07,22.22,22.22,22.22,22.22,0,0,0,0
06/24/2009 14:00,6,24,3,14,0,33.3,47,0,0,1.20098e+07,22.22,22.22,22.22,22.22,0,0,0,0
06/24/2009 15:00,6,24,3,15,0,33.3,46,0,176813,1.22173e+07,22.2379,22.2379,22.2379,18.2228,0,0.00893194,0,719347
06/24/2009 16:00,6,24,3,16,0,33.3,47,0,787554,1.29626e+07,22.3251,22.3251,22.3251,16.8904,0,0.048079,0,3.93205e+06
06/24/2009 17:00,6,24,3,17,0,32.8,50,0,742388,1.29071e+07,22.3647,22.3647,22.3647,16.8904,0,0.0450814,0,3.71375e+06
06/24/2009 18:00,6,24,3,18,0,31.7,57,0,610119,1.27447e+07,22.3547,22.3547,22.3547,16.8904,0,0.036316,0,2.98615e+06
06/24/2009 19:00,6,24,3,19,0,29.4,65,0,334149,1.24067e+07,22.3446,22.3446,22.3446,16.8904,0,0.0182641,0,1.49903e+06
06/24/2009 20:00,6,24,3,20,0,27.8,69,0,0,1.53816e+07,22.3424,22.3424,22.3424,22.3424,0,0,0,0
06/24/2009 21:00,6,24,3,21,0,27.2,72,0,0,1.53816e+07,22.3424,22.3424,22.3424,22.3424,0,0,0,0
06/24/2009 22:00,6,24,3,22,0,26.1,79,0,0,1.53816e+07,22.3424,22.3424,22.3424,22.3424,0,0,0,0
06/24/2009 23:00,6,24,3,23,0,25.6,85,0,0,1.53816e+07,22.3424,22.3424,22.3424,22.3424,0,0,0,0
06/25/2009 00:00,6,25,4,0,0,25,88,0,0,1.53816e+07,22.3424,22.3424,22.3424,22.3424,0,0,0,0
06/25/2009 01:00,6,25,4,1,0,25,88,0,0,1.42679e+07,22.3424,22.3424,22.3424,22.3424,0,0,0,0
06/25/2009 02:00,6,25,4,2,0,24.4,91,0,0,1.42679e+07,22.3424,22.3424,22.3424,22.3424,0,0,0,0
06/25/2009 03:00,6,25,4,3,0,25,90,0,0,1.42679e+07,22.3424,22.3424,22.3424,22.3424,0,0,0,0
06/25/2009 04:00,6,25,4,4,0,24.4,94,0,0,1.42679e+07,22.3424,22.3424,22.3424,22.3424,0,0,0,0
06/25/2009 05:00,6,25,4,5,0,23.9,94,0,0,1.42679e+07,22.3424,22.3424,22.3424,22.3424,0,0,0,0
06/25/2009 06:00,6,25,4,6,0,23.3,94,0,0,1.20098e+07,22.3424,22.3424,22.3424,22.3424,0,0,0,0
06/25/2009 07:00,6,25,4,7,0,26.1,88,0,14113.8,1.2025e+07,22.3426,22.3426,22.3426,21.252,0,0.000323107,0,26513.8
06/25/2009 08:00,6,25,4,8,0,27.8,77,0,368472,1.2449e+07,22.3864,22.3864,22.3864,16.8904,0,0.020733,0,1.71887e+06
06/25/2009 09:00,6,25,4,9,0,28.3,72,0,752499,1.29192e+07,22.4887,22.4887,22.4887,16.8904,0,0.0459649,0,3.87229e+06
06/25/2009 10:00,6,25,4,10,0,30.6,59,0,714351,1.28725e+07,22.4981,22.4981,22.4981,16.8904,0,0.0434634,0,3.66775e+06
06/25/2009 11:00,6,25,4,11,0,32.2,54,0,276038,1.23361e+07,22.473,22.473,22.473,16.8904,0,0.0147358,0,1.2379e+06
06/25/2009 12:00,6,25,4,12,0,32.8,54,0,0,1.20098e+07,22.4657,22.4657,22.4657,22.4657,0,0,0,0
06/25/2009 13:00,6,25,4,13,0,33.3,51,0,0,1.20098e+07,22.4657,22.4657,22.4657,22.4657,0,0,0,0
06/25/2009 14:00,6,25,4,14,0,31.7,57,0,0,1.20098e+07,22.4657,22.4657,22.4657,22.4657,0,0,0,0
06/25/2009 15:00,6,25,4,15,0,31.1,59,0,438474,1.25339e+07,22.5,22.5,22.5,16.8904,0,0.0249217,0,2.10532e+06
06/25/2009 16:00,6,25,4,16,0,32.8,56,0,1.05721e+06,1.32941e+07,22.5549,22.5549,22.5549,16.8904,0,0.0660757,0,5.63221e+06
06/25/2009 17:00,6,25,4,17,0,32.8,54,0,884056,1.30701e+07,22.543,22.543,22.543,16.8904,0,0.0513128,0,4.36463e+06
06/25/2009 18:00,6,25,4,18,0,31.7,56,0,963411,1.31788e+07,22.4946,22.4946,22.4946,16.8904,0,0.0598429,0,5.04668e+06
06/25/2009 19:00,6,25,4,19,0,29.4,65,0,500079,1.26095e+07,22.4626,22.4626,22.4626,16.8904,0,0.029006,0,2.43218e+06
06/25/2009 20:00,6,25,4,20,0,28.3,72,0,0,1.53816e+07,22.4494,22.4494,22.4494,22.4494,0,0,0,0
06/25/2009 21:00,6,25,4,21,0,27.2,77,0,0,1.53816e+07,22.4494,22.4494,22.4494,22.4494,0,0,0,0
06/25/2009 22:00,6,25,4,22,0,26.7,79,0,0,1.53816e+07,22.4494,22.4494,22.4494,22.4494,0,0,0,0
06/25/2009 23:00,6,25,4,23,0,26.1,85,0,0,1.53816e+07,22.4494,22.4494,22.4494,22.4494,0,0,0,0
06/26/2009 00:00,6,26,5,0,0,24.4,91,0,0,1.53816e+07,22.4494,22.4494,22.4494,22.4494,0,0,0,0
06/26/2009 01:00,6,26,5,1,0,25,90,0,0,2.07703e+07,22.4494,22.4494,22.4494,22.4494,0,0,0,0
06/26/2009 02:00,6,26,5,2,0,25,90,0,0,2.07703e+07,22.4494,22.4494,22.4494,22.4494,0,0,0,0
06/26/2009 03:00,6,26,5,3,0,25,90,0,0,2.07703e+07,22.4494,22.4494,22.4494,22.4494,0,0,0,0
06/26/2009 04:00,6,26,5,4,0,25,88,0,0,2.07703e+07,22.4494,22.4494,22.4494,22.4494,0,0,0,0
06/26/2009 05:00,6,26,5,5,0,24.4,91,0,0,2.07703e+07,22.4494,22.4494,22.4494,22.4494,0,0,0,0
06/26/2009 06:00,6,26,5,6,0,25,88,0,0,2.00731e+07,22.4494,22.4494,22.4494,22.4494,0,0,0,0
06/26/2009 07:00,6,26,5,7,0,26.7,82,0,1.64397e+07,4.04891e+07,22.2356,22.2356,22.2356,16.8904,0,1.17278,0,9.49758e+07
06/26/2009 08:00,6,26,5,8,0,28.3,74,0,2.02826e+07,5.1321e+07,22.1522,22.1522,22.1522,16.8904,0,1.4842,0,1.17592e+08
06/26/2009 09:00,6,26,5,9,0,29.4,65,0,2.09414e+07,7.79932e+07,22.0291,22.0291,22.0291,16.8904,0,1.54121,0,1.19205e+08
06/26/2009 10:00,6,26,5,10,0,30,63,0,1.9676e+07,7.63678e+07,21.9565,21.9565,21.9565,16.8904,0,1.43548,0,1.09451e+08
06/26/2009 11:00,6,26,5,11,0,31.7,57,0,1.92718e+07,7.58512e+07,21.9305,21.9305,21.9305,16.8904,0,1.40245,0,1.06372e+08
06/26/2009 12:00,6,26,5,12,0,32.2,52,0,1.8728e+07,7.51561e+07,21.9141,21.9141,21.9141,16.8904,0,1.35798,0,1.02664e+08
06/26/2009 13:00,6,26,5,13,0,33.3,47,0,1.74177e+07,6.90585e+07,21.8976,21.8976,21.8976,16.8904,0,1.25023,0,9.42085e+07
06/26/2009 14:00,6,26,5,14,0,33.9,47,0,1.83402e+07,7.46623e+07,21.8833,21.8833,21.8833,16.8904,0,1.32672,0,9.96851e+07
06/26/2009 15:00,6,26,5,15,0,28.9,67,0,1.75971e+07,7.37114e+07,21.8827,21.8827,21.8827,16.8904,0,1.26556,0,9.50801e+07
06/26/2009 16:00,6,26,5,16,0,28.9,61,0,1.69522e+07,7.28883e+07,21.8913,21.8913,21.8913,16.8904,0,1.21317,0,9.13003e+07
06/26/2009 17:00,6,26,5,17,0,29.4,63,0,1.81012e+07,7.43522e+07,21.8937,21.8937,21.8937,16.8904,0,1.30526,0,9.82789e+07
06/26/2009 18:00,6,26,5,18,0,28.3,72,0,1.50056e+07,5.05197e+07,21.8934,21.8934,21.8934,16.8904,0,1.05509,0,7.94369e+07
06/26/2009 19:00,6,26,5,19,0,27.2,74,0,0,1.95021e+07,21.8934,21.8934,21.8934,21.8934,0,0,0,0
06/26/2009 20:00,6,26,5,20,0,26.1,79,0,0,2.28739e+07,21.8934,21.8934,21.8934,21.8934,0,0,0,0
06/26/2009 21:00,6,26,5,21,0,25.6,79,0,0,1.97521e+07,21.8934,21.8934,21.8934,21.8934,0,0,0,0
06/26/2009 22:00,6,26,5,22,0,25.6,79,0,0,1.97521e+07,21.8934,21.8934,21.8934,21.8934,0,0,0,0
06/26/2009 23:00,6,26,5,23,0,25,84,0,0,1.69425e+07,21.8934,21.8934,21.8934,21.8934,0,0,0,0
06/27/2009 00:00,6,27,6,0,0,23.9,90,0,0,1.53816e+07,21.8934,21.8934,21.8934,21.8934,0,0,0,0
06/27/2009 01:00,6,27,6,1,0,23.9,90,0,0,2.07703e+07,21.8934,21.8934,21.8934,21.8934,0,0,0,0
06/27/2009 02:00,6,27,6,2,0,23.3,94,0,0,2.07703e+07,21.8934,21.8934,21.8934,21.8934,0,0,0,0
06/27/2009 03:00,6,27,6,3,0,23.9,94,0,0,2.07703e+07,21.8934,21.8934,21.8934,21.8934,0,0,0,0
06/27/2009 04:00,6,27,6,4,0,23.3,97,0,0,2.07703e+07,21.8934,21.8934,21.8934,21.8934,0,0,0,0
06/27/2009 05:00,6,27,6,5,0,23.3,94,0,0,2.07703e+07,21.8934,21.8934,21.8934,21.8934,0,0,0,0
06/27/2009 06:00,6,27,6,6,0,24.4,91,0,0,2.00731e+07,21.8934,21.8934,21.8934,21.8934,0,0,0,0
06/27/2009 07:00,6,27,6,7,0,26.1,88,0,1.20334e+07,3.49336e+07,21.9868,21.9868,21.9868,16.8904,0,0.83418,0,6.41477e+07
06/27/2009 08:00,6,27,6,8,0,27.2,82,0,1.48526e+07,4.43964e+07,21.9424,21.9424,21.9424,16.8904,0,1.04393,0,7.9374e+07
06/27/2009 09:00,6,27,6,9,0,28.3,72,0,1.629e+07,7.2041e+07,21.9068,21.9068,21.9068,16.8904,0,1.15813,0,8.74291e+07
06/27/2009 10:00,6,27,6,10,0,29.4,65,0,1.6974e+07,7.29143e+07,21.9004,21.9004,21.9004,16.8904,0,1.21382,0,9.15148e+07
06/27/2009 11:00,6,27,6,11,0,31.1,57,0,1.68247e+07,7.27231e+07,21.8991,21.8991,21.8991,16.8904,0,1.20162,0,9.05716e+07
06/27/2009 12:00,6,27,6,12,0,32.2,50,0,1.66963e+07,7.25606e+07,21.8978,21.8978,21.8978,16.8904,0,1.19175,0,8.98049e+07
06/27/2009 13:00,6,27,6,13,0,33.9,44,0,1.57399e+07,6.69211e+07,21.8908,21.8908,21.8908,16.8904,0,1.11471,0,8.38832e+07
06/27/2009 14:00,6,27,6,14,0,33.9,47,0,1.67628e+07,7.26466e+07,21.8852,21.8852,21.8852,16.8904,0,1.19749,0,9.00113e+07
06/27/2009 15:00,6,27,6,15,0,34.4,41,0,1.76093e+07,7.37237e+07,21.8898,21.8898,21.8898,16.8904,0,1.26491,0,9.51655e+07
06/27/2009 16:00,6,27,6,16,0,32.2,56,0,1.79026e+07,7.40994e+07,21.891,21.891,21.891,16.8904,0,1.28883,0,9.69893e+07
06/27/2009 17:00,6,27,6,17,0,31.1,55,0,1.78806e+07,7.40708e+07,21.8937,21.8937,21.8937,16.8904,0,1.28698,0,9.6902e+07
06/27/2009 18:00,6,27,6,18,0,30.6,63,0,1.34346e+07,4.85301e+07,21.8895,21.8895,21.8895,16.8904,0,0.93237,0,7.01424e+07
06/27/2009 19:00,6,27,6,19,0,29.4,65,0,0,1.95021e+07,21.883,21.883,21.883,21.883,0,0,0,0
06/27/2009 20:00,6,27,6,20,0,28.9,65,0,0,2.28739e+07,21.883,21.883,21.883,21.883,0,0,0,0
06/27/2009 21:00,6,27,6,21,0,27.8,72,0,0,1.97521e+07,21.883,21.883,21.883,21.883,0,0,0,0
06/27/2009 22:00,6,27,6,22,0,27.2,79,0,0,1.97521e+07,21.883,21.883,21.883,21.883,0,0,0,0
06/27/2009 23:00,6,27,6,23,0,27.2,77,0,0,1.69425e+07,21.883,21.883,21.883,21.883,0,0,0,0
06/28/2009 00:00,6,28,0,0,0,26.7,82,0,0,1.53816e+07,21.883,21.883,21.883,21.883,0,0,0,0
06/28/2009 01:00,6,28,0,1,0,26.1,82,0,0,2.07703e+07,21.883,21.883,21.883,21.883,0,0,0,0
06/28/2009 02:00,6,28,0,2,0,25.6,82,0,0,2.07703e+07,21.883,21.883,21.883,21.883,0,0,0,0
06/28/2009 03:00,6,28,0,3,0,24.4,88,0,0,2.07703e+07,21.883,21.883,21.883,21.883,0,0,0,0
06/28/2009 04:00,6,28,0,4,0,25,88,0,0,2.07703e+07,21.883,21.883,21.883,21.883,0,0,0,0
06/28/2009 05:00,6,28,0,5,0,24.4,91,0,0,2.07703e+07,21.883,21.883,21.883,21.883,0,0,0,0
06/28/2009 06:00,6,28,0,6,0,23.9,94,0,0,2.00731e+07,21.883,21.883,21.883,21.883,0,0,0,0
06/28/2009 07:00,6,28,0,7,0,26.1,85,0,1.24419e+07,3.54444e+07,22.0073,22.0073,22.0073,16.8904,0,0.864411,0,6.67309e+07
06/28/2009 08:00,6,28,0,8,0,27.2,79,0,1.46483e+07,4.41352e+07,21.9703,21.9703,21.9703,16.8904,0,1.02712,0,7.8536e+07
06/28/2009 09:00,6,28,0,9,0,29.4,70,0,1.71435e+07,7.31275e+07,21.9277,21.9277,21.9277,16.8904,0,1.22672,0,9.29985e+07
06/28/2009 10:00,6,28,0,10,0,30,63,0,1.72916e+07,7.33186e+07,21.9112,21.9112,21.9112,16.8904,0,1.23935,0,9.36424e+07
06/28/2009 11:00,6,28,0,11,0,31.1,59,0,1.71176e+07,7.30963e+07,21.9051,21.9051,21.9051,16.8904,0,1.22531,0,9.2468e+07
06/28/2009 12:00,6,28,0,12,0,31.7,54,0,1.67794e+07,7.26662e+07,21.9023,21.9023,21.9023,16.8904,0,1.19839,0,9.03862e+07
06/28/2009 13:00,6,28,0,13,0,32.8,49,0,1.59097e+07,6.71365e+07,21.8986,21.8986,21.8986,16.8904,0,1.12813,0,8.50253e+07
06/28/2009 14:00,6,28,0,14,0,33.3,49,0,1.68662e+07,7.27783e+07,21.8884,21.8884,21.8884,16.8904,0,1.20579,0,9.06916e+07
06/28/2009 15:00,6,28,0,15,0,33.3,44,0,1.76016e+07,7.3714e+07,21.8889,21.8889,21.8889,16.8904,0,1.26432,0,9.51038e+07
06/28/2009 16:00,6,28,0,16,0,31.7,57,0,1.78507e+07,7.40327e+07,21.8886,21.8886,21.8886,16.8904,0,1.28459,0,9.66233e+07
06/28/2009 17:00,6,28,0,17,0,32.8,50,0,1.70713e+07,7.30381e+07,21.8916,21.8916,21.8916,16.8904,0,1.22186,0,9.19602e+07
06/28/2009 18:00,6,28,0,18,0,30,63,0,1.32103e+07,4.82477e+07,21.8877,21.8877,21.8877,16.8904,0,0.915312,0,6.88346e+07
06/28/2009 19:00,6,28,0,19,0,28.3,72,0,0,1.95021e+07,21.8828,21.8828,21.8828,21.8828,0,0,0,0
06/28/2009 20:00,6,28,0,20,0,27.8,74,0,0,2.28739e+07,21.8828,21.8828,21.8828,21.8828,0,0,0,0
06/28/2009 21:00,6,28,0,21,0,27.2,67,0,0,1.97521e+07,21.8828,21.8828,21.8828,21.8828,0,0,0,0
06/28/2009 22:00,6,28,0,22,0,26.7,69,0,0,1.97521e+07,21.8828,21.8828,21.8828,21.8828,0,0,0,0
06/28/2009 23:00,6,28,0,23,0,26.7,69,0,0,1.69425e+07,21.8828,21.8828,21.8828,21.8828,0,0,0,0
06/29/2009 00:00,6,29,1,0,0,26.1,72,0,0,1.53816e+07,21.8828,21.8828,21.8828,21.8828,0,0,0,0
06/29/2009 01:00,6,29,1,1,0,25,79,0,0,2.07703e+07,21.8828,21.8828,21.8828,21.8828,0,0,0,0
06/29/2009 02:00,6,29,1,2,0,24.4,85,0,0,2.07703e+07,21.8828,21.8828,21.8828,21.8828,0,0,0,0
06/29/2009 03:00,6,29,1,3,0,25,82,0,0,2.07703e+07,21.8828,21.8828,21.8828,21.8828,0,0,0,0
06/29/2009 04:00,6,29,1,4,0,24.4,85,0,0,2.07703e+07,21.8828,21.8828,21.8828,21.8828,0,0,0,0
06/29/2009 05:00,6,29,1,5,0,24.4,88,0,0,2.07703e+07,21.8828,21.8828,21.8828,21.8828,0,0,0,0
06/29/2009 06:00,6,29,1,6,0,24.4,88,0,0,2.00731e+07,21.8828,21.8828,21.8828,21.8828,0,0,0,0
06/29/2009 07:00,6,29,1,7,0,25,88,0,1.23644e+07,3.53455e+07,22.0336,22.0336,22.0336,16.8904,0,0.85797,0,6.65895e+07
06/29/2009 08:00,6,29,1,8,0,26.1,82,0,1.4714e+07,4.42184e+07,21.9918,21.9918,21.9918,16.8904,0,1.03221,0,7.92634e+07
06/29/2009 09:00,6,29,1,9,0,27.8,72,0,1.71377e+07,7.31204e+07,21.9461,21.9461,21.9461,16.8904,0,1.22617,0,9.32903e+07
06/29/2009 10:00,6,29,1,10,0,29.4,63,0,1.71988e+07,7.31994e+07,21.9236,21.9236,21.9236,16.8904,0,1.23159,0,9.32855e+07
06/29/2009 11:00,6,29,1,11,0,30,59,0,1.6815e+07,7.271e+07,21.9107,21.9107,21.9107,16.8904,0,1.20063,0,9.07074e+07
06/29/2009 12:00,6,29,1,12,0,31.1,54,0,1.66222e+07,7.24654e+07,21.9067,21.9067,21.9067,16.8904,0,1.18556,0,8.94963e+07
06/29/2009 13:00,6,29,1,13,0,31.7,50,0,1.56998e+07,6.68693e+07,21.9015,21.9015,21.9015,16.8904,0,1.11127,0,8.38018e+07
06/29/2009 14:00,6,29,1,14,0,32.8,49,0,1.66583e+07,7.25134e+07,21.8871,21.8871,21.8871,16.8904,0,1.189,0,8.94055e+07
06/29/2009 15:00,6,29,1,15,0,32.8,47,0,1.73782e+07,7.34285e+07,21.888,21.888,21.888,16.8904,0,1.2461,0,9.37166e+07
06/29/2009 16:00,6,29,1,16,0,33.3,44,0,1.78682e+07,7.40553e+07,21.8899,21.8899,21.8899,16.8904,0,1.28593,0,9.67494e+07
06/29/2009 17:00,6,29,1,17,0,33.3,44,0,1.79819e+07,7.42015e+07,21.89,21.89,21.89,16.8904,0,1.29544,0,9.74658e+07
06/29/2009 18:00,6,29,1,18,0,32.8,45,0,1.48363e+07,5.03069e+07,21.8868,21.8868,21.8868,16.8904,0,1.04202,0,7.83497e+07
06/29/2009 19:00,6,29,1,19,0,30.6,59,0,0,1.95021e+07,21.8826,21.8826,21.8826,21.8826,0,0,0,0
06/29/2009 20:00,6,29,1,20,0,28.3,70,0,0,2.28739e+07,21.8826,21.8826,21.8826,21.8826,0,0,0,0
06/29/2009 21:00,6,29,1,21,0,27.2,74,0,0,1.97521e+07,21.8826,21.8826,21.8826,21.8826,0,0,0,0
06/29/2009 22:00,6,29,1,22,0,26.1,82,0,0,1.97521e+07,21.8826,21.8826,21.8826,21.8826,0,0,0,0
06/29/2009 23:00,6,29,1,23,0,25.6,85,0,0,1.69425e+07,21.8826,21.8826,21.8826,21.8826,0,0,0,0
06/30/2009 00:00,6,30,2,0,0,25,88,0,0,1.53816e+07,21.8826,21.8826,21.8826,21.8826,0,0,0,0
06/30/2009 01:00,6,30,2,1,0,25.6,85,0,0,2.07703e+07,21.8826,21.8826,21.8826,21.8826,0,0,0,0
06/30/2009 02:00,6,30,2,2,0,25,88,0,0,2.07703e+07,21.8826,21.8826,21.8826,21.8826,0,0,0,0
06/30/2009 03:00,6,30,2,3,0,24.4,91,0,0,2.07703e+07,21.8826,21.8826,21.8826,21.8826,0,0,0,0
06/30/2009 04:00,6,30,2,4,0,25,88,0,0,2.07703e+07,21.8826,21.8826,21.8826,21.8826,0,0,0,0
06/30/2009 05:00,6,30,2,5,0,23.9,94,0,0,2.07703e+07,21.8826,21.8826,21.8826,21.8826,0,0,0,0
06/30/2009 06:00,6,30,2,6,0,24.4,94,0,0,2.00731e+07,21.8826,21.8826,21.8826,21.8826,0,0,0,0
06/30/2009 07:00,6,30,2,7,0,26.1,88,0,1.24919e+07,3.55014e+07,22.066,22.066,22.066,16.8904,0,0.866428,0,6.77042e+07
06/30/2009 08:00,6,30,2,8,0,27.2,82,0,1.51286e+07,4.47395e+07,22.0213,22.0213,22.0213,16.8904,0,1.06352,0,8.21415e+07
06/30/2009 09:00,6,30,2,9,0,28.3,74,0,1.72334e+07,7.32379e+07,21.9652,21.9652,21.9652,16.8904,0,1.23269,0,9.41416e+07
06/30/2009 10:00,6,30,2,10,0,30.6,61,0,1.76916e+07,7.38285e+07,21.9321,21.9321,21.9321,16.8904,0,1.27158,0,9.64786e+07
06/30/2009 11:00,6,30,2,11,0,31.1,54,0,1.71509e+07,7.31377e+07,21.9126,21.9126,21.9126,16.8904,0,1.22761,0,9.27808e+07
06/30/2009 12:00,6,30,2,12,0,31.7,50,0,1.67555e+07,7.26352e+07,21.9047,21.9047,21.9047,16.8904,0,1.19627,0,9.02691e+07
06/30/2009 13:00,6,30,2,13,0,32.8,45,0,1.58809e+07,6.70997e+07,21.8982,21.8982,21.8982,16.8904,0,1.12576,0,8.48391e+07
06/30/2009 14:00,6,30,2,14,0,33.3,44,0,1.68593e+07,7.27695e+07,21.8874,21.8874,21.8874,16.8904,0,1.20523,0,9.06322e+07
06/30/2009 15:00,6,30,2,15,0,34.4,45,0,1.7706e+07,7.38475e+07,21.8893,21.8893,21.8893,16.8904,0,1.27296,0,9.5761e+07
06/30/2009 16:00,6,30,2,16,0,34.4,41,0,1.83004e+07,7.46087e+07,21.8901,21.8901,21.8901,16.8904,0,1.3216,0,9.9436e+07
06/30/2009 17:00,6,30,2,17,0,31.7,59,0,1.68555e+07,7.27632e+07,21.8928,21.8928,21.8928,16.8904,0,1.20452,0,9.06765e+07
06/30/2009 18:00,6,30,2,18,0,31.7,57,0,1.40106e+07,4.92578e+07,21.8911,21.8911,21.8911,16.8904,0,0.976805,0,7.35092e+07
06/30/2009 19:00,6,30,2,19,0,29.4,65,0,0,1.95021e+07,21.886,21.886,21.886,21.886,0,0,0,0
06/30/2009 20:00,6,30,2,20,0,29.4,68,0,0,2.28739e+07,21.886,21.886,21.886,21.886,0,0,0,0
06/30/2009 21:00,6,30,2,21,0,28.3,72,0,0,1.97521e+07,21.886,21.886,21.886,21.886,0,0,0,0
06/30/2009 22:00,6,30,2,22,0,27.7,74,0,0,1.97521e+07,21.886,21.886,21.886,21.886,0,0,0,0
06/30/2009 23:00,6,30,2,23,0,27.2,79,0,0,1.69425e+07,21.886,21.886,21.886,21.886,0,0,0,0
07/01/2009 00:00,7,1,3,0,0,26.6,82,0,0,1.53816e+07,21.886,21.886,21.886,21.886,0,0,0,0
07/01/2009 01:00,7,1,3,1,0,26.1,90,0,0,1.42679e+07,21.886,21.886,21.886,21.886,0,0,0,0
07/01/2009 02:00,7,1,3,2,0,25.5,94,0,0,1.42679e+07,21.886,21.886,21.886,21.886,0,0,0,0
07/01/2009 03:00,7,1,3,3,0,25,94,0,0,1.42679e+07,21.886,21.886,21.886,21.886,0,0,0,0
07/01/2009 04:00,7,1,3,4,0,24.4,94,0,0,1.42679e+07,21.886,21.886,21.886,21.886,0,0,0,0
07/01/2009 05:00,7,1,3,5,0,23.3,94,0,0,1.42679e+07,21.886,21.886,21.886,21.886,0,0,0,0
07/01/2009 06:00,7,1,3,6,0,23.9,94,0,0,1.20098e+07,21.886,21.886,21.886,21.886,0,0,0,0
07/01/2009 07:00,7,1,3,7,0,25.6,90,0,149076,1.21854e+07,21.908,21.908,21.908,18.7638,0,0.00776082,0,587219
07/01/2009 08:00,7,1,3,8,0,27.8,82,0,227046,1.22769e+07,21.9704,21.9704,21.9704,16.8904,0,0.01173,0,899369
07/01/2009 09:00,7,1,3,9,0,30,67,0,543020,1.26631e+07,22.0775,22.0775,22.0775,16.8904,0,0.0323164,0,2.52275e+06
07/01/2009 10:00,7,1,3,10,0,31.1,61,0,525197,1.26413e+07,22.1432,22.1432,22.1432,16.8904,0,0.0311325,0,2.46092e+06
07/01/2009 11:00,7,1,3,11,0,32.2,62,0,174101,1.22121e+07,22.1635,22.1635,22.1635,16.8904,0,0.00825799,0,655284
07/01/2009 12:00,7,1,3,12,0,32.8,60,0,0,1.20098e+07,22.1674,22.1674,22.1674,22.1674,0,0,0,0
07/01/2009 13:00,7,1,3,13,0,32.8,57,0,0,1.20098e+07,22.1674,22.1674,22.1674,22.1674,0,0,0,0
07/01/2009 14:00,7,1,3,14,0,33.9,52,0,0,1.20098e+07,22.1674,22.1674,22.1674,22.1674,0,0,0,0
07/01/2009 15:00,7,1,3,15,0,34.4,49,0,192808,1.22379e+07,22.1739,22.1739,22.1739,18.6494,0,0.0102763,0,817376
07/01/2009 16:00,7,1,3,16,0,33.9,52,0,714596,1.28734e+07,22.2072,22.2072,22.2072,16.8904,0,0.0433538,0,3.46867e+06
07/01/2009 17:00,7,1,3,17,0,34.4,48,0,834932,1.30215e+07,22.2266,22.2266,22.2266,16.8904,0,0.0514371,0,4.13042e+06
07/01/2009 18:00,7,1,3,18,0,31.1,63,0,206938,1.22514e+07,22.2298,22.2298,22.2298,16.8904,0,0.0101027,0,811738
07/01/2009 19:00,7,1,3,19,0,30,63,0,0,1.20098e+07,22.2305,22.2305,22.2305,22.2305,0,0,0,0
07/01/2009 20:00,7,1,3,20,0,25,94,0,0,1.53816e+07,22.2305,22.2305,22.2305,22.2305,0,0,0,0
07/01/2009 21:00,7,1,3,21,0,23.3,94,0,0,1.53816e+07,22.2305,22.2305,22.2305,22.2305,0,0,0,0
07/01/2009 22:00,7,1,3,22,0,22.2,97,0,0,1.53816e+07,22.2305,22.2305,22.2305,22.2305,0,0,0,0
07/01/2009 23:00,7,1,3,23,0,22.8,94,0,0,1.53816e+07,22.2305,22.2305,22.2305,22.2305,0,0,0,0
07/02/2009 00:00,7,2,4,0,0,22.8,94,0,0,1.53816e+07,22.2305,22.2305,22.2305,22.2305,0,0,0,0
07/02/2009 01:00,7,2,4,1,0,22.8,94,0,0,1.42679e+07,22.2305,22.2305,22.2305,22.2305,0,0,0,0
07/02/2009 02:00,7,2,4,2,0,22.8,94,0,0,1.42679e+07,22.2305,22.2305,22.2305,22.2305,0,0,0,0
07/02/2009 03:00,7,2,4,3,0,22.8,96,0,0,1.42679e+07,22.2305,22.2305,22.2305,22.2305,0,0,0,0
07/02/2009 04:00,7,2,4,4,0,22.2,97,0,0,1.42679e+07,22.2305,22.2305,22.2305,22.2305,0,0,0,0
07/02/2009 05:00,7,2,4,5,0,22.8,96,0,0,1.42679e+07,22.2305,22.2305,22.2305,22.2305,0,0,0,0
07/02/2009 06:00,7,2,4,6,0,22.8,94,0,0,1.20098e+07,22.2305,22.2305,22.2305,22.2305,0,0,0,0
07/02/2009 07:00,7,2,4,7,0,24.4,91,0,0,1.20098e+07,22.2305,22.2305,22.2305,22.2305,0,0,0,0
07/02/2009 08:00,7,2,4,8,0,26.7,79,0,297480,1.23625e+07,22.2725,22.2725,22.2725,16.8904,0,0.0161894,0,1.31776e+06
07/02/2009 09:00,7,2,4,9,0,28.3,74,0,327320,1.23986e+07,22.3998,22.3998,22.3998,16.8904,0,0.0180107,0,1.49345e+06
07/02/2009 10:00,7,2,4,10,0,30.6,70,0,748038,1.29138e+07,22.4698,22.4698,22.4698,16.8904,0,0.0456938,0,3.83629e+06
07/02/2009 11:00,7,2,4,11,0,32.2,62,0,262826,1.232e+07,22.4829,22.4829,22.4829,16.8904,0,0.0138698,0,1.16723e+06
07/02/2009 12:00,7,2,4,12,0,32.2,62,0,0,1.20098e+07,22.4846,22.4846,22.4846,22.4846,0,0,0,0
07/02/2009 13:00,7,2,4,13,0,32.2,58,0,0,1.20098e+07,22.4846,22.4846,22.4846,22.4846,0,0,0,0
07/02/2009 14:00,7,2,4,14,0,32.8,52,0,95071.6,1.21157e+07,22.4853,22.4853,22.4853,16.8904,0,0.00316985,0,266880
07/02/2009 15:00,7,2,4,15,0,33.3,56,0,511866,1.26129e+07,22.5089,22.5089,22.5089,16.8904,0,0.0265963,0,2.24864e+06
07/02/2009 16:00,7,2,4,16,0,28.9,70,0,989804,1.32001e+07,22.5488,22.5488,22.5488,16.8904,0,0.0583463,0,4.96796e+06
07/02/2009 17:00,7,2,4,17,0,27.8,74,0,223224,1.2271e+07,22.556,22.556,22.556,16.8904,0,0.0110636,0,943226
07/02/2009 18:00,7,2,4,18,0,26.1,82,0,0,1.20098e+07,22.5524,22.5524,22.5524,22.5524,0,0,0,0
07/02/2009 19:00,7,2,4,19,0,26.1,82,0,0,1.20098e+07,22.5524,22.5524,22.5524,22.5524,0,0,0,0
07/02/2009 20:00,7,2,4,20,0,26.1,82,0,0,1.53816e+07,22.5524,22.5524,22.5524,22.5524,0,0,0,0
07/02/2009 21:00,7,2,4,21,0,25,82,0,0,1.53816e+07,22.5524,22.5524,22.5524,22.5524,0,0,0,0
07/02/2009 22:00,7,2,4,22,0,25,84,0,0,1.53816e+07,22.5524,22.5524,22.5524,22.5524,0,0,0,0
07/02/2009 23:00,7,2,4,23,0,24.4,88,0,0,1.53816e+07,22.5524,22.5524,22.5524,22.5524,0,0,0,0
07/03/2009 00:00,7,3,5,0,0,23.9,90,0,0,1.53816e+07,22.5524,22.5524,22.5524,22.5524,0,0,0,0
07/03/2009 01:00,7,3,5,1,0,23.9,90,0,0,2.07703e+07,22.5524,22.5524,22.5524,22.5524,0,0,0,0
07/03/2009 02:00,7,3,5,2,0,23.9,94,0,0,2.07703e+07,22.5524,22.5524,22.5524,22.5524,0,0,0,0
07/03/2009 03:00,7,3,5,3,0,23.9,94,0,0,2.07703e+07,22.5524,22.5524,22.5524,22.5524,0,0,0,0
07/03/2009 04:00,7,3,5,4,0,24.4,91,0,0,2.07703e+07,22.5524,22.5524,22.5524,22.5524,0,0,0,0
07/03/2009 05:00,7,3,5,5,0,23.9,94,0,0,2.07703e+07,22.5524,22.5524,22.5524,22.5524,0,0,0,0
07/03/2009 06:00,7,3,5,6,0,23.9,94,0,0,2.00731e+07,22.5524,22.5524,22.5524,22.5524,0,0,0,0
07/03/2009 07:00,7,3,5,7,0,25.6,85,0,1.65879e+07,4.06746e+07,22.2296,22.2296,22.2296,16.8904,0,1.1839,0,9.58114e+07
07/03/2009 08:00,7,3,5,8,0,27.8,77,0,2.07347e+07,5.19004e+07,22.1476,22.1476,22.1476,16.8904,0,1.52192,0,1.2047e+08
07/03/2009 09:00,7,3,5,9,0,29.4,70,0,2.11238e+07,7.82289e+07,22.0185,22.0185,22.0185,16.8904,0,1.55719,0,1.20215e+08
07/03/2009 10:00,7,3,5,10,0,30.6,65,0,2.05069e+07,7.74403e+07,21.9519,21.9519,21.9519,16.8904,0,1.50658,0,1.14758e+08
07/03/2009 11:00,7,3,5,11,0,32.2,58,0,1.91846e+07,7.57392e+07,21.9333,21.9333,21.9333,16.8904,0,1.39533,0,1.0589e+08
07/03/2009 12:00,7,3,5,12,0,32.8,54,0,1.90223e+07,7.5534e+07,21.9159,21.9159,21.9159,16.8904,0,1.38281,0,1.0458e+08
07/03/2009 13:00,7,3,5,13,0,33.3,52,0,1.74755e+07,6.9133e+07,21.8954,21.8954,21.8954,16.8904,0,1.25538,0,9.4555e+07
07/03/2009 14:00,7,3,5,14,0,34.4,51,0,1.8206e+07,7.44919e+07,21.8763,21.8763,21.8763,16.8904,0,1.31627,0,9.87621e+07
07/03/2009 15:00,7,3,5,15,0,32.8,54,0,1.87585e+07,7.51959e+07,21.8806,21.8806,21.8806,16.8904,0,1.36054,0,1.02171e+08
07/03/2009 16:00,7,3,5,16,0,26.7,76,0,1.8319e+07,7.46324e+07,21.8842,21.8842,21.8842,16.8904,0,1.32402,0,9.95008e+07
07/03/2009 17:00,7,3,5,17,0,26.1,82,0,1.81067e+07,7.43601e+07,21.8889,21.8889,21.8889,16.8904,0,1.30614,0,9.82508e+07
07/03/2009 18:00,7,3,5,18,0,27.2,77,0,1.43997e+07,4.97511e+07,21.8892,21.8892,21.8892,16.8904,0,1.00801,0,7.58284e+07
07/03/2009 19:00,7,3,5,19,0,28.3,74,0,0,1.95021e+07,21.886,21.886,21.886,21.886,0,0,0,0
07/03/2009 20:00,7,3,5,20,0,26.7,87,0,0,2.28739e+07,21.886,21.886,21.886,21.886,0,0,0,0
07/03/2009 21:00,7,3,5,21,0,26.1,90,0,0,1.97521e+07,21.886,21.886,21.886,21.886,0,0,0,0
07/03/2009 22:00,7,3,5,22,0,26.7,85,0,0,1.97521e+07,21.886,21.886,21.886,21.886,0,0,0,0
07/03/2009 23:00,7,3,5,23,0,26.1,90,0,0,1.69425e+07,21.886,21.886,21.886,21.886,0,0,0,0
07/04/2009 00:00,7,4,6,0,0,25.6,90,0,0,1.53816e+07,21.886,21.886,21.886,21.886,0,0,0,0
07/04/2009 01:00,7,4,6,1,0,26.1,82,0,0,2.07703e+07,21.886,21.886,21.886,21.886,0,0,0,0
07/04/2009 02:00,7,4,6,2,0,25.6,90,0,0,2.07703e+07,21.886,21.886,21.886,21.886,0,0,0,0
07/04/2009 03:00,7,4,6,3,0,25,94,0,0,2.07703e+07,21.886,21.886,21.886,21.886,0,0,0,0
07/04/2009 04:00,7,4,6,4,0,25,94,0,0,2.07703e+07,21.886,21.886,21.886,21.886,0,0,0,0
07/04/2009 05:00,7,4,6,5,0,24.4,94,0,0,2.07703e+07,21.886,21.886,21.886,21.886,0,0,0,0
07/04/2009 06:00,7,4,6,6,0,25,94,0,0,2.00731e+07,21.886,21.886,21.886,21.886,0,0,0,0
07/04/2009 07:00,7,4,6,7,0,26.1,88,0,1.27749e+07,3.58591e+07,22.0698,22.0698,22.0698,16.8904,0,0.888732,0,6.94875e+07
07/04/2009 08:00,7,4,6,8,0,26.1,85,0,1.53307e+07,4.49934e+07,22.0256,22.0256,22.0256,16.8904,0,1.07935,0,8.3439e+07
07/04/2009 09:00,7,4,6,9,0,27.2,79,0,1.74839e+07,7.35596e+07,21.9597,21.9597,21.9597,16.8904,0,1.25406,0,9.568e+07
07/04/2009 10:00,7,4,6,10,0,27.8,79,0,1.80141e+07,7.42411e+07,21.9281,21.9281,21.9281,16.8904,0,1.2984,0,9.84346e+07
07/04/2009 11:00,7,4,6,11,0,29.4,72,0,1.78278e+07,7.4003e+07,21.915,21.915,21.915,16.8904,0,1.28339,0,9.70423e+07
07/04/2009 12:00,7,4,6,12,0,30,70,0,1.76075e+07,7.3723e+07,21.9103,21.9103,21.9103,16.8904,0,1.26591,0,9.56308e+07
07/04/2009 13:00,7,4,6,13,0,31.7,61,0,1.67958e+07,6.82653e+07,21.9011,21.9011,21.9011,16.8904,0,1.19976,0,9.04679e+07
07/04/2009 14:00,7,4,6,14,0,32.8,56,0,1.7255e+07,7.32754e+07,21.8844,21.8844,21.8844,16.8904,0,1.23788,0,9.30309e+07
07/04/2009 15:00,7,4,6,15,0,31.7,56,0,1.76485e+07,7.3775e+07,21.8865,21.8865,21.8865,16.8904,0,1.26886,0,9.5399e+07
07/04/2009 16:00,7,4,6,16,0,32.2,54,0,1.83111e+07,7.46217e+07,21.8903,21.8903,21.8903,16.8904,0,1.32257,0,9.95142e+07
07/04/2009 17:00,7,4,6,17,0,31.7,59,0,1.83321e+07,7.46491e+07,21.8933,21.8933,21.8933,16.8904,0,1.32434,0,9.97062e+07
07/04/2009 18:00,7,4,6,18,0,31.1,61,0,1.46703e+07,5.00934e+07,21.8914,21.8914,21.8914,16.8904,0,1.02853,0,7.74059e+07
07/04/2009 19:00,7,4,6,19,0,29.4,63,0,0,1.95021e+07,21.8872,21.8872,21.8872,21.8872,0,0,0,0
07/04/2009 20:00,7,4,6,20,0,26.1,74,0,0,2.28739e+07,21.8872,21.8872,21.8872,21.8872,0,0,0,0
07/04/2009 21:00,7,4,6,21,0,26.1,77,0,0,1.97521e+07,21.8872,21.8872,21.8872,21.8872,0,0,0,0
07/04/2009 22:00,7,4,6,22,0,25,84,0,0,1.97521e+07,21.8872,21.8872,21.8872,21.8872,0,0,0,0
07/04/2009 23:00,7,4,6,23,0,25,84,0,0,1.69425e+07,21.8872,21.8872,21.8872,21.8872,0,0,0,0
07/05/2009 00:00,7,5,0,0,0,25,82,0,0,1.53816e+07,21.8872,21.8872,21.8872,21.8872,0,0,0,0
07/05/2009 01:00,7,5,0,1,0,24.4,85,0,0,2.07703e+07,21.8872,21.8872,21.8872,21.8872,0,0,0,0
07/05/2009 02:00,7,5,0,2,0,23.9,90,0,0,2.07703e+07,21.8872,21.8872,21.8872,21.8872,0,0,0,0
07/05/2009 03:00,7,5,0,3,0,23.9,90,0,0,2.07703e+07,21.8872,21.8872,21.8872,21.8872,0,0,0,0
07/05/2009 04:00,7,5,0,4,0,23.3,94,0,0,2.07703e+07,21.8872,21.8872,21.8872,21.8872,0,0,0,0
07/05/2009 05:00,7,5,0,5,0,23.3,94,0,0,2.07703e+07,21.8872,21.8872,21.8872,21.8872,0,0,0,0
07/05/2009 06:00,7,5,0,6,0,23.3,94,0,0,2.00731e+07,21.8872,21.8872,21.8872,21.8872,0,0,0,0
07/05/2009 07:00,7,5,0,7,0,24.4,94,0,1.32874e+07,3.65042e+07,22.0886,22.0886,22.0886,16.8904,0,0.92754,0,7.28184e+07
07/05/2009 08:00,7,5,0,8,0,26.7,85,0,1.58918e+07,4.5708e+07,22.0375,22.0375,22.0375,16.8904,0,1.12418,0,8.71054e+07
07/05/2009 09:00,7,5,0,9,0,28.9,72,0,1.78549e+07,7.40339e+07,21.9704,21.9704,21.9704,16.8904,0,1.2841,0,9.81703e+07
07/05/2009 10:00,7,5,0,10,0,30,63,0,1.79536e+07,7.41631e+07,21.9315,21.9315,21.9315,16.8904,0,1.29318,0,9.81072e+07
07/05/2009 11:00,7,5,0,11,0,31.7,56,0,1.74698e+07,7.35458e+07,21.9088,21.9088,21.9088,16.8904,0,1.25403,0,9.47057e+07
07/05/2009 12:00,7,5,0,12,0,32.2,52,0,1.71838e+07,7.31827e+07,21.8984,21.8984,21.8984,16.8904,0,1.23153,0,9.2814e+07
07/05/2009 13:00,7,5,0,13,0,33.9,46,0,1.65051e+07,6.78951e+07,21.8927,21.8927,21.8927,16.8904,0,1.17633,0,8.85526e+07
07/05/2009 14:00,7,5,0,14,0,33.9,47,0,1.73256e+07,7.33656e+07,21.8801,21.8801,21.8801,16.8904,0,1.24361,0,9.33811e+07
07/05/2009 15:00,7,5,0,15,0,31.7,59,0,1.76967e+07,7.38372e+07,21.8841,21.8841,21.8841,16.8904,0,1.273,0,9.56654e+07
07/05/2009 16:00,7,5,0,16,0,32.8,57,0,1.84037e+07,7.47399e+07,21.8898,21.8898,21.8898,16.8904,0,1.33032,0,1.00087e+08
07/05/2009 17:00,7,5,0,17,0,32.2,56,0,1.80354e+07,7.42683e+07,21.8932,21.8932,21.8932,16.8904,0,1.29981,0,9.78571e+07
07/05/2009 18:00,7,5,0,18,0,31.1,61,0,1.49584e+07,5.04592e+07,21.8917,21.8917,21.8917,16.8904,0,1.05124,0,7.91202e+07
07/05/2009 19:00,7,5,0,19,0,30,65,0,0,1.95021e+07,21.8884,21.8884,21.8884,21.8884,0,0,0,0
07/05/2009 20:00,7,5,0,20,0,28.9,72,0,0,2.28739e+07,21.8884,21.8884,21.8884,21.8884,0,0,0,0
07/05/2009 21:00,7,5,0,21,0,28.3,79,0,0,1.97521e+07,21.8884,21.8884,21.8884,21.8884,0,0,0,0
07/05/2009 22:00,7,5,0,22,0,27.8,82,0,0,1.97521e+07,21.8884,21.8884,21.8884,21.8884,0,0,0,0
07/05/2009 23:00,7,5,0,23,0,27.2,82,0,0,1.69425e+07,21.8884,21.8884,21.8884,21.8884,0,0,0,0
07/06/2009 00:00,7,6,1,0,0,25.6,90,0,0,1.53816e+07,21.8884,21.8884,21.8884,21.8884,0,0,0,0
07/06/2009 01:00,7,6,1,1,0,25.6,90,0,0,2.07703e+07,21.8884,21.8884,21.8884,21.8884,0,0,0,0
07/06/2009 02:00,7,6,1,2,0,25,94,0,0,2.07703e+07,21.8884,21.8884,21.8884,21.8884,0,0,0,0
07/06/2009 03:00,7,6,1,3,0,25,94,0,0,2.07703e+07,21.8884,21.8884,21.8884,21.8884,0,0,0,0
07/06/2009 04:00,7,6,1,4,0,25,94,0,0,2.07703e+07,21.8884,21.8884,21.8884,21.8884,0,0,0,0
07/06/2009 05:00,7,6,1,5,0,24.4,97,0,0,2.07703e+07,21.8884,21.8884,21.8884,21.8884,0,0,0,0
07/06/2009 06:00,7,6,1,6,0,24.4,97,0,0,2.00731e+07,21.8884,21.8884,21.8884,21.8884,0,0,0,0
07/06/2009 07:00,7,6,1,7,0,26.1,90,0,1.30171e+07,3.61645e+07,22.0503,22.0503,22.0503,16.8904,0,0.907185,0,7.06723e+07
07/06/2009 08:00,7,6,1,8,0,28.3,79,0,1.56776e+07,4.54375e+07,22.0042,22.0042,22.0042,16.8904,0,1.10763,0,8.52639e+07
07/06/2009 09:00,7,6,1,9,0,30.6,68,0,1.76942e+07,7.38278e+07,21.9516,21.9516,21.9516,16.8904,0,1.27094,0,9.68025e+07
07/06/2009 10:00,7,6,1,10,0,31.7,61,0,1.84265e+07,7.47686e+07,21.9238,21.9238,21.9238,16.8904,0,1.33224,0,1.00915e+08
07/06/2009 11:00,7,6,1,11,0,32.2,58,0,1.80252e+07,7.4256e+07,21.9071,21.9071,21.9071,16.8904,0,1.29966,0,9.81178e+07
07/06/2009 12:00,7,6,1,12,0,32.8,56,0,1.78204e+07,7.39959e+07,21.8991,21.8991,21.8991,16.8904,0,1.28353,0,9.67462e+07
07/06/2009 13:00,7,6,1,13,0,33.9,52,0,1.69632e+07,6.84787e+07,21.8963,21.8963,21.8963,16.8904,0,1.21327,0,9.13978e+07
07/06/2009 14:00,7,6,1,14,0,32.2,58,0,1.81048e+07,7.43611e+07,21.8876,21.8876,21.8876,16.8904,0,1.30727,0,9.83084e+07
07/06/2009 15:00,7,6,1,15,0,28.3,77,0,1.73353e+07,7.33752e+07,21.8905,21.8905,21.8905,16.8904,0,1.24345,0,9.35643e+07
07/06/2009 16:00,7,6,1,16,0,29.4,72,0,1.7978e+07,7.41956e+07,21.8969,21.8969,21.8969,16.8904,0,1.29571,0,9.76213e+07
07/06/2009 17:00,7,6,1,17,0,29.4,65,0,1.77354e+07,7.38849e+07,21.9007,21.9007,21.9007,16.8904,0,1.27565,0,9.61817e+07
07/06/2009 18:00,7,6,1,18,0,28.9,72,0,1.43657e+07,4.97068e+07,21.8971,21.8971,21.8971,16.8904,0,1.00449,0,7.5683e+07
07/06/2009 19:00,7,6,1,19,0,28.3,70,0,0,1.95021e+07,21.8932,21.8932,21.8932,21.8932,0,0,0,0
07/06/2009 20:00,7,6,1,20,0,27.2,74,0,0,2.28739e+07,21.8932,21.8932,21.8932,21.8932,0,0,0,0
07/06/2009 21:00,7,6,1,21,0,26.7,82,0,0,1.97521e+07,21.8932,21.8932,21.8932,21.8932,0,0,0,0
07/06/2009 22:00,7,6,1,22,0,26.7,82,0,0,1.97521e+07,21.8932,21.8932,21.8932,21.8932,0,0,0,0
07/06/2009 23:00,7,6,1,23,0,26.1,88,0,0,1.69425e+07,21.8932,21.8932,21.8932,21.8932,0,0,0,0
07/07/2009 00:00,7,7,2,0,0,25,94,0,0,1.53816e+07,21.8932,21.8932,21.8932,21.8932,0,0,0,0
07/07/2009 01:00,7,7,2,1,0,25.6,90,0,0,2.07703e+07,21.8932,21.8932,21.8932,21.8932,0,0,0,0
07/07/2009 02:00,7,7,2,2,0,26.1,90,0,0,2.07703e+07,21.8932,21.8932,21.8932,21.8932,0,0,0,0
07/07/2009 03:00,7,7,2,3,0,26.1,90,0,0,2.07703e+07,21.8932,21.8932,21.8932,21.8932,0,0,0,0
07/07/2009 04:00,7,7,2,4,0,25.6,93,0,0,2.07703e+07,21.8932,21.8932,21.8932,21.8932,0,0,0,0
07/07/2009 05:00,7,7,2,5,0,24.4,97,0,0,2.07703e+07,21.8932,21.8932,21.8932,21.8932,0,0,0,0
07/07/2009 06:00,7,7,2,6,0,24.4,97,0,0,2.23312e+07,21.8932,21.8932,21.8932,21.8932,0,0,0,0
07/07/2009 07:00,7,7,2,7,0,25.6,93,0,1.26798e+07,3.57401e+07,22.0537,22.0537,22.0537,16.8904,0,0.88161,0,6.87269e+07
07/07/2009 08:00,7,7,2,8,0,26.1,90,0,1.46231e+07,4.4097e+07,22.0098,22.0098,22.0098,16.8904,0,1.02362,0,7.88806e+07
07/07/2009 09:00,7,7,2,9,0,25,94,0,1.72608e+07,7.32752e+07,21.9529,21.9529,21.9529,16.8904,0,1.23577,0,9.41557e+07
07/07/2009 10:00,7,7,2,10,0,27.2,79,0,1.71586e+07,7.31465e+07,21.9279,21.9279,21.9279,16.8904,0,1.22809,0,9.30989e+07
07/07/2009 11:00,7,7,2,11,0,30.6,68,0,1.68415e+07,7.27434e+07,21.9187,21.9187,21.9187,16.8904,0,1.20285,0,9.1019e+07
07/07/2009 12:00,7,7,2,12,0,29.4,65,0,1.67964e+07,7.26874e+07,21.9137,21.9137,21.9137,16.8904,0,1.19973,0,9.06929e+07
07/07/2009 13:00,7,7,2,13,0,30.6,61,0,1.63524e+07,6.76995e+07,21.9082,21.9082,21.9082,16.8904,0,1.16364,0,8.78692e+07
07/07/2009 14:00,7,7,2,14,0,31.7,57,0,1.68749e+07,7.2789e+07,21.8981,21.8981,21.8981,16.8904,0,1.2065,0,9.09221e+07
07/07/2009 15:00,7,7,2,15,0,31.7,57,0,1.76897e+07,7.3826e+07,21.9001,21.9001,21.9001,16.8904,0,1.27152,0,9.58598e+07
07/07/2009 16:00,7,7,2,16,0,31.1,57,0,1.7721e+07,7.3866e+07,21.9007,21.9007,21.9007,16.8904,0,1.27414,0,9.60685e+07
07/07/2009 17:00,7,7,2,17,0,30.6,61,0,1.75443e+07,7.36406e+07,21.9018,21.9018,21.9018,16.8904,0,1.25992,0,9.50171e+07
07/07/2009 18:00,7,7,2,18,0,29.4,63,0,1.34527e+07,4.85527e+07,21.8993,21.8993,21.8993,16.8904,0,0.933787,0,7.03875e+07
07/07/2009 19:00,7,7,2,19,0,28.9,67,0,0,1.95021e+07,21.8962,21.8962,21.8962,21.8962,0,0,0,0
07/07/2009 20:00,7,7,2,20,0,27.8,74,0,0,2.28739e+07,21.8962,21.8962,21.8962,21.8962,0,0,0,0
07/07/2009 21:00,7,7,2,21,0,26.7,82,0,0,1.97521e+07,21.8962,21.8962,21.8962,21.8962,0,0,0,0
07/07/2009 22:00,7,7,2,22,0,26.1,88,0,0,1.97521e+07,21.8962,21.8962,21.8962,21.8962,0,0,0,0
07/07/2009 23:00,7,7,2,23,0,26.1,88,0,0,1.69425e+07,21.8962,21.8962,21.8962,21.8962,0,0,0,0
07/08/2009 00:00,7,8,3,0,0,25.6,90,0,0,1.53816e+07,21.8962,21.8962,21.8962,21.8962,0,0,0,0
07/08/2009 01:00,7,8,3,1,0,25.6,90,0,0,1.42679e+07,21.8962,21.8962,21.8962,21.8962,0,0,0,0
07/08/2009 02:00,7,8,3,2,0,25,94,0,0,1.42679e+07,21.8962,21.8962,21.8962,21.8962,0,0,0,0
07/08/2009 03:00,7,8,3,3,0,25,94,0,0,1.42679e+07,21.8962,21.8962,21.8962,21.8962,0,0,0,0
07/08/2009 04:00,7,8,3,4,0,25.6,90,0,0,1.42679e+07,21.8962,21.8962,21.8962,21.8962,0,0,0,0
07/08/2009 05:00,7,8,3,5,0,26.1,82,0,0,1.42679e+07,21.8962,21.8962,21.8962,21.8962,0,0,0,0
07/08/2009 06:00,7,8,3,6,0,25.6,76,0,0,1.42679e+07,21.8962,21.8962,21.8962,21.8962,0,0,0,0
07/08/2009 07:00,7,8,3,7,0,25,82,0,0,1.20098e+07,21.8962,21.8962,21.8962,21.8962,0,0,0,0
07/08/2009 08:00,7,8,3,8,0,26.1,79,0,0,1.20098e+07,21.8962,21.8962,21.8962,21.8962,0,0,0,0
07/08/2009 09:00,7,8,3,9,0,27.8,69,0,0,1.20098e+07,21.8962,21.8962,21.8962,21.8962,0,0,0,0
07/08/2009 10:00,7,8,3,10,0,29.4,63,0,0,1.20098e+07,21.8962,21.8962,21.8962,21.8962,0,0,0,0
07/08/2009 11:00,7,8,3,11,0,31.1,57,0,0,1.20098e+07,21.8962,21.8962,21.8962,21.8962,0,0,0,0
07/08/2009 12:00,7,8,3,12,0,31.7,54,0,0,1.20098e+07,21.8962,21.8962,21.8962,21.8962,0,0,0,0
07/08/2009 13:00,7,8,3,13,0,32.8,45,0,0,1.20098e+07,21.8962,21.8962,21.8962,21.8962,0,0,0,0
07/08/2009 14:00,7,8,3,14,0,32.8,44,0,0,1.20098e+07,21.8962,21.8962,21.8962,21.8962,0,0,0,0
07/08/2009 15:00,7,8,3,15,0,33.3,40,0,157242,1.21933e+07,21.9531,21.9531,21.9531,18.1419,0,0.00765133,0,584657
07/08/2009 16:00,7,8,3,16,0,33.3,47,0,658376,1.28034e+07,22.245,22.245,22.245,16.8904,0,0.0393534,0,3.171e+06
07/08/2009 17:00,7,8,3,17,0,24.4,91,0,0,1.20098e+07,22.3841,22.3841,22.3841,22.3841,0,0,0,0
07/08/2009 18:00,7,8,3,18,0,25.6,79,0,0,1.20098e+07,22.3841,22.3841,22.3841,22.3841,0,0,0,0
07/08/2009 19:00,7,8,3,19,0,25.6,87,0,0,1.20098e+07,22.3841,22.3841,22.3841,22.3841,0,0,0,0
07/08/2009 20:00,7,8,3,20,0,25.6,87,0,0,1.53816e+07,22.3841,22.3841,22.3841,22.3841,0,0,0,0
07/08/2009 21:00,7,8,3,21,0,26.7,85,0,0,1.53816e+07,22.3841,22.3841,22.3841,22.3841,0,0,0,0
07/08/2009 22:00,7,8,3,22,0,26.7,87,0,0,1.53816e+07,22.3841,22.3841,22.3841,22.3841,0,0,0,0
07/08/2009 23:00,7,8,3,23,0,26.7,90,0,0,1.53816e+07,22.3841,22.3841,22.3841,22.3841,0,0,0,0
07/09/2009 00:00,7,9,4,0,0,25.6,93,0,0,1.53816e+07,22.3841,22.3841,22.3841,22.3841,0,0,0,0
07/09/2009 01:00,7,9,4,1,0,26.7,87,0,0,1.42679e+07,22.3841,22.3841,22.3841,22.3841,0,0,0,0
07/09/2009 02:00,7,9,4,2,0,25.6,93,0,0,1.42679e+07,22.3841,22.3841,22.3841,22.3841,0,0,0,0
07/09/2009 03:00,7,9,4,3,0,25.6,90,0,0,1.42679e+07,22.3841,22.3841,22.3841,22.3841,0,0,0,0
07/09/2009 04:00,7,9,4,4,0,26.1,88,0,0,1.42679e+07,22.3841,22.3841,22.3841,22.3841,0,0,0,0
07/09/2009 05:00,7,9,4,5,0,25.6,90,0,0,1.42679e+07,22.3841,22.3841,22.3841,22.3841,0,0,0,0
07/09/2009 06:00,7,9,4,6,0,25,94,0,0,1.42679e+07,22.3841,22.3841,22.3841,22.3841,0,0,0,0
07/09/2009 07:00,7,9,4,7,0,26.7,87,0,0,1.20098e+07,22.3841,22.3841,22.3841,22.3841,0,0,0,0
07/09/2009 08:00,7,9,4,8,0,27.8,82,0,0,1.20098e+07,22.3841,22.3841,22.3841,22.3841,0,0,0,0
07/09/2009 09:00,7,9,4,9,0,28.9,77,0,276741,1.23389e+07,22.4354,22.4354,22.4354,17.9892,0,0.0153322,0,1.28205e+06
07/09/2009 10:00,7,9,4,10,0,31.1,59,0,338661,1.24123e+07,22.539,22.539,22.539,16.8904,0,0.0187129,0,1.5916e+06
07/09/2009 11:00,7,9,4,11,0,32.2,56,0,250603,1.23049e+07,22.5884,22.5884,22.5884,16.8904,0,0.0130384,0,1.11792e+06
07/09/2009 12:00,7,9,4,12,0,33.3,51,0,0,1.20098e+07,22.5959,22.5959,22.5959,22.5959,0,0,0,0
07/09/2009 13:00,7,9,4,13,0,33.9,51,0,0,1.20098e+07,22.5959,22.5959,22.5959,22.5959,0,0,0,0
07/09/2009 14:00,7,9,4,14,0,33.9,46,0,0,1.20098e+07,22.5959,22.5959,22.5959,22.5959,0,0,0,0
07/09/2009 15:00,7,9,4,15,0,34.4,41,0,535193,1.2647e+07,22.6174,22.6174,22.6174,16.8904,0,0.0296847,0,2.55883e+06
07/09/2009 16:00,7,9,4,16,0,33.9,43,0,1.06314e+06,1.329e+07,22.6149,22.6149,22.6149,16.8904,0,0.0631776,0,5.44214e+06
07/09/2009 17:00,7,9,4,17,0,33.3,44,0,1.09705e+06,1.33434e+07,22.5641,22.5641,22.5641,16.8904,0,0.0688454,0,5.87786e+06
07/09/2009 18:00,7,9,4,18,0,32.8,44,0,900398,1.31012e+07,22.496,22.496,22.496,16.8904,0,0.0555948,0,4.68959e+06
07/09/2009 19:00,7,9,4,19,0,31.1,52,0,313080,1.23808e+07,22.4582,22.4582,22.4582,16.8904,0,0.0168694,0,1.41341e+06
07/09/2009 20:00,7,9,4,20,0,29.4,59,0,0,1.53816e+07,22.4459,22.4459,22.4459,22.4459,0,0,0,0
07/09/2009 21:00,7,9,4,21,0,28.3,67,0,0,1.53816e+07,22.4459,22.4459,22.4459,22.4459,0,0,0,0
07/09/2009 22:00,7,9,4,22,0,27.2,74,0,0,1.53816e+07,22.4459,22.4459,22.4459,22.4459,0,0,0,0
07/09/2009 23:00,7,9,4,23,0,26.7,76,0,0,1.53816e+07,22.4459,22.4459,22.4459,22.4459,0,0,0,0
07/10/2009 00:00,7,10,5,0,0,26.1,82,0,0,1.53816e+07,22.4459,22.4459,22.4459,22.4459,0,0,0,0
07/10/2009 01:00,7,10,5,1,0,26.1,82,0,0,2.07703e+07,22.4459,22.4459,22.4459,22.4459,0,0,0,0
07/10/2009 02:00,7,10,5,2,0,24.4,91,0,0,2.07703e+07,22.4459,22.4459,22.4459,22.4459,0,0,0,0
07/10/2009 03:00,7,10,5,3,0,24.4,91,0,0,2.07703e+07,22.4459,22.4459,22.4459,22.4459,0,0,0,0
07/10/2009 04:00,7,10,5,4,0,24.4,91,0,0,2.07703e+07,22.4459,22.4459,22.4459,22.4459,0,0,0,0
07/10/2009 05:00,7,10,5,5,0,23.9,94,0,0,2.07703e+07,22.4459,22.4459,22.4459,22.4459,0,0,0,0
07/10/2009 06:00,7,10,5,6,0,24.4,91,0,0,2.23312e+07,22.4459,22.4459,22.4459,22.4459,0,0,0,0
07/10/2009 07:00,7,10,5,7,0,26.7,85,0,1.56149e+07,3.94374e+07,22.2251,22.2251,22.2251,16.8904,0,1.10628,0,8.94341e+07
07/10/2009 08:00,7,10,5,8,0,28.9,77,0,2.0541e+07,5.16472e+07,22.149,22.149,22.149,16.8904,0,1.50455,0,1.19134e+08
07/10/2009 09:00,7,10,5,9,0,29.4,70,0,2.11376e+07,7.82437e+07,22.0202,22.0202,22.0202,16.8904,0,1.55767,0,1.20293e+08
07/10/2009 10:00,7,10,5,10,0,31.7,59,0,2.07755e+07,7.7784e+07,21.9542,21.9542,21.9542,16.8904,0,1.52878,0,1.16502e+08
07/10/2009 11:00,7,10,5,11,0,32.2,54,0,1.96977e+07,7.63992e+07,21.9211,21.9211,21.9211,16.8904,0,1.43856,0,1.08909e+08
07/10/2009 12:00,7,10,5,12,0,32.2,52,0,1.9082e+07,7.56111e+07,21.91,21.91,21.91,16.8904,0,1.38793,0,1.04843e+08
07/10/2009 13:00,7,10,5,13,0,33.3,49,0,1.80363e+07,6.98497e+07,21.9004,21.9004,21.9004,16.8904,0,1.30127,0,9.81081e+07
07/10/2009 14:00,7,10,5,14,0,34.4,46,0,1.89022e+07,7.53829e+07,21.8869,21.8869,21.8869,16.8904,0,1.37361,0,1.03284e+08
07/10/2009 15:00,7,10,5,15,0,35,43,0,1.94444e+07,7.60754e+07,21.8884,21.8884,21.8884,16.8904,0,1.41751,0,1.06616e+08
07/10/2009 16:00,7,10,5,16,0,34.4,48,0,1.98204e+07,7.65583e+07,21.8877,21.8877,21.8877,16.8904,0,1.44861,0,1.08939e+08
07/10/2009 17:00,7,10,5,17,0,32.8,56,0,1.94322e+07,7.60592e+07,21.8902,21.8902,21.8902,16.8904,0,1.41601,0,1.06542e+08
07/10/2009 18:00,7,10,5,18,0,32.8,52,0,1.61023e+07,5.19125e+07,21.8897,21.8897,21.8897,16.8904,0,1.14257,0,8.59592e+07
07/10/2009 19:00,7,10,5,19,0,31.1,63,0,0,1.95021e+07,21.8869,21.8869,21.8869,21.8869,0,0,0,0
07/10/2009 20:00,7,10,5,20,0,30,65,0,0,2.28739e+07,21.8869,21.8869,21.8869,21.8869,0,0,0,0
07/10/2009 21:00,7,10,5,21,0,28.9,74,0,0,1.97521e+07,21.8869,21.8869,21.8869,21.8869,0,0,0,0
07/10/2009 22:00,7,10,5,22,0,28.3,77,0,0,1.97521e+07,21.8869,21.8869,21.8869,21.8869,0,0,0,0
07/10/2009 23:00,7,10,5,23,0,27.8,82,0,0,1.69425e+07,21.8869,21.8869,21.8869,21.8869,0,0,0,0
07/11/2009 00:00,7,11,6,0,0,27.8,82,0,0,1.53816e+07,21.8869,21.8869,21.8869,21.8869,0,0,0,0
07/11/2009 01:00,7,11,6,1,0,27.2,85,0,0,2.07703e+07,21.8869,21.8869,21.8869,21.8869,0,0,0,0
07/11/2009 02:00,7,11,6,2,0,26.1,90,0,0,2.07703e+07,21.8869,21.8869,21.8869,21.8869,0,0,0,0
07/11/2009 03:00,7,11,6,3,0,26.7,87,0,0,2.07703e+07,21.8869,21.8869,21.8869,21.8869,0,0,0,0
07/11/2009 04:00,7,11,6,4,0,26.7,85,0,0,2.07703e+07,21.8869,21.8869,21.8869,21.8869,0,0,0,0
07/11/2009 05:00,7,11,6,5,0,26.1,88,0,0,2.07703e+07,21.8869,21.8869,21.8869,21.8869,0,0,0,0
07/11/2009 06:00,7,11,6,6,0,26.1,88,0,0,2.23312e+07,21.8869,21.8869,21.8869,21.8869,0,0,0,0
07/11/2009 07:00,7,11,6,7,0,27.8,82,0,1.54858e+07,3.92752e+07,22.171,22.171,22.171,16.8904,0,1.09621,0,8.75043e+07
07/11/2009 08:00,7,11,6,8,0,29.4,75,0,1.83807e+07,4.88781e+07,22.1052,22.1052,22.1052,16.8904,0,1.32494,0,1.04033e+08
07/11/2009 09:00,7,11,6,9,0,30.6,65,0,1.96826e+07,7.63721e+07,21.9987,21.9987,21.9987,16.8904,0,1.4347,0,1.10322e+08
07/11/2009 10:00,7,11,6,10,0,32.2,58,0,1.95143e+07,7.61612e+07,21.9458,21.9458,21.9458,16.8904,0,1.42212,0,1.08194e+08
07/11/2009 11:00,7,11,6,11,0,31.7,57,0,1.87586e+07,7.51937e+07,21.9217,21.9217,21.9217,16.8904,0,1.35994,0,1.0297e+08
07/11/2009 12:00,7,11,6,12,0,33.9,52,0,1.86955e+07,7.51153e+07,21.9126,21.9126,21.9126,16.8904,0,1.35555,0,1.02449e+08
07/11/2009 13:00,7,11,6,13,0,32.8,52,0,1.68911e+07,6.83862e+07,21.9046,21.9046,21.9046,16.8904,0,1.20739,0,9.11061e+07
07/11/2009 14:00,7,11,6,14,0,27.8,77,0,1.78656e+07,7.40542e+07,21.8966,21.8966,21.8966,16.8904,0,1.28748,0,9.6994e+07
07/11/2009 15:00,7,11,6,15,0,32.8,60,0,1.85509e+07,7.49291e+07,21.896,21.896,21.896,16.8904,0,1.34302,0,1.01168e+08
07/11/2009 16:00,7,11,6,16,0,33.3,49,0,1.91791e+07,7.57335e+07,21.8987,21.8987,21.8987,16.8904,0,1.3944,0,1.05094e+08
07/11/2009 17:00,7,11,6,17,0,32.8,49,0,1.90084e+07,7.55148e+07,21.8979,21.8979,21.8979,16.8904,0,1.38025,0,1.04011e+08
07/11/2009 18:00,7,11,6,18,0,32.2,49,0,1.55785e+07,5.12473e+07,21.8918,21.8918,21.8918,16.8904,0,1.10067,0,8.28419e+07
07/11/2009 19:00,7,11,6,19,0,30.6,55,0,0,1.95021e+07,21.8878,21.8878,21.8878,21.8878,0,0,0,0
07/11/2009 20:00,7,11,6,20,0,28.9,65,0,0,2.28739e+07,21.8878,21.8878,21.8878,21.8878,0,0,0,0
07/11/2009 21:00,7,11,6,21,0,28.3,70,0,0,1.97521e+07,21.8878,21.8878,21.8878,21.8878,0,0,0,0
07/11/2009 22:00,7,11,6,22,0,26.7,79,0,0,1.97521e+07,21.8878,21.8878,21.8878,21.8878,0,0,0,0
07/11/2009 23:00,7,11,6,23,0,26.7,79,0,0,1.69425e+07,21.8878,21.8878,21.8878,21.8878,0,0,0,0
07/12/2009 00:00,7,12,0,0,0,26.1,82,0,0,1.53816e+07,21.8878,21.8878,21.8878,21.8878,0,0,0,0
07/12/2009 01:00,7,12,0,1,0,25,88,0,0,2.07703e+07,21.8878,21.8878,21.8878,21.8878,0,0,0,0
07/12/2009 02:00,7,12,0,2,0,25,88,0,0,2.07703e+07,21.8878,21.8878,21.8878,21.8878,0,0,0,0
07/12/2009 03:00,7,12,0,3,0,23.3,94,0,0,2.07703e+07,21.8878,21.8878,21.8878,21.8878,0,0,0,0
07/12/2009 04:00,7,12,0,4,0,23.3,94,0,0,2.07703e+07,21.8878,21.8878,21.8878,21.8878,0,0,0,0
07/12/2009 05:00,7,12,0,5,0,22.8,96,0,0,2.07703e+07,21.8878,21.8878,21.8878,21.8878,0,0,0,0
07/12/2009 06:00,7,12,0,6,0,23.3,94,0,0,2.23312e+07,21.8878,21.8878,21.8878,21.8878,0,0,0,0
07/12/2009 07:00,7,12,0,7,0,25,90,0,1.34218e+07,3.66739e+07,22.0724,22.0724,22.0724,16.8904,0,0.937969,0,7.33838e+07
07/12/2009 08:00,7,12,0,8,0,28.3,79,0,1.65631e+07,4.65669e+07,22.0248,22.0248,22.0248,16.8904,0,1.17934,0,9.11536e+07
07/12/2009 09:00,7,12,0,9,0,29.4,72,0,1.86121e+07,7.5004e+07,21.9637,21.9637,21.9637,16.8904,0,1.34674,0,1.02822e+08
07/12/2009 10:00,7,12,0,10,0,30.6,63,0,1.84167e+07,7.47549e+07,21.9307,21.9307,21.9307,16.8904,0,1.33115,0,1.0097e+08
07/12/2009 11:00,7,12,0,11,0,32.8,54,0,1.8351e+07,7.46723e+07,21.9119,21.9119,21.9119,16.8904,0,1.32634,0,1.00229e+08
07/12/2009 12:00,7,12,0,12,0,33.9,47,0,1.79123e+07,7.41125e+07,21.9065,21.9065,21.9065,16.8904,0,1.2908,0,9.74382e+07
07/12/2009 13:00,7,12,0,13,0,33.9,47,0,1.69575e+07,6.84712e+07,21.8988,21.8988,21.8988,16.8904,0,1.21273,0,9.1405e+07
07/12/2009 14:00,7,12,0,14,0,35.6,42,0,1.78095e+07,7.39833e+07,21.8861,21.8861,21.8861,16.8904,0,1.28299,0,9.6455e+07
07/12/2009 15:00,7,12,0,15,0,34.4,51,0,1.85436e+07,7.49198e+07,21.8868,21.8868,21.8868,16.8904,0,1.34223,0,1.00923e+08
07/12/2009 16:00,7,12,0,16,0,33.9,51,0,1.8643e+07,7.50462e+07,21.8914,21.8914,21.8914,16.8904,0,1.34996,0,1.01596e+08
07/12/2009 17:00,7,12,0,17,0,33.3,52,0,1.89356e+07,7.54218e+07,21.8941,21.8941,21.8941,16.8904,0,1.37417,0,1.03476e+08
07/12/2009 18:00,7,12,0,18,0,32.8,54,0,1.56294e+07,5.13122e+07,21.8927,21.8927,21.8927,16.8904,0,1.10468,0,8.31588e+07
07/12/2009 19:00,7,12,0,19,0,31.7,57,0,0,1.95021e+07,21.8891,21.8891,21.8891,21.8891,0,0,0,0
07/12/2009 20:00,7,12,0,20,0,29.4,68,0,0,2.28739e+07,21.8891,21.8891,21.8891,21.8891,0,0,0,0
07/12/2009 21:00,7,12,0,21,0,28.3,72,0,0,1.97521e+07,21.8891,21.8891,21.8891,21.8891,0,0,0,0
07/12/2009 22:00,7,12,0,22,0,27.2,79,0,0,1.97521e+07,21.8891,21.8891,21.8891,21.8891,0,0,0,0
07/12/2009 23:00,7,12,0,23,0,26.7,82,0,0,1.69425e+07,21.8891,21.8891,21.8891,21.8891,0,0,0,0
07/13/2009 00:00,7,13,1,0,0,26.7,82,0,0,1.53816e+07,21.8891,21.8891,21.8891,21.8891,0,0,0,0
07/13/2009 01:00,7,13,1,1,0,25.6,90,0,0,2.07703e+07,21.8891,21.8891,21.8891,21.8891,0,0,0,0
07/13/2009 02:00,7,13,1,2,0,25,90,0,0,2.07703e+07,21.8891,21.8891,21.8891,21.8891,0,0,0,0
07/13/2009 03:00,7,13,1,3,0,24.4,94,0,0,2.07703e+07,21.8891,21.8891,21.8891,21.8891,0,0,0,0
07/13/2009 04:00,7,13,1,4,0,23.9,94,0,0,2.07703e+07,21.8891,21.8891,21.8891,21.8891,0,0,0,0
07/13/2009 05:00,7,13,1,5,0,23.3,94,0,0,2.07703e+07,21.8891,21.8891,21.8891,21.8891,0,0,0,0
07/13/2009 06:00,7,13,1,6,0,22.8,96,0,0,2.23312e+07,21.8891,21.8891,21.8891,21.8891,0,0,0,0
07/13/2009 07:00,7,13,1,7,0,26.1,88,0,1.28717e+07,3.59832e+07,22.0322,22.0322,22.0322,16.8904,0,0.89658,0,6.95926e+07
07/13/2009 08:00,7,13,1,8,0,28.3,79,0,1.57881e+07,4.55775e+07,21.99,21.99,21.99,16.8904,0,1.11639,0,8.56961e+07
07/13/2009 09:00,7,13,1,9,0,29.4,72,0,1.79949e+07,7.42133e+07,21.9441,21.9441,21.9441,16.8904,0,1.29576,0,9.85465e+07
07/13/2009 10:00,7,13,1,10,0,31.1,59,0,1.78874e+07,7.40777e+07,21.9214,21.9214,21.9214,16.8904,0,1.28765,0,9.74894e+07
07/13/2009 11:00,7,13,1,11,0,32.8,52,0,1.79814e+07,7.41993e+07,21.9085,21.9085,21.9085,16.8904,0,1.2958,0,9.7853e+07
07/13/2009 12:00,7,13,1,12,0,33.3,47,0,1.76459e+07,7.37723e+07,21.9013,21.9013,21.9013,16.8904,0,1.26906,0,9.56975e+07
07/13/2009 13:00,7,13,1,13,0,33.9,46,0,1.68205e+07,6.82966e+07,21.8961,21.8961,21.8961,16.8904,0,1.20165,0,9.05204e+07
07/13/2009 14:00,7,13,1,14,0,33.3,47,0,1.79284e+07,7.41356e+07,21.8837,21.8837,21.8837,16.8904,0,1.29282,0,9.71477e+07
07/13/2009 15:00,7,13,1,15,0,33.9,46,0,1.79371e+07,7.41438e+07,21.8858,21.8858,21.8858,16.8904,0,1.29241,0,9.71559e+07
07/13/2009 16:00,7,13,1,16,0,35,42,0,1.87278e+07,7.51556e+07,21.8871,21.8871,21.8871,16.8904,0,1.35712,0,1.02047e+08
07/13/2009 17:00,7,13,1,17,0,35,42,0,1.9012e+07,7.55217e+07,21.888,21.888,21.888,16.8904,0,1.38092,0,1.03857e+08
07/13/2009 18:00,7,13,1,18,0,33.9,46,0,1.51787e+07,5.07393e+07,21.8831,21.8831,21.8831,16.8904,0,1.0689,0,8.03114e+07
07/13/2009 19:00,7,13,1,19,0,31.1,66,0,0,1.95021e+07,21.88,21.88,21.88,21.88,0,0,0,0
07/13/2009 20:00,7,13,1,20,0,30.6,68,0,0,2.28739e+07,21.88,21.88,21.88,21.88,0,0,0,0
07/13/2009 21:00,7,13,1,21,0,28.9,74,0,0,1.97521e+07,21.88,21.88,21.88,21.88,0,0,0,0
07/13/2009 22:00,7,13,1,22,0,28.9,72,0,0,1.97521e+07,21.88,21.88,21.88,21.88,0,0,0,0
07/13/2009 23:00,7,13,1,23,0,27.8,77,0,0,1.69425e+07,21.88,21.88,21.88,21.88,0,0,0,0
07/14/2009 00:00,7,14,2,0,0,27.2,77,0,0,1.53816e+07,21.88,21.88,21.88,21.88,0,0,0,0
07/14/2009 01:00,7,14,2,1,0,25,88,0,0,2.07703e+07,21.88,21.88,21.88,21.88,0,0,0,0
07/14/2009 02:00,7,14,2,2,0,25,88,0,0,2.07703e+07,21.88,21.88,21.88,21.88,0,0,0,0
07/14/2009 03:00,7,14,2,3,0,24.4,91,0,0,2.07703e+07,21.88,21.88,21.88,21.88,0,0,0,0
07/14/2009 04:00,7,14,2,4,0,25,90,0,0,2.07703e+07,21.88,21.88,21.88,21.88,0,0,0,0
07/14/2009 05:00,7,14,2,5,0,24.4,94,0,0,2.07703e+07,21.88,21.88,21.88,21.88,0,0,0,0
07/14/2009 06:00,7,14,2,6,0,23.9,94,0,0,2.23312e+07,21.88,21.88,21.88,21.88,0,0,0,0
07/14/2009 07:00,7,14,2,7,0,26.1,85,0,1.44522e+07,3.79737e+07,22.1385,22.1385,22.1385,16.8904,0,1.01717,0,8.0667e+07
07/14/2009 08:00,7,14,2,8,0,27.8,79,0,1.75479e+07,4.78219e+07,22.0796,22.0796,22.0796,16.8904,0,1.25878,0,9.83428e+07
07/14/2009 09:00,7,14,2,9,0,29.4,70,0,1.91357e+07,7.56734e+07,21.9949,21.9949,21.9949,16.8904,0,1.38961,0,1.06751e+08
07/14/2009 10:00,7,14,2,10,0,31.1,61,0,1.8886e+07,7.53571e+07,21.9456,21.9456,21.9456,16.8904,0,1.37013,0,1.04237e+08
07/14/2009 11:00,7,14,2,11,0,32.2,56,0,1.8087e+07,7.43337e+07,21.9183,21.9183,21.9183,16.8904,0,1.30428,0,9.86877e+07
07/14/2009 12:00,7,14,2,12,0,33.3,49,0,1.76034e+07,7.37173e+07,21.9064,21.9064,21.9064,16.8904,0,1.2654,0,9.5518e+07
07/14/2009 13:00,7,14,2,13,0,34.4,46,0,1.70961e+07,6.8648e+07,21.8982,21.8982,21.8982,16.8904,0,1.22398,0,9.22407e+07
07/14/2009 14:00,7,14,2,14,0,34.4,45,0,1.76867e+07,7.38262e+07,21.8836,21.8836,21.8836,16.8904,0,1.27292,0,9.56499e+07
07/14/2009 15:00,7,14,2,15,0,35.6,39,0,1.85829e+07,7.49696e+07,21.8863,21.8863,21.8863,16.8904,0,1.34525,0,1.0114e+08
07/14/2009 16:00,7,14,2,16,0,36.1,39,0,1.90742e+07,7.56001e+07,21.8865,21.8865,21.8865,16.8904,0,1.38581,0,1.04192e+08
07/14/2009 17:00,7,14,2,17,0,35,39,0,1.88138e+07,7.52658e+07,21.8875,21.8875,21.8875,16.8904,0,1.36417,0,1.02585e+08
07/14/2009 18:00,7,14,2,18,0,33.9,46,0,1.58465e+07,5.15896e+07,21.8847,21.8847,21.8847,16.8904,0,1.12232,0,8.43513e+07
07/14/2009 19:00,7,14,2,19,0,32.2,59,0,0,1.95021e+07,21.8809,21.8809,21.8809,21.8809,0,0,0,0
07/14/2009 20:00,7,14,2,20,0,30.6,68,0,0,2.28739e+07,21.8809,21.8809,21.8809,21.8809,0,0,0,0
07/14/2009 21:00,7,14,2,21,0,30,67,0,0,1.97521e+07,21.8809,21.8809,21.8809,21.8809,0,0,0,0
07/14/2009 22:00,7,14,2,22,0,28.9,72,0,0,1.97521e+07,21.8809,21.8809,21.8809,21.8809,0,0,0,0
07/14/2009 23:00,7,14,2,23,0,27.8,77,0,0,1.69425e+07,21.8809,21.8809,21.8809,21.8809,0,0,0,0
07/15/2009 00:00,7,15,3,0,0,26.1,82,0,0,1.53816e+07,21.8809,21.8809,21.8809,21.8809,0,0,0,0
07/15/2009 01:00,7,15,3,1,0,25,88,0,0,1.42679e+07,21.8809,21.8809,21.8809,21.8809,0,0,0,0
07/15/2009 02:00,7,15,3,2,0,24.4,91,0,0,1.42679e+07,21.8809,21.8809,21.8809,21.8809,0,0,0,0
07/15/2009 03:00,7,15,3,3,0,24.4,91,0,0,1.42679e+07,21.8809,21.8809,21.8809,21.8809,0,0,0,0
07/15/2009 04:00,7,15,3,4,0,23.3,94,0,0,1.42679e+07,21.8809,21.8809,21.8809,21.8809,0,0,0,0
07/15/2009 05:00,7,15,3,5,0,23.3,94,0,0,1.42679e+07,21.8809,21.8809,21.8809,21.8809,0,0,0,0
07/15/2009 06:00,7,15,3,6,0,23.9,94,0,0,1.42679e+07,21.8809,21.8809,21.8809,21.8809,0,0,0,0
07/15/2009 07:00,7,15,3,7,0,25.6,87,0,352126,1.24319e+07,21.9951,21.9951,21.9951,18.138,0,0.0204897,0,1.58348e+06
07/15/2009 08:00,7,15,3,8,0,28.3,79,0,577978,1.27056e+07,22.2381,22.2381,22.2381,16.8904,0,0.0345042,0,2.78309e+06
07/15/2009 09:00,7,15,3,9,0,30,67,0,749355,1.29158e+07,22.3626,22.3626,22.3626,16.8904,0,0.0458852,0,3.77851e+06
07/15/2009 10:00,7,15,3,10,0,31.7,59,0,719362,1.2879e+07,22.3792,22.3792,22.3792,16.8904,0,0.0438981,0,3.62582e+06
07/15/2009 11:00,7,15,3,11,0,32.2,54,0,196512,1.22393e+07,22.3716,22.3716,22.3716,16.8904,0,0.00965304,0,796200
07/15/2009 12:00,7,15,3,12,0,33.9,49,0,0,1.20098e+07,22.3706,22.3706,22.3706,22.3706,0,0,0,0
07/15/2009 13:00,7,15,3,13,0,34.4,46,0,0,1.20098e+07,22.3706,22.3706,22.3706,22.3706,0,0,0,0
07/15/2009 14:00,7,15,3,14,0,34.4,46,0,0,1.20098e+07,22.3706,22.3706,22.3706,22.3706,0,0,0,0
07/15/2009 15:00,7,15,3,15,0,35,43,0,452500,1.25411e+07,22.3862,22.3862,22.3862,16.8904,0,0.02295,0,1.89898e+06
07/15/2009 16:00,7,15,3,16,0,35,40,0,998486,1.32101e+07,22.4167,22.4167,22.4167,16.8904,0,0.0587764,0,4.88786e+06
07/15/2009 17:00,7,15,3,17,0,34.4,41,0,916771,1.31107e+07,22.41,22.41,22.41,16.8904,0,0.053592,0,4.45129e+06
07/15/2009 18:00,7,15,3,18,0,34.4,45,0,834602,1.30101e+07,22.3804,22.3804,22.3804,16.8904,0,0.0482224,0,3.98384e+06
07/15/2009 19:00,7,15,3,19,0,32.8,52,0,382907,1.24663e+07,22.3592,22.3592,22.3592,16.8904,0,0.0214244,0,1.76313e+06
07/15/2009 20:00,7,15,3,20,0,28.9,72,0,0,1.53816e+07,22.351,22.351,22.351,22.351,0,0,0,0
07/15/2009 21:00,7,15,3,21,0,28.9,72,0,0,1.53816e+07,22.351,22.351,22.351,22.351,0,0,0,0
07/15/2009 22:00,7,15,3,22,0,29.4,72,0,0,1.53816e+07,22.351,22.351,22.351,22.351,0,0,0,0
07/15/2009 23:00,7,15,3,23,0,28.3,72,0,0,1.53816e+07,22.351,22.351,22.351,22.351,0,0,0,0
07/16/2009 00:00,7,16,4,0,0,27.8,72,0,0,1.53816e+07,22.351,22.351,22.351,22.351,0,0,0,0
07/16/2009 01:00,7,16,4,1,0,27.2,74,0,0,1.42679e+07,22.351,22.351,22.351,22.351,0,0,0,0
07/16/2009 02:00,7,16,4,2,0,26.7,76,0,0,1.42679e+07,22.351,22.351,22.351,22.351,0,0,0,0
07/16/2009 03:00,7,16,4,3,0,25.6,85,0,0,1.42679e+07,22.351,22.351,22.351,22.351,0,0,0,0
07/16/2009 04:00,7,16,4,4,0,24.4,91,0,0,1.42679e+07,22.351,22.351,22.351,22.351,0,0,0,0
07/16/2009 05:00,7,16,4,5,0,25,90,0,0,1.42679e+07,22.351,22.351,22.351,22.351,0,0,0,0
07/16/2009 06:00,7,16,4,6,0,26.1,88,0,0,1.42679e+07,22.351,22.351,22.351,22.351,0,0,0,0
07/16/2009 07:00,7,16,4,7,0,26.7,87,0,0,1.20098e+07,22.351,22.351,22.351,22.351,0,0,0,0
07/16/2009 08:00,7,16,4,8,0,27.8,79,0,279628,1.2343e+07,22.3929,22.3929,22.3929,18.2556,0,0.0156953,0,1.30204e+06
07/16/2009 09:00,7,16,4,9,0,30,67,0,433303,1.2528e+07,22.488,22.488,22.488,16.8904,0,0.0248648,0,2.09595e+06
07/16/2009 10:00,7,16,4,10,0,31.1,63,0,548917,1.26694e+07,22.5437,22.5437,22.5437,16.8904,0,0.0324244,0,2.75833e+06
07/16/2009 11:00,7,16,4,11,0,31.7,61,0,493999,1.25949e+07,22.5465,22.5465,22.5465,16.8904,0,0.0266864,0,2.27132e+06
07/16/2009 12:00,7,16,4,12,0,33.3,54,0,282256,1.23329e+07,22.5361,22.5361,22.5361,16.8904,0,0.0119373,0,1.01413e+06
07/16/2009 13:00,7,16,4,13,0,28.9,72,0,0,1.20098e+07,22.5345,22.5345,22.5345,22.5345,0,0,0,0
07/16/2009 14:00,7,16,4,14,0,28.3,67,0,0,1.20098e+07,22.5345,22.5345,22.5345,22.5345,0,0,0,0
07/16/2009 15:00,7,16,4,15,0,28.3,70,0,209091,1.22492e+07,22.5404,22.5404,22.5404,16.8904,0,0.00883303,0,751726
07/16/2009 16:00,7,16,4,16,0,27.8,72,0,235267,1.22757e+07,22.5686,22.5686,22.5686,16.8904,0,0.00893202,0,763191
07/16/2009 17:00,7,16,4,17,0,27.8,77,0,147821,1.21791e+07,22.5852,22.5852,22.5852,16.8904,0,0.00624131,0,534845
07/16/2009 18:00,7,16,4,18,0,27.2,82,0,259294,1.23149e+07,22.5985,22.5985,22.5985,16.8904,0,0.0133373,0,1.1456e+06
07/16/2009 19:00,7,16,4,19,0,26.7,79,0,0,1.20098e+07,22.6052,22.6052,22.6052,22.6052,0,0,0,0
07/16/2009 20:00,7,16,4,20,0,25,88,0,0,1.53816e+07,22.6052,22.6052,22.6052,22.6052,0,0,0,0
07/16/2009 21:00,7,16,4,21,0,25,84,0,0,1.53816e+07,22.6052,22.6052,22.6052,22.6052,0,0,0,0
07/16/2009 22:00,7,16,4,22,0,24.4,88,0,0,1.53816e+07,22.6052,22.6052,22.6052,22.6052,0,0,0,0
07/16/2009 23:00,7,16,4,23,0,23.3,91,0,0,1.53816e+07,22.6052,22.6052,22.6052,22.6052,0,0,0,0
07/17/2009 00:00,7,17,5,0,0,23.3,94,0,0,1.53816e+07,22.6052,22.6052,22.6052,22.6052,0,0,0,0
07/17/2009 01:00,7,17,5,1,0,22.8,94,0,0,2.07703e+07,22.6052,22.6052,22.6052,22.6052,0,0,0,0
07/17/2009 02:00,7,17,5,2,0,22.2,93,0,0,2.07703e+07,22.6052,22.6052,22.6052,22.6052,0,0,0,0
07/17/2009 03:00,7,17,5,3,0,22.2,93,0,0,2.07703e+07,22.6052,22.6052,22.6052,22.6052,0,0,0,0
07/17/2009 04:00,7,17,5,4,0,22.2,93,0,0,2.07703e+07,22.6052,22.6052,22.6052,22.6052,0,0,0,0
07/17/2009 05:00,7,17,5,5,0,22.8,94,0,0,2.07703e+07,22.6052,22.6052,22.6052,22.6052,0,0,0,0
07/17/2009 06:00,7,17,5,6,0,22.2,93,0,0,2.23312e+07,22.6052,22.6052,22.6052,22.6052,0,0,0,0
07/17/2009 07:00,7,17,5,7,0,23.9,88,0,1.50653e+07,3.87442e+07,22.2472,22.2472,22.2472,16.8904,0,1.06408,0,8.649e+07
07/17/2009 08:00,7,17,5,8,0,26.1,79,0,2.05771e+07,5.16965e+07,22.1681,22.1681,22.1681,16.8904,0,1.50828,0,1.19864e+08
07/17/2009 09:00,7,17,5,9,0,29.4,63,0,2.11971e+07,7.83227e+07,22.0387,22.0387,22.0387,16.8904,0,1.56311,0,1.21125e+08
07/17/2009 10:00,7,17,5,10,0,30.6,53,0,2.0129e+07,7.69535e+07,21.9599,21.9599,21.9599,16.8904,0,1.47454,0,1.12505e+08
07/17/2009 11:00,7,17,5,11,0,32.8,42,0,1.93935e+07,7.6009e+07,21.9193,21.9193,21.9193,16.8904,0,1.41327,0,1.06957e+08
07/17/2009 12:00,7,17,5,12,0,33.3,40,0,1.86707e+07,7.5084e+07,21.9085,21.9085,21.9085,16.8904,0,1.35387,0,1.02239e+08
07/17/2009 13:00,7,17,5,13,0,33.9,40,0,1.74928e+07,6.91553e+07,21.8976,21.8976,21.8976,16.8904,0,1.25682,0,9.47049e+07
07/17/2009 14:00,7,17,5,14,0,32.2,42,0,1.81959e+07,7.44783e+07,21.8846,21.8846,21.8846,16.8904,0,1.31522,0,9.88472e+07
07/17/2009 15:00,7,17,5,15,0,34.4,39,0,1.91207e+07,7.56595e+07,21.8837,21.8837,21.8837,16.8904,0,1.39025,0,1.04469e+08
07/17/2009 16:00,7,17,5,16,0,34.4,39,0,1.93409e+07,7.5942e+07,21.8835,21.8835,21.8835,16.8904,0,1.40838,0,1.05827e+08
07/17/2009 17:00,7,17,5,17,0,33.3,37,0,1.92281e+07,7.57984e+07,21.8847,21.8847,21.8847,16.8904,0,1.39901,0,1.05147e+08
07/17/2009 18:00,7,17,5,18,0,32.8,42,0,1.61696e+07,5.20021e+07,21.8811,21.8811,21.8811,16.8904,0,1.14866,0,8.62696e+07
07/17/2009 19:00,7,17,5,19,0,30.6,53,0,0,1.95021e+07,21.8772,21.8772,21.8772,21.8772,0,0,0,0
07/17/2009 20:00,7,17,5,20,0,27.8,60,0,0,2.28739e+07,21.8772,21.8772,21.8772,21.8772,0,0,0,0
07/17/2009 21:00,7,17,5,21,0,27.8,58,0,0,1.97521e+07,21.8772,21.8772,21.8772,21.8772,0,0,0,0
07/17/2009 22:00,7,17,5,22,0,27.2,62,0,0,1.97521e+07,21.8772,21.8772,21.8772,21.8772,0,0,0,0
07/17/2009 23:00,7,17,5,23,0,25.6,74,0,0,1.69425e+07,21.8772,21.8772,21.8772,21.8772,0,0,0,0
07/18/2009 00:00,7,18,6,0,0,23.9,82,0,0,1.53816e+07,21.8772,21.8772,21.8772,21.8772,0,0,0,0
07/18/2009 01:00,7,18,6,1,0,23.9,84,0,0,2.07703e+07,21.8772,21.8772,21.8772,21.8772,0,0,0,0
07/18/2009 02:00,7,18,6,2,0,22.8,90,0,0,2.07703e+07,21.8772,21.8772,21.8772,21.8772,0,0,0,0
07/18/2009 03:00,7,18,6,3,0,23.3,91,0,0,2.07703e+07,21.8772,21.8772,21.8772,21.8772,0,0,0,0
07/18/2009 04:00,7,18,6,4,0,22.8,94,0,0,2.07703e+07,21.8772,21.8772,21.8772,21.8772,0,0,0,0
07/18/2009 05:00,7,18,6,5,0,22.8,94,0,0,2.07703e+07,21.8772,21.8772,21.8772,21.8772,0,0,0,0
07/18/2009 06:00,7,18,6,6,0,22.8,94,0,0,2.23312e+07,21.8772,21.8772,21.8772,21.8772,0,0,0,0
07/18/2009 07:00,7,18,6,7,0,25.6,85,0,1.27411e+07,3.58259e+07,21.9776,21.9776,21.9776,16.8904,0,0.888709,0,6.82161e+07
07/18/2009 08:00,7,18,6,8,0,27.2,82,0,1.5684e+07,4.54531e+07,21.9431,21.9431,21.9431,16.8904,0,1.11033,0,8.44422e+07
07/18/2009 09:00,7,18,6,9,0,28.3,77,0,1.75873e+07,7.36959e+07,21.9153,21.9153,21.9153,16.8904,0,1.26348,0,9.55422e+07
07/18/2009 10:00,7,18,6,10,0,30.6,65,0,1.79391e+07,7.4147e+07,21.9064,21.9064,21.9064,16.8904,0,1.29274,0,9.75816e+07
07/18/2009 11:00,7,18,6,11,0,32.2,54,0,1.79967e+07,7.42197e+07,21.9006,21.9006,21.9006,16.8904,0,1.29733,0,9.78149e+07
07/18/2009 12:00,7,18,6,12,0,33.9,40,0,1.77e+07,7.38415e+07,21.8969,21.8969,21.8969,16.8904,0,1.27353,0,9.59512e+07
07/18/2009 13:00,7,18,6,13,0,33.9,40,0,1.65193e+07,6.79126e+07,21.8936,21.8936,21.8936,16.8904,0,1.17732,0,8.86432e+07
07/18/2009 14:00,7,18,6,14,0,33.3,40,0,1.74161e+07,7.34802e+07,21.8852,21.8852,21.8852,16.8904,0,1.25074,0,9.40136e+07
07/18/2009 15:00,7,18,6,15,0,34.4,39,0,1.83664e+07,7.46925e+07,21.8845,21.8845,21.8845,16.8904,0,1.32747,0,9.97661e+07
07/18/2009 16:00,7,18,6,16,0,32.2,50,0,1.87696e+07,7.52098e+07,21.8871,21.8871,21.8871,16.8904,0,1.36053,0,1.02305e+08
07/18/2009 17:00,7,18,6,17,0,31.7,52,0,1.86516e+07,7.50592e+07,21.8894,21.8894,21.8894,16.8904,0,1.35087,0,1.01625e+08
07/18/2009 18:00,7,18,6,18,0,30,61,0,1.44251e+07,4.97822e+07,21.8893,21.8893,21.8893,16.8904,0,1.00924,0,7.59233e+07
07/18/2009 19:00,7,18,6,19,0,28.3,65,0,0,1.95021e+07,21.8865,21.8865,21.8865,21.8865,0,0,0,0
07/18/2009 20:00,7,18,6,20,0,28.3,65,0,0,2.28739e+07,21.8865,21.8865,21.8865,21.8865,0,0,0,0
07/18/2009 21:00,7,18,6,21,0,28.3,70,0,0,1.97521e+07,21.8865,21.8865,21.8865,21.8865,0,0,0,0
07/18/2009 22:00,7,18,6,22,0,27.8,74,0,0,1.97521e+07,21.8865,21.8865,21.8865,21.8865,0,0,0,0
07/18/2009 23:00,7,18,6,23,0,27.2,74,0,0,1.69425e+07,21.8865,21.8865,21.8865,21.8865,0,0,0,0
07/19/2009 00:00,7,19,0,0,0,26.7,76,0,0,1.53816e+07,21.8865,21.8865,21.8865,21.8865,0,0,0,0
07/19/2009 01:00,7,19,0,1,0,25.6,82,0,0,2.07703e+07,21.8865,21.8865,21.8865,21.8865,0,0,0,0
07/19/2009 02:00,7,19,0,2,0,25.6,82,0,0,2.07703e+07,21.8865,21.8865,21.8865,21.8865,0,0,0,0
07/19/2009 03:00,7,19,0,3,0,24.4,85,0,0,2.07703e+07,21.8865,21.8865,21.8865,21.8865,0,0,0,0
07/19/2009 04:00,7,19,0,4,0,23.9,88,0,0,2.07703e+07,21.8865,21.8865,21.8865,21.8865,0,0,0,0
07/19/2009 05:00,7,19,0,5,0,23.3,91,0,0,2.07703e+07,21.8865,21.8865,21.8865,21.8865,0,0,0,0
07/19/2009 06:00,7,19,0,6,0,23.9,90,0,0,2.23312e+07,21.8865,21.8865,21.8865,21.8865,0,0,0,0
07/19/2009 07:00,7,19,0,7,0,26.1,85,0,1.27532e+07,3.58315e+07,22.0635,22.0635,22.0635,16.8904,0,0.886872,0,6.92782e+07
07/19/2009 08:00,7,19,0,8,0,28.3,74,0,1.53323e+07,4.49957e+07,22.0175,22.0175,22.0175,16.8904,0,1.07934,0,8.33014e+07
07/19/2009 09:00,7,19,0,9,0,30,65,0,1.81274e+07,7.43822e+07,21.9628,21.9628,21.9628,16.8904,0,1.30642,0,9.97249e+07
07/19/2009 10:00,7,19,0,10,0,32.2,56,0,1.83384e+07,7.4655e+07,21.9319,21.9319,21.9319,16.8904,0,1.3247,0,1.00505e+08
07/19/2009 11:00,7,19,0,11,0,33.3,47,0,1.77504e+07,7.39037e+07,21.9133,21.9133,21.9133,16.8904,0,1.27689,0,9.65173e+07
07/19/2009 12:00,7,19,0,12,0,33.9,44,0,1.77971e+07,7.39653e+07,21.9072,21.9072,21.9072,16.8904,0,1.28133,0,9.67371e+07
07/19/2009 13:00,7,19,0,13,0,35,40,0,1.66772e+07,6.81139e+07,21.8986,21.8986,21.8986,16.8904,0,1.19003,0,8.96905e+07
07/19/2009 14:00,7,19,0,14,0,33.9,44,0,1.74597e+07,7.35356e+07,21.8916,21.8916,21.8916,16.8904,0,1.25415,0,9.43901e+07
07/19/2009 15:00,7,19,0,15,0,33.3,52,0,1.80703e+07,7.43134e+07,21.8945,21.8945,21.8945,16.8904,0,1.30312,0,9.81316e+07
07/19/2009 16:00,7,19,0,16,0,33.3,47,0,1.86029e+07,7.49942e+07,21.8989,21.8989,21.8989,16.8904,0,1.34645,0,1.01485e+08
07/19/2009 17:00,7,19,0,17,0,33.3,44,0,1.87447e+07,7.51767e+07,21.8973,21.8973,21.8973,16.8904,0,1.35826,0,1.02343e+08
07/19/2009 18:00,7,19,0,18,0,32.8,49,0,1.48861e+07,5.03668e+07,21.8937,21.8937,21.8937,16.8904,0,1.04546,0,7.87171e+07
07/19/2009 19:00,7,19,0,19,0,31.1,57,0,0,1.95021e+07,21.8901,21.8901,21.8901,21.8901,0,0,0,0
07/19/2009 20:00,7,19,0,20,0,30,63,0,0,2.28739e+07,21.8901,21.8901,21.8901,21.8901,0,0,0,0
07/19/2009 21:00,7,19,0,21,0,28.9,70,0,0,1.97521e+07,21.8901,21.8901,21.8901,21.8901,0,0,0,0
07/19/2009 22:00,7,19,0,22,0,28.3,74,0,0,1.97521e+07,21.8901,21.8901,21.8901,21.8901,0,0,0,0
07/19/2009 23:00,7,19,0,23,0,27.8,79,0,0,1.69425e+07,21.8901,21.8901,21.8901,21.8901,0,0,0,0
07/20/2009 00:00,7,20,1,0,0,26.7,85,0,0,1.53816e+07,21.8901,21.8901,21.8901,21.8901,0,0,0,0
07/20/2009 01:00,7,20,1,1,0,26.7,85,0,0,2.07703e+07,21.8901,21.8901,21.8901,21.8901,0,0,0,0
07/20/2009 02:00,7,20,1,2,0,26.7,82,0,0,2.07703e+07,21.8901,21.8901,21.8901,21.8901,0,0,0,0
07/20/2009 03:00,7,20,1,3,0,26.1,85,0,0,2.07703e+07,21.8901,21.8901,21.8901,21.8901,0,0,0,0
07/20/2009 04:00,7,20,1,4,0,26.1,85,0,0,2.07703e+07,21.8901,21.8901,21.8901,21.8901,0,0,0,0
07/20/2009 05:00,7,20,1,5,0,25.6,87,0,0,2.07703e+07,21.8901,21.8901,21.8901,21.8901,0,0,0,0
07/20/2009 06:00,7,20,1,6,0,25.6,87,0,0,2.23312e+07,21.8901,21.8901,21.8901,21.8901,0,0,0,0
07/20/2009 07:00,7,20,1,7,0,26.7,82,0,1.43728e+07,3.787e+07,22.1474,22.1474,22.1474,16.8904,0,1.01015,0,8.02348e+07
07/20/2009 08:00,7,20,1,8,0,28.9,70,0,1.70642e+07,4.71973e+07,22.0876,22.0876,22.0876,16.8904,0,1.2175,0,9.52673e+07
07/20/2009 09:00,7,20,1,9,0,30.6,63,0,1.88089e+07,7.52512e+07,21.9932,21.9932,21.9932,16.8904,0,1.36183,0,1.04603e+08
07/20/2009 10:00,7,20,1,10,0,32.8,56,0,1.88053e+07,7.52511e+07,21.9449,21.9449,21.9449,16.8904,0,1.3628,0,1.03661e+08
07/20/2009 11:00,7,20,1,11,0,32.2,56,0,1.86123e+07,7.50065e+07,21.9217,21.9217,21.9217,16.8904,0,1.34782,0,1.02052e+08
07/20/2009 12:00,7,20,1,12,0,34.4,49,0,1.87205e+07,7.51477e+07,21.9114,21.9114,21.9114,16.8904,0,1.35762,0,1.02583e+08
07/20/2009 13:00,7,20,1,13,0,34.4,43,0,1.69305e+07,6.84365e+07,21.9036,21.9036,21.9036,16.8904,0,1.2105,0,9.13237e+07
07/20/2009 14:00,7,20,1,14,0,35,39,0,1.85358e+07,7.49126e+07,21.8946,21.8946,21.8946,16.8904,0,1.34278,0,1.01122e+08
07/20/2009 15:00,7,20,1,15,0,35,34,0,1.85104e+07,7.48776e+07,21.8919,21.8919,21.8919,16.8904,0,1.33967,0,1.00833e+08
07/20/2009 16:00,7,20,1,16,0,35,35,0,1.90308e+07,7.5545e+07,21.8909,21.8909,21.8909,16.8904,0,1.38233,0,1.04023e+08
07/20/2009 17:00,7,20,1,17,0,33.9,43,0,1.87959e+07,7.52433e+07,21.8907,21.8907,21.8907,16.8904,0,1.36281,0,1.02549e+08
07/20/2009 18:00,7,20,1,18,0,32.8,45,0,1.56191e+07,5.13001e+07,21.8879,21.8879,21.8879,16.8904,0,1.10414,0,8.30377e+07
07/20/2009 19:00,7,20,1,19,0,31.1,54,0,0,1.95021e+07,21.884,21.884,21.884,21.884,0,0,0,0
07/20/2009 20:00,7,20,1,20,0,29.4,70,0,0,2.28739e+07,21.884,21.884,21.884,21.884,0,0,0,0
07/20/2009 21:00,7,20,1,21,0,28.3,77,0,0,1.97521e+07,21.884,21.884,21.884,21.884,0,0,0,0
07/20/2009 22:00,7,20,1,22,0,27.8,79,0,0,1.97521e+07,21.884,21.884,21.884,21.884,0,0,0,0
07/20/2009 23:00,7,20,1,23,0,27.8,79,0,0,1.69425e+07,21.884,21.884,21.884,21.884,0,0,0,0
07/21/2009 00:00,7,21,2,0,0,27.2,82,0,0,1.53816e+07,21.884,21.884,21.884,21.884,0,0,0,0
07/21/2009 01:00,7,21,2,1,0,27.8,82,0,0,2.07703e+07,21.884,21.884,21.884,21.884,0,0,0,0
07/21/2009 02:00,7,21,2,2,0,27.2,82,0,0,2.07703e+07,21.884,21.884,21.884,21.884,0,0,0,0
07/21/2009 03:00,7,21,2,3,0,27.2,82,0,0,2.07703e+07,21.884,21.884,21.884,21.884,0,0,0,0
07/21/2009 04:00,7,21,2,4,0,26.1,88,0,0,2.07703e+07,21.884,21.884,21.884,21.884,0,0,0,0
07/21/2009 05:00,7,21,2,5,0,25,94,0,0,2.07703e+07,21.884,21.884,21.884,21.884,0,0,0,0
07/21/2009 06:00,7,21,2,6,0,24.4,97,0,0,2.23312e+07,21.884,21.884,21.884,21.884,0,0,0,0
07/21/2009 07:00,7,21,2,7,0,26.1,90,0,1.39493e+07,3.73371e+07,22.1524,22.1524,22.1524,16.8904,0,0.978058,0,7.77886e+07
07/21/2009 08:00,7,21,2,8,0,28.9,77,0,1.69045e+07,4.69912e+07,22.0923,22.0923,22.0923,16.8904,0,1.20405,0,9.43015e+07
07/21/2009 09:00,7,21,2,9,0,30,70,0,1.90849e+07,7.56048e+07,21.9943,21.9943,21.9943,16.8904,0,1.38465,0,1.0638e+08
07/21/2009 10:00,7,21,2,10,0,29.4,70,0,1.78221e+07,7.39929e+07,21.9422,21.9422,21.9422,16.8904,0,1.28208,0,9.74688e+07
07/21/2009 11:00,7,21,2,11,0,28.3,77,0,1.73547e+07,7.3398e+07,21.9246,21.9246,21.9246,16.8904,0,1.24457,0,9.42862e+07
07/21/2009 12:00,7,21,2,12,0,33.3,56,0,1.80457e+07,7.42826e+07,21.9174,21.9174,21.9174,16.8904,0,1.30161,0,9.84665e+07
07/21/2009 13:00,7,21,2,13,0,32.8,56,0,1.68919e+07,6.83872e+07,21.9071,21.9071,21.9071,16.8904,0,1.20734,0,9.11494e+07
07/21/2009 14:00,7,21,2,14,0,28.9,77,0,1.76639e+07,7.37971e+07,21.8908,21.8908,21.8908,16.8904,0,1.27104,0,9.56468e+07
07/21/2009 15:00,7,21,2,15,0,28.9,80,0,1.71306e+07,7.31149e+07,21.8915,21.8915,21.8915,16.8904,0,1.22713,0,9.23536e+07
07/21/2009 16:00,7,21,2,16,0,31.7,61,0,1.77501e+07,7.39052e+07,21.8934,21.8934,21.8934,16.8904,0,1.27732,0,9.6169e+07
07/21/2009 17:00,7,21,2,17,0,29.4,72,0,1.75147e+07,7.36034e+07,21.8959,21.8959,21.8959,16.8904,0,1.25766,0,9.47363e+07
07/21/2009 18:00,7,21,2,18,0,28.9,63,0,1.41679e+07,4.94567e+07,21.8986,21.8986,21.8986,16.8904,0,0.989078,0,7.45439e+07
07/21/2009 19:00,7,21,2,19,0,27.8,67,0,0,1.95021e+07,21.8987,21.8987,21.8987,21.8987,0,0,0,0
07/21/2009 20:00,7,21,2,20,0,25,88,0,0,2.28739e+07,21.8987,21.8987,21.8987,21.8987,0,0,0,0
07/21/2009 21:00,7,21,2,21,0,26.1,85,0,0,1.97521e+07,21.8987,21.8987,21.8987,21.8987,0,0,0,0
07/21/2009 22:00,7,21,2,22,0,24.4,91,0,0,1.97521e+07,21.8987,21.8987,21.8987,21.8987,0,0,0,0
07/21/2009 23:00,7,21,2,23,0,24.4,88,0,0,1.69425e+07,21.8987,21.8987,21.8987,21.8987,0,0,0,0
07/22/2009 00:00,7,22,3,0,0,23.9,90,0,0,1.53816e+07,21.8987,21.8987,21.8987,21.8987,0,0,0,0
07/22/2009 01:00,7,22,3,1,0,23.3,94,0,0,1.42679e+07,21.8987,21.8987,21.8987,21.8987,0,0,0,0
07/22/2009 02:00,7,22,3,2,0,23.3,94,0,0,1.42679e+07,21.8987,21.8987,21.8987,21.8987,0,0,0,0
07/22/2009 03:00,7,22,3,3,0,23.3,94,0,0,1.42679e+07,21.8987,21.8987,21.8987,21.8987,0,0,0,0
07/22/2009 04:00,7,22,3,4,0,23.3,94,0,0,1.42679e+07,21.8987,21.8987,21.8987,21.8987,0,0,0,0
07/22/2009 05:00,7,22,3,5,0,23.3,94,0,0,1.42679e+07,21.8987,21.8987,21.8987,21.8987,0,0,0,0
07/22/2009 06:00,7,22,3,6,0,24.4,91,0,0,1.42679e+07,21.8987,21.8987,21.8987,21.8987,0,0,0,0
07/22/2009 07:00,7,22,3,7,0,25,90,0,0,1.20098e+07,21.8987,21.8987,21.8987,21.8987,0,0,0,0
07/22/2009 08:00,7,22,3,8,0,25.6,90,0,0,1.20098e+07,21.8987,21.8987,21.8987,21.8987,0,0,0,0
07/22/2009 09:00,7,22,3,9,0,28.3,79,0,0,1.20098e+07,21.8987,21.8987,21.8987,21.8987,0,0,0,0
07/22/2009 10:00,7,22,3,10,0,29.4,75,0,0,1.20098e+07,21.8987,21.8987,21.8987,21.8987,0,0,0,0
07/22/2009 11:00,7,22,3,11,0,29.4,72,0,0,1.20098e+07,21.8987,21.8987,21.8987,21.8987,0,0,0,0
07/22/2009 12:00,7,22,3,12,0,31.1,61,0,0,1.20098e+07,21.8987,21.8987,21.8987,21.8987,0,0,0,0
07/22/2009 13:00,7,22,3,13,0,26.7,82,0,0,1.20098e+07,21.8987,21.8987,21.8987,21.8987,0,0,0,0
07/22/2009 14:00,7,22,3,14,0,31.1,66,0,0,1.20098e+07,21.8987,21.8987,21.8987,21.8987,0,0,0,0
07/22/2009 15:00,7,22,3,15,0,30.6,63,0,0,1.20098e+07,21.8987,21.8987,21.8987,21.8987,0,0,0,0
07/22/2009 16:00,7,22,3,16,0,31.1,66,0,0,1.20098e+07,21.8987,21.8987,21.8987,21.8987,0,0,0,0
07/22/2009 17:00,7,22,3,17,0,30.6,59,0,0,1.20098e+07,21.8987,21.8987,21.8987,21.8987,0,0,0,0
07/22/2009 18:00,7,22,3,18,0,26.7,82,0,0,1.20098e+07,21.8987,21.8987,21.8987,21.8987,0,0,0,0
07/22/2009 19:00,7,22,3,19,0,27.2,77,0,0,1.20098e+07,21.8987,21.8987,21.8987,21.8987,0,0,0,0
07/22/2009 20:00,7,22,3,20,0,26.7,79,0,0,1.53816e+07,21.8987,21.8987,21.8987,21.8987,0,0,0,0
07/22/2009 21:00,7,22,3,21,0,26.7,79,0,0,1.53816e+07,21.8987,21.8987,21.8987,21.8987,0,0,0,0
07/22/2009 22:00,7,22,3,22,0,25.6,87,0,0,1.53816e+07,21.8987,21.8987,21.8987,21.8987,0,0,0,0
07/22/2009 23:00,7,22,3,23,0,25.6,87,0,0,1.53816e+07,21.8987,21.8987,21.8987,21.8987,0,0,0,0
07/23/2009 00:00,7,23,4,0,0,25.6,87,0,0,1.53816e+07,21.8987,21.8987,21.8987,21.8987,0,0,0,0
07/23/2009 01:00,7,23,4,1,0,25.6,87,0,0,1.42679e+07,21.8987,21.8987,21.8987,21.8987,0,0,0,0
07/23/2009 02:00,7,23,4,2,0,23.9,94,0,0,1.42679e+07,21.8987,21.8987,21.8987,21.8987,0,0,0,0
07/23/2009 03:00,7,23,4,3,0,23.3,97,0,0,1.42679e+07,21.8987,21.8987,21.8987,21.8987,0,0,0,0
07/23/2009 04:00,7,23,4,4,0,23.3,94,0,0,1.42679e+07,21.8987,21.8987,21.8987,21.8987,0,0,0,0
07/23/2009 05:00,7,23,4,5,0,22.8,96,0,0,1.42679e+07,21.8987,21.8987,21.8987,21.8987,0,0,0,0
07/23/2009 06:00,7,23,4,6,0,23.3,97,0,0,1.42679e+07,21.8987,21.8987,21.8987,21.8987,0,0,0,0
07/23/2009 07:00,7,23,4,7,0,25,90,0,0,1.20098e+07,21.8987,21.8987,21.8987,21.8987,0,0,0,0
07/23/2009 08:00,7,23,4,8,0,27.8,79,0,0,1.20098e+07,21.8987,21.8987,21.8987,21.8987,0,0,0,0
07/23/2009 09:00,7,23,4,9,0,29.4,72,0,0,1.20098e+07,21.8987,21.8987,21.8987,21.8987,0,0,0,0
07/23/2009 10:00,7,23,4,10,0,29.4,68,0,0,1.20098e+07,21.8987,21.8987,21.8987,21.8987,0,0,0,0
07/23/2009 11:00,7,23,4,11,0,30.6,61,0,0,1.20098e+07,21.8987,21.8987,21.8987,21.8987,0,0,0,0
07/23/2009 12:00,7,23,4,12,0,28.9,74,0,0,1.20098e+07,21.8987,21.8987,21.8987,21.8987,0,0,0,0
07/23/2009 13:00,7,23,4,13,0,26.7,85,0,0,1.20098e+07,21.8987,21.8987,21.8987,21.8987,0,0,0,0
07/23/2009 14:00,7,23,4,14,0,26.7,87,0,0,1.20098e+07,21.8987,21.8987,21.8987,21.8987,0,0,0,0
07/23/2009 15:00,7,23,4,15,0,26.1,85,0,0,1.20098e+07,21.8987,21.8987,21.8987,21.8987,0,0,0,0
07/23/2009 16:00,7,23,4,16,0,25.6,90,0,0,1.20098e+07,21.8987,21.8987,21.8987,21.8987,0,0,0,0
07/23/2009 17:00,7,23,4,17,0,25.6,90,0,126518,1.21585e+07,21.937,21.937,21.937,19.3945,0,0.00645884,0,494249
07/23/2009 18:00,7,23,4,18,0,25.6,90,0,74049.4,1.20893e+07,22.063,22.063,22.063,16.8904,0,0.00157804,0,122835
07/23/2009 19:00,7,23,4,19,0,26.7,87,0,0,1.20098e+07,22.0786,22.0786,22.0786,22.0786,0,0,0,0
07/23/2009 20:00,7,23,4,20,0,26.7,79,0,0,1.53816e+07,22.0786,22.0786,22.0786,22.0786,0,0,0,0
07/23/2009 21:00,7,23,4,21,0,25.6,85,0,0,1.53816e+07,22.0786,22.0786,22.0786,22.0786,0,0,0,0
07/23/2009 22:00,7,23,4,22,0,25,88,0,0,1.53816e+07,22.0786,22.0786,22.0786,22.0786,0,0,0,0
07/23/2009 23:00,7,23,4,23,0,25,88,0,0,1.53816e+07,22.0786,22.0786,22.0786,22.0786,0,0,0,0
07/24/2009 00:00,7,24,5,0,0,25,88,0,0,1.53816e+07,22.0786,22.0786,22.0786,22.0786,0,0,0,0
07/24/2009 01:00,7,24,5,1,0,23.9,90,0,0,2.07703e+07,22.0786,22.0786,22.0786,22.0786,0,0,0,0
07/24/2009 02:00,7,24,5,2,0,23.3,94,0,0,2.07703e+07,22.0786,22.0786,22.0786,22.0786,0,0,0,0
07/24/2009 03:00,7,24,5,3,0,23.3,94,0,0,2.07703e+07,22.0786,22.0786,22.0786,22.0786,0,0,0,0
07/24/2009 04:00,7,24,5,4,0,23.3,94,0,0,2.07703e+07,22.0786,22.0786,22.0786,22.0786,0,0,0,0
07/24/2009 05:00,7,24,5,5,0,23.3,94,0,0,2.07703e+07,22.0786,22.0786,22.0786,22.0786,0,0,0,0
07/24/2009 06:00,7,24,5,6,0,23.9,94,0,0,2.23312e+07,22.0786,22.0786,22.0786,22.0786,0,0,0,0
07/24/2009 07:00,7,24,5,7,0,24.4,94,0,1.46342e+07,3.81965e+07,22.2706,22.2706,22.2706,16.8904,0,1.02954,0,8.39515e+07
07/24/2009 08:00,7,24,5,8,0,25.6,90,0,1.75944e+07,4.7866e+07,22.1914,22.1914,22.1914,16.8904,0,1.25869,0,1.00487e+08
07/24/2009 09:00,7,24,5,9,0,27.2,85,0,1.96996e+07,7.63894e+07,22.0531,22.0531,22.0531,16.8904,0,1.43479,0,1.11534e+08
07/24/2009 10:00,7,24,5,10,0,29.4,75,0,1.88669e+07,7.53275e+07,21.9745,21.9745,21.9745,16.8904,0,1.36729,0,1.04614e+08
07/24/2009 11:00,7,24,5,11,0,31.1,66,0,1.84653e+07,7.48169e+07,21.9378,21.9378,21.9378,16.8904,0,1.33539,0,1.01436e+08
07/24/2009 12:00,7,24,5,12,0,28.3,77,0,1.77397e+07,7.38909e+07,21.9228,21.9228,21.9228,16.8904,0,1.27649,0,9.66705e+07
07/24/2009 13:00,7,24,5,13,0,30,70,0,1.65489e+07,6.79498e+07,21.9101,21.9101,21.9101,16.8904,0,1.17962,0,8.91097e+07
07/24/2009 14:00,7,24,5,14,0,30.6,72,0,1.73992e+07,7.34579e+07,21.9025,21.9025,21.9025,16.8904,0,1.24922,0,9.42236e+07
07/24/2009 15:00,7,24,5,15,0,30.6,65,0,1.73653e+07,7.34131e+07,21.8993,21.8993,21.8993,16.8904,0,1.24582,0,9.39076e+07
07/24/2009 16:00,7,24,5,16,0,28.3,72,0,1.73993e+07,7.34554e+07,21.8991,21.8991,21.8991,16.8904,0,1.24792,0,9.40614e+07
07/24/2009 17:00,7,24,5,17,0,28.9,72,0,1.75127e+07,7.36003e+07,21.9008,21.9008,21.9008,16.8904,0,1.25731,0,9.48024e+07
07/24/2009 18:00,7,24,5,18,0,28.3,79,0,1.44637e+07,4.9832e+07,21.9003,21.9003,21.9003,16.8904,0,1.01224,0,7.63149e+07
07/24/2009 19:00,7,24,5,19,0,28.3,79,0,0,1.95021e+07,21.9002,21.9002,21.9002,21.9002,0,0,0,0
07/24/2009 20:00,7,24,5,20,0,27.8,77,0,0,2.28739e+07,21.9002,21.9002,21.9002,21.9002,0,0,0,0
07/24/2009 21:00,7,24,5,21,0,26.7,79,0,0,1.97521e+07,21.9002,21.9002,21.9002,21.9002,0,0,0,0
07/24/2009 22:00,7,24,5,22,0,26.7,82,0,0,1.97521e+07,21.9002,21.9002,21.9002,21.9002,0,0,0,0
07/24/2009 23:00,7,24,5,23,0,25.6,87,0,0,1.69425e+07,21.9002,21.9002,21.9002,21.9002,0,0,0,0
07/25/2009 00:00,7,25,6,0,0,25.6,87,0,0,1.53816e+07,21.9002,21.9002,21.9002,21.9002,0,0,0,0
07/25/2009 01:00,7,25,6,1,0,25,90,0,0,2.07703e+07,21.9002,21.9002,21.9002,21.9002,0,0,0,0
07/25/2009 02:00,7,25,6,2,0,25,90,0,0,2.07703e+07,21.9002,21.9002,21.9002,21.9002,0,0,0,0
07/25/2009 03:00,7,25,6,3,0,24.4,94,0,0,2.07703e+07,21.9002,21.9002,21.9002,21.9002,0,0,0,0
07/25/2009 04:00,7,25,6,4,0,23.9,94,0,0,2.07703e+07,21.9002,21.9002,21.9002,21.9002,0,0,0,0
07/25/2009 05:00,7,25,6,5,0,23.3,94,0,0,2.07703e+07,21.9002,21.9002,21.9002,21.9002,0,0,0,0
07/25/2009 06:00,7,25,6,6,0,23.3,97,0,0,2.23312e+07,21.9002,21.9002,21.9002,21.9002,0,0,0,0
07/25/2009 07:00,7,25,6,7,0,24.4,97,0,1.19424e+07,3.4813e+07,22.098,22.098,22.098,16.8904,0,0.825775,0,6.49611e+07
07/25/2009 08:00,7,25,6,8,0,26.7,87,0,1.44953e+07,4.3932e+07,22.0522,22.0522,22.0522,16.8904,0,1.01264,0,7.86857e+07
07/25/2009 09:00,7,25,6,9,0,28.3,79,0,1.73026e+07,7.33258e+07,21.9791,21.9791,21.9791,16.8904,0,1.23839,0,9.48516e+07
07/25/2009 10:00,7,25,6,10,0,29.4,75,0,1.71518e+07,7.31365e+07,21.9421,21.9421,21.9421,16.8904,0,1.22709,0,9.32855e+07
07/25/2009 11:00,7,25,6,11,0,30.6,63,0,1.67291e+07,7.2599e+07,21.9324,21.9324,21.9324,16.8904,0,1.19342,0,9.05523e+07
07/25/2009 12:00,7,25,6,12,0,32.2,58,0,1.65145e+07,7.23278e+07,21.9216,21.9216,21.9216,16.8904,0,1.17683,0,8.91011e+07
07/25/2009 13:00,7,25,6,13,0,32.2,54,0,1.58432e+07,6.70516e+07,21.9096,21.9096,21.9096,16.8904,0,1.12279,0,8.48077e+07
07/25/2009 14:00,7,25,6,14,0,33.3,49,0,1.71363e+07,7.31231e+07,21.8947,21.8947,21.8947,16.8904,0,1.22789,0,9.24713e+07
07/25/2009 15:00,7,25,6,15,0,32.8,50,0,1.71267e+07,7.31086e+07,21.8931,21.8931,21.8931,16.8904,0,1.2262,0,9.23132e+07
07/25/2009 16:00,7,25,6,16,0,31.7,52,0,1.71536e+07,7.31425e+07,21.8936,21.8936,21.8936,16.8904,0,1.22824,0,9.24771e+07
07/25/2009 17:00,7,25,6,17,0,32.8,49,0,1.7183e+07,7.318e+07,21.8955,21.8955,21.8955,16.8904,0,1.2306,0,9.26886e+07
07/25/2009 18:00,7,25,6,18,0,30.6,53,0,1.35591e+07,4.86873e+07,21.8929,21.8929,21.8929,16.8904,0,0.941898,0,7.09079e+07
07/25/2009 19:00,7,25,6,19,0,30,57,0,0,1.95021e+07,21.8893,21.8893,21.8893,21.8893,0,0,0,0
07/25/2009 20:00,7,25,6,20,0,28.3,72,0,0,2.28739e+07,21.8893,21.8893,21.8893,21.8893,0,0,0,0
07/25/2009 21:00,7,25,6,21,0,28.3,79,0,0,1.97521e+07,21.8893,21.8893,21.8893,21.8893,0,0,0,0
07/25/2009 22:00,7,25,6,22,0,27.8,82,0,0,1.97521e+07,21.8893,21.8893,21.8893,21.8893,0,0,0,0
07/25/2009 23:00,7,25,6,23,0,27.2,85,0,0,1.69425e+07,21.8893,21.8893,21.8893,21.8893,0,0,0,0
07/26/2009 00:00,7,26,0,0,0,26.1,88,0,0,1.53816e+07,21.8893,21.8893,21.8893,21.8893,0,0,0,0
07/26/2009 01:00,7,26,0,1,0,26.1,88,0,0,2.07703e+07,21.8893,21.8893,21.8893,21.8893,0,0,0,0
07/26/2009 02:00,7,26,0,2,0,24.4,94,0,0,2.07703e+07,21.8893,21.8893,21.8893,21.8893,0,0,0,0
07/26/2009 03:00,7,26,0,3,0,24.4,94,0,0,2.07703e+07,21.8893,21.8893,21.8893,21.8893,0,0,0,0
07/26/2009 04:00,7,26,0,4,0,24.4,94,0,0,2.07703e+07,21.8893,21.8893,21.8893,21.8893,0,0,0,0
07/26/2009 05:00,7,26,0,5,0,24.4,94,0,0,2.07703e+07,21.8893,21.8893,21.8893,21.8893,0,0,0,0
07/26/2009 06:00,7,26,0,6,0,23.9,96,0,0,2.23312e+07,21.8893,21.8893,21.8893,21.8893,0,0,0,0
07/26/2009 07:00,7,26,0,7,0,25,94,0,1.21045e+07,3.50187e+07,22.0674,22.0674,22.0674,16.8904,0,0.838645,0,6.55646e+07
07/26/2009 08:00,7,26,0,8,0,28.3,79,0,1.48221e+07,4.43492e+07,22.0205,22.0205,22.0205,16.8904,0,1.03913,0,8.02463e+07
07/26/2009 09:00,7,26,0,9,0,30,67,0,1.76809e+07,7.38113e+07,21.9642,21.9642,21.9642,16.8904,0,1.26977,0,9.69547e+07
07/26/2009 10:00,7,26,0,10,0,31.7,56,0,1.78211e+07,7.39937e+07,21.9328,21.9328,21.9328,16.8904,0,1.28228,0,9.73037e+07
07/26/2009 11:00,7,26,0,11,0,32.2,54,0,1.7592e+07,7.37015e+07,21.9143,21.9143,21.9143,16.8904,0,1.26387,0,9.55541e+07
07/26/2009 12:00,7,26,0,12,0,32.8,50,0,1.72501e+07,7.32668e+07,21.9083,21.9083,21.9083,16.8904,0,1.23673,0,9.33888e+07
07/26/2009 13:00,7,26,0,13,0,33.3,49,0,1.62288e+07,6.75428e+07,21.9011,21.9011,21.9011,16.8904,0,1.15394,0,8.70123e+07
07/26/2009 14:00,7,26,0,14,0,33.3,54,0,1.71649e+07,7.316e+07,21.888,21.888,21.888,16.8904,0,1.23035,0,9.25312e+07
07/26/2009 15:00,7,26,0,15,0,32.2,59,0,1.78013e+07,7.39699e+07,21.8909,21.8909,21.8909,16.8904,0,1.2811,0,9.64047e+07
07/26/2009 16:00,7,26,0,16,0,33.9,46,0,1.83642e+07,7.46893e+07,21.894,21.894,21.894,16.8904,0,1.32693,0,9.99149e+07
07/26/2009 17:00,7,26,0,17,0,31.1,66,0,1.79296e+07,7.41331e+07,21.896,21.896,21.896,16.8904,0,1.2911,0,9.72562e+07
07/26/2009 18:00,7,26,0,18,0,30.6,65,0,1.36943e+07,4.88581e+07,21.8951,21.8951,21.8951,16.8904,0,0.952513,0,7.17391e+07
07/26/2009 19:00,7,26,0,19,0,30,72,0,0,1.95021e+07,21.8914,21.8914,21.8914,21.8914,0,0,0,0
07/26/2009 20:00,7,26,0,20,0,28.9,77,0,0,2.28739e+07,21.8914,21.8914,21.8914,21.8914,0,0,0,0
07/26/2009 21:00,7,26,0,21,0,28.3,79,0,0,1.97521e+07,21.8914,21.8914,21.8914,21.8914,0,0,0,0
07/26/2009 22:00,7,26,0,22,0,28.3,74,0,0,1.97521e+07,21.8914,21.8914,21.8914,21.8914,0,0,0,0
07/26/2009 23:00,7,26,0,23,0,27.8,77,0,0,1.69425e+07,21.8914,21.8914,21.8914,21.8914,0,0,0,0
07/27/2009 00:00,7,27,1,0,0,27.8,77,0,0,1.53816e+07,21.8914,21.8914,21.8914,21.8914,0,0,0,0
07/27/2009 01:00,7,27,1,1,0,26.7,82,0,0,2.07703e+07,21.8914,21.8914,21.8914,21.8914,0,0,0,0
07/27/2009 02:00,7,27,1,2,0,25,90,0,0,2.07703e+07,21.8914,21.8914,21.8914,21.8914,0,0,0,0
07/27/2009 03:00,7,27,1,3,0,24.4,91,0,0,2.07703e+07,21.8914,21.8914,21.8914,21.8914,0,0,0,0
07/27/2009 04:00,7,27,1,4,0,23.9,94,0,0,2.07703e+07,21.8914,21.8914,21.8914,21.8914,0,0,0,0
07/27/2009 05:00,7,27,1,5,0,24.4,94,0,0,2.07703e+07,21.8914,21.8914,21.8914,21.8914,0,0,0,0
07/27/2009 06:00,7,27,1,6,0,24.4,94,0,0,2.23312e+07,21.8914,21.8914,21.8914,21.8914,0,0,0,0
07/27/2009 07:00,7,27,1,7,0,25,94,0,1.28998e+07,3.6015e+07,22.0711,22.0711,22.0711,16.8904,0,0.897722,0,7.02063e+07
07/27/2009 08:00,7,27,1,8,0,28.3,82,0,1.55005e+07,4.52103e+07,22.0267,22.0267,22.0267,16.8904,0,1.09292,0,8.45055e+07
07/27/2009 09:00,7,27,1,9,0,30,72,0,1.79933e+07,7.42105e+07,21.9662,21.9662,21.9662,16.8904,0,1.29535,0,9.89465e+07
07/27/2009 10:00,7,27,1,10,0,31.7,59,0,1.80702e+07,7.43118e+07,21.9305,21.9305,21.9305,16.8904,0,1.30266,0,9.88055e+07
07/27/2009 11:00,7,27,1,11,0,32.8,56,0,1.77713e+07,7.3931e+07,21.9112,21.9112,21.9112,16.8904,0,1.27872,0,9.66165e+07
07/27/2009 12:00,7,27,1,12,0,33.3,52,0,1.77172e+07,7.38634e+07,21.9067,21.9067,21.9067,16.8904,0,1.27486,0,9.62389e+07
07/27/2009 13:00,7,27,1,13,0,26.7,79,0,1.58698e+07,6.70857e+07,21.9024,21.9024,21.9024,16.8904,0,1.12506,0,8.48576e+07
07/27/2009 14:00,7,27,1,14,0,28.9,80,0,1.69075e+07,7.28308e+07,21.8947,21.8947,21.8947,16.8904,0,1.20924,0,9.10661e+07
07/27/2009 15:00,7,27,1,15,0,28.3,67,0,1.73025e+07,7.33337e+07,21.8955,21.8955,21.8955,16.8904,0,1.24094,0,9.34686e+07
07/27/2009 16:00,7,27,1,16,0,27.2,72,0,1.71157e+07,7.30941e+07,21.8993,21.8993,21.8993,16.8904,0,1.22532,0,9.23628e+07
07/27/2009 17:00,7,27,1,17,0,26.7,79,0,1.63734e+07,7.21492e+07,21.9006,21.9006,21.9006,16.8904,0,1.1658,0,8.78993e+07
07/27/2009 18:00,7,27,1,18,0,27.2,79,0,1.29614e+07,4.79329e+07,21.8986,21.8986,21.8986,16.8904,0,0.895973,0,6.75275e+07
07/27/2009 19:00,7,27,1,19,0,27.8,77,0,0,1.95021e+07,21.8951,21.8951,21.8951,21.8951,0,0,0,0
07/27/2009 20:00,7,27,1,20,0,27.2,82,0,0,2.28739e+07,21.8951,21.8951,21.8951,21.8951,0,0,0,0
07/27/2009 21:00,7,27,1,21,0,26.7,85,0,0,1.97521e+07,21.8951,21.8951,21.8951,21.8951,0,0,0,0
07/27/2009 22:00,7,27,1,22,0,25,94,0,0,1.97521e+07,21.8951,21.8951,21.8951,21.8951,0,0,0,0
07/27/2009 23:00,7,27,1,23,0,25,94,0,0,1.69425e+07,21.8951,21.8951,21.8951,21.8951,0,0,0,0
07/28/2009 00:00,7,28,2,0,0,26.1,88,0,0,1.53816e+07,21.8951,21.8951,21.8951,21.8951,0,0,0,0
07/28/2009 01:00,7,28,2,1,0,25.6,90,0,0,2.07703e+07,21.8951,21.8951,21.8951,21.8951,0,0,0,0
07/28/2009 02:00,7,28,2,2,0,25.6,87,0,0,2.07703e+07,21.8951,21.8951,21.8951,21.8951,0,0,0,0
07/28/2009 03:00,7,28,2,3,0,24.4,94,0,0,2.07703e+07,21.8951,21.8951,21.8951,21.8951,0,0,0,0
07/28/2009 04:00,7,28,2,4,0,24.4,91,0,0,2.07703e+07,21.8951,21.8951,21.8951,21.8951,0,0,0,0
07/28/2009 05:00,7,28,2,5,0,24.4,91,0,0,2.07703e+07,21.8951,21.8951,21.8951,21.8951,0,0,0,0
07/28/2009 06:00,7,28,2,6,0,23.9,94,0,0,2.23312e+07,21.8951,21.8951,21.8951,21.8951,0,0,0,0
07/28/2009 07:00,7,28,2,7,0,25.6,87,0,1.22114e+07,3.51515e+07,22.0801,22.0801,22.0801,16.8904,0,0.84606,0,6.6309e+07
07/28/2009 08:00,7,28,2,8,0,27.8,82,0,1.48842e+07,4.44295e+07,22.031,22.031,22.031,16.8904,0,1.04438,0,8.08179e+07
07/28/2009 09:00,7,28,2,9,0,28.9,80,0,1.64389e+07,7.2227e+07,21.9612,21.9612,21.9612,16.8904,0,1.16924,0,8.92367e+07
07/28/2009 10:00,7,28,2,10,0,30.6,68,0,1.7208e+07,7.32096e+07,21.9318,21.9318,21.9318,16.8904,0,1.23204,0,9.34713e+07
07/28/2009 11:00,7,28,2,11,0,32.2,62,0,1.71975e+07,7.31973e+07,21.9209,21.9209,21.9209,16.8904,0,1.23157,0,9.32324e+07
07/28/2009 12:00,7,28,2,12,0,32.8,56,0,1.70186e+07,7.2971e+07,21.9124,21.9124,21.9124,16.8904,0,1.21778,0,9.20341e+07
07/28/2009 13:00,7,28,2,13,0,33.3,56,0,1.60726e+07,6.73438e+07,21.9049,21.9049,21.9049,16.8904,0,1.14129,0,8.61249e+07
07/28/2009 14:00,7,28,2,14,0,34.4,49,0,1.69347e+07,7.28657e+07,21.8943,21.8943,21.8943,16.8904,0,1.21147,0,9.12276e+07
07/28/2009 15:00,7,28,2,15,0,35,44,0,1.77788e+07,7.39401e+07,21.8956,21.8956,21.8956,16.8904,0,1.27886,0,9.63272e+07
07/28/2009 16:00,7,28,2,16,0,35,44,0,1.8299e+07,7.46061e+07,21.8943,21.8943,21.8943,16.8904,0,1.32182,0,9.95366e+07
07/28/2009 17:00,7,28,2,17,0,35,42,0,1.82857e+07,7.45888e+07,21.8941,21.8941,21.8941,16.8904,0,1.32044,0,9.94286e+07
07/28/2009 18:00,7,28,2,18,0,31.1,63,0,1.36929e+07,4.88564e+07,21.8913,21.8913,21.8913,16.8904,0,0.952429,0,7.16772e+07
07/28/2009 19:00,7,28,2,19,0,30,67,0,0,1.95021e+07,21.889,21.889,21.889,21.889,0,0,0,0
07/28/2009 20:00,7,28,2,20,0,29.4,70,0,0,2.28739e+07,21.889,21.889,21.889,21.889,0,0,0,0
07/28/2009 21:00,7,28,2,21,0,28.9,65,0,0,1.97521e+07,21.889,21.889,21.889,21.889,0,0,0,0
07/28/2009 22:00,7,28,2,22,0,27.8,74,0,0,1.97521e+07,21.889,21.889,21.889,21.889,0,0,0,0
07/28/2009 23:00,7,28,2,23,0,27.2,79,0,0,1.69425e+07,21.889,21.889,21.889,21.889,0,0,0,0
07/29/2009 00:00,7,29,3,0,0,26.1,85,0,0,1.53816e+07,21.889,21.889,21.889,21.889,0,0,0,0
07/29/2009 01:00,7,29,3,1,0,25.6,90,0,0,1.42679e+07,21.889,21.889,21.889,21.889,0,0,0,0
07/29/2009 02:00,7,29,3,2,0,25.6,90,0,0,1.42679e+07,21.889,21.889,21.889,21.889,0,0,0,0
07/29/2009 03:00,7,29,3,3,0,26.1,90,0,0,1.42679e+07,21.889,21.889,21.889,21.889,0,0,0,0
07/29/2009 04:00,7,29,3,4,0,25,94,0,0,1.42679e+07,21.889,21.889,21.889,21.889,0,0,0,0
07/29/2009 05:00,7,29,3,5,0,25,94,0,0,1.42679e+07,21.889,21.889,21.889,21.889,0,0,0,0
07/29/2009 06:00,7,29,3,6,0,25,94,0,0,1.42679e+07,21.889,21.889,21.889,21.889,0,0,0,0
07/29/2009 07:00,7,29,3,7,0,25.6,96,0,0,1.20098e+07,21.889,21.889,21.889,21.889,0,0,0,0
07/29/2009 08:00,7,29,3,8,0,27.2,88,0,0,1.20098e+07,21.889,21.889,21.889,21.889,0,0,0,0
07/29/2009 09:00,7,29,3,9,0,28.9,74,0,160682,1.21989e+07,21.9491,21.9491,21.9491,18.5566,0,0.0083149,0,635168
07/29/2009 10:00,7,29,3,10,0,30,67,0,0,1.20098e+07,22.0376,22.0376,22.0376,22.0376,0,0,0,0
07/29/2009 11:00,7,29,3,11,0,30.6,68,0,0,1.20098e+07,22.0376,22.0376,22.0376,22.0376,0,0,0,0
07/29/2009 12:00,7,29,3,12,0,31.7,63,0,0,1.20098e+07,22.0376,22.0376,22.0376,22.0376,0,0,0,0
07/29/2009 13:00,7,29,3,13,0,32.2,59,0,0,1.20098e+07,22.0376,22.0376,22.0376,22.0376,0,0,0,0
07/29/2009 14:00,7,29,3,14,0,31.7,63,0,0,1.20098e+07,22.0376,22.0376,22.0376,22.0376,0,0,0,0
07/29/2009 15:00,7,29,3,15,0,32.2,59,0,0,1.20098e+07,22.0376,22.0376,22.0376,22.0376,0,0,0,0
07/29/2009 16:00,7,29,3,16,0,27.2,67,0,0,1.20098e+07,22.0376,22.0376,22.0376,22.0376,0,0,0,0
07/29/2009 17:00,7,29,3,17,0,27.2,74,0,0,1.20098e+07,22.0376,22.0376,22.0376,22.0376,0,0,0,0
07/29/2009 18:00,7,29,3,18,0,26.7,76,0,0,1.20098e+07,22.0376,22.0376,22.0376,22.0376,0,0,0,0
07/29/2009 19:00,7,29,3,19,0,26.1,82,0,0,1.20098e+07,22.0376,22.0376,22.0376,22.0376,0,0,0,0
07/29/2009 20:00,7,29,3,20,0,26.7,82,0,0,1.53816e+07,22.0376,22.0376,22.0376,22.0376,0,0,0,0
07/29/2009 21:00,7,29,3,21,0,26.1,82,0,0,1.53816e+07,22.0376,22.0376,22.0376,22.0376,0,0,0,0
07/29/2009 22:00,7,29,3,22,0,24.4,85,0,0,1.53816e+07,22.0376,22.0376,22.0376,22.0376,0,0,0,0
07/29/2009 23:00,7,29,3,23,0,24.4,85,0,0,1.53816e+07,22.0376,22.0376,22.0376,22.0376,0,0,0,0
07/30/2009 00:00,7,30,4,0,0,23.9,88,0,0,1.53816e+07,22.0376,22.0376,22.0376,22.0376,0,0,0,0
07/30/2009 01:00,7,30,4,1,0,23.3,91,0,0,1.42679e+07,22.0376,22.0376,22.0376,22.0376,0,0,0,0
07/30/2009 02:00,7,30,4,2,0,23.3,91,0,0,1.42679e+07,22.0376,22.0376,22.0376,22.0376,0,0,0,0
07/30/2009 03:00,7,30,4,3,0,22.8,94,0,0,1.42679e+07,22.0376,22.0376,22.0376,22.0376,0,0,0,0
07/30/2009 04:00,7,30,4,4,0,22.2,97,0,0,1.42679e+07,22.0376,22.0376,22.0376,22.0376,0,0,0,0
07/30/2009 05:00,7,30,4,5,0,22.2,93,0,0,1.42679e+07,22.0376,22.0376,22.0376,22.0376,0,0,0,0
07/30/2009 06:00,7,30,4,6,0,22.2,97,0,0,1.42679e+07,22.0376,22.0376,22.0376,22.0376,0,0,0,0
07/30/2009 07:00,7,30,4,7,0,23.9,90,0,0,1.20098e+07,22.0376,22.0376,22.0376,22.0376,0,0,0,0
07/30/2009 08:00,7,30,4,8,0,26.1,82,0,0,1.20098e+07,22.0376,22.0376,22.0376,22.0376,0,0,0,0
07/30/2009 09:00,7,30,4,9,0,28.9,67,0,223935,1.2276e+07,22.1149,22.1149,22.1149,18.6061,0,0.0123763,0,977038
07/30/2009 10:00,7,30,4,10,0,30.6,61,0,585532,1.27142e+07,22.3659,22.3659,22.3659,16.8904,0,0.0348323,0,2.86953e+06
07/30/2009 11:00,7,30,4,11,0,32.2,56,0,277126,1.23373e+07,22.4728,22.4728,22.4728,16.8904,0,0.0147693,0,1.24068e+06
07/30/2009 12:00,7,30,4,12,0,33.9,52,0,0,1.20098e+07,22.4882,22.4882,22.4882,22.4882,0,0,0,0
07/30/2009 13:00,7,30,4,13,0,35,46,0,0,1.20098e+07,22.4882,22.4882,22.4882,22.4882,0,0,0,0
07/30/2009 14:00,7,30,4,14,0,36.1,45,0,0,1.20098e+07,22.4882,22.4882,22.4882,22.4882,0,0,0,0
07/30/2009 15:00,7,30,4,15,0,35.6,43,0,387882,1.24619e+07,22.5139,22.5139,22.5139,16.8904,0,0.0186996,0,1.58406e+06
07/30/2009 16:00,7,30,4,16,0,35.6,42,0,964220,1.31677e+07,22.5772,22.5772,22.5772,16.8904,0,0.0563937,0,4.82584e+06
07/30/2009 17:00,7,30,4,17,0,33.3,54,0,121259,1.21468e+07,22.5914,22.5914,22.5914,16.8904,0,0.0045727,0,392274
07/30/2009 18:00,7,30,4,18,0,30.6,65,0,159317,1.21931e+07,22.5885,22.5885,22.5885,16.8904,0,0.00698246,0,598703
07/30/2009 19:00,7,30,4,19,0,28.9,74,0,0,1.20098e+07,22.5877,22.5877,22.5877,22.5877,0,0,0,0
07/30/2009 20:00,7,30,4,20,0,29.4,72,0,0,1.53816e+07,22.5877,22.5877,22.5877,22.5877,0,0,0,0
07/30/2009 21:00,7,30,4,21,0,28.3,77,0,0,1.53816e+07,22.5877,22.5877,22.5877,22.5877,0,0,0,0
07/30/2009 22:00,7,30,4,22,0,26.7,85,0,0,1.53816e+07,22.5877,22.5877,22.5877,22.5877,0,0,0,0
07/30/2009 23:00,7,30,4,23,0,26.1,88,0,0,1.53816e+07,22.5877,22.5877,22.5877,22.5877,0,0,0,0
07/31/2009 00:00,7,31,5,0,0,26.1,88,0,0,1.53816e+07,22.5877,22.5877,22.5877,22.5877,0,0,0,0
07/31/2009 01:00,7,31,5,1,0,25,94,0,0,2.07703e+07,22.5877,22.5877,22.5877,22.5877,0,0,0,0
07/31/2009 02:00,7,31,5,2,0,25.6,90,0,0,2.07703e+07,22.5877,22.5877,22.5877,22.5877,0,0,0,0
07/31/2009 03:00,7,31,5,3,0,25,90,0,0,2.07703e+07,22.5877,22.5877,22.5877,22.5877,0,0,0,0
07/31/2009 04:00,7,31,5,4,0,24.4,94,0,0,2.07703e+07,22.5877,22.5877,22.5877,22.5877,0,0,0,0
07/31/2009 05:00,7,31,5,5,0,25,90,0,0,2.07703e+07,22.5877,22.5877,22.5877,22.5877,0,0,0,0
07/31/2009 06:00,7,31,5,6,0,25,90,0,0,2.23312e+07,22.5877,22.5877,22.5877,22.5877,0,0,0,0
07/31/2009 07:00,7,31,5,7,0,26.7,87,0,1.67099e+07,4.08286e+07,22.2452,22.2452,22.2452,16.8904,0,1.19327,0,9.68906e+07
07/31/2009 08:00,7,31,5,8,0,28.3,82,0,2.05591e+07,5.16755e+07,22.158,22.158,22.158,16.8904,0,1.50731,0,1.1955e+08
07/31/2009 09:00,7,31,5,9,0,30.6,72,0,2.14307e+07,7.86254e+07,22.0342,22.0342,22.0342,16.8904,0,1.58343,0,1.22588e+08
07/31/2009 10:00,7,31,5,10,0,31.7,68,0,2.04765e+07,7.74011e+07,21.9581,21.9581,21.9581,16.8904,0,1.50397,0,1.1471e+08
07/31/2009 11:00,7,31,5,11,0,33.3,62,0,1.964e+07,7.63261e+07,21.9194,21.9194,21.9194,16.8904,0,1.43392,0,1.08521e+08
07/31/2009 12:00,7,31,5,12,0,35,54,0,1.91871e+07,7.57461e+07,21.9099,21.9099,21.9099,16.8904,0,1.3967,0,1.05504e+08
07/31/2009 13:00,7,31,5,13,0,33.9,54,0,1.7852e+07,6.96139e+07,21.9016,21.9016,21.9016,16.8904,0,1.28607,0,9.69862e+07
07/31/2009 14:00,7,31,5,14,0,35,51,0,1.90711e+07,7.55992e+07,21.8911,21.8911,21.8911,16.8904,0,1.38754,0,1.04419e+08
07/31/2009 15:00,7,31,5,15,0,35.6,45,0,1.98223e+07,7.65605e+07,21.8896,21.8896,21.8896,16.8904,0,1.44898,0,1.0901e+08
07/31/2009 16:00,7,31,5,16,0,33.9,58,0,1.95533e+07,7.62141e+07,21.8881,21.8881,21.8881,16.8904,0,1.42588,0,1.07241e+08
07/31/2009 17:00,7,31,5,17,0,32.2,62,0,1.89695e+07,7.54659e+07,21.889,21.889,21.889,16.8904,0,1.37794,0,1.03653e+08
07/31/2009 18:00,7,31,5,18,0,30.6,63,0,1.55519e+07,5.12118e+07,21.8883,21.8883,21.8883,16.8904,0,1.09824,0,8.26018e+07
07/31/2009 19:00,7,31,5,19,0,30,61,0,0,1.95021e+07,21.8853,21.8853,21.8853,21.8853,0,0,0,0
07/31/2009 20:00,7,31,5,20,0,28.3,72,0,0,2.28739e+07,21.8853,21.8853,21.8853,21.8853,0,0,0,0
07/31/2009 21:00,7,31,5,21,0,28.3,77,0,0,1.97521e+07,21.8853,21.8853,21.8853,21.8853,0,0,0,0
07/31/2009 22:00,7,31,5,22,0,27.5,87,0,0,1.97521e+07,21.8853,21.8853,21.8853,21.8853,0,0,0,0
07/31/2009 23:00,7,31,5,23,0,26.8,88,0,0,1.69425e+07,21.8853,21.8853,21.8853,21.8853,0,0,0,0
08/01/2009 00:00,8,1,6,0,0,26,88,0,0,1.53816e+07,21.8853,21.8853,21.8853,21.8853,0,0,0,0
08/01/2009 01:00,8,1,6,1,0,25.3,88,0,0,2.07703e+07,21.8853,21.8853,21.8853,21.8853,0,0,0,0
08/01/2009 02:00,8,1,6,2,0,24.5,94,0,0,2.07703e+07,21.8853,21.8853,21.8853,21.8853,0,0,0,0
08/01/2009 03:00,8,1,6,3,0,23.8,100,0,0,2.07703e+07,21.8853,21.8853,21.8853,21.8853,0,0,0,0
08/01/2009 04:00,8,1,6,4,0,23,100,0,0,2.07703e+07,21.8853,21.8853,21.8853,21.8853,0,0,0,0
08/01/2009 05:00,8,1,6,5,0,22.2,100,0,0,2.07703e+07,21.8853,21.8853,21.8853,21.8853,0,0,0,0
08/01/2009 06:00,8,1,6,6,0,24.4,100,0,0,2.23312e+07,21.8853,21.8853,21.8853,21.8853,0,0,0,0
08/01/2009 07:00,8,1,6,7,0,25,100,0,1.24807e+07,3.54957e+07,21.9834,21.9834,21.9834,16.8904,0,0.868403,0,6.67154e+07
08/01/2009 08:00,8,1,6,8,0,27.8,79,0,1.53889e+07,4.50729e+07,21.9513,21.9513,21.9513,16.8904,0,1.08557,0,8.26987e+07
08/01/2009 09:00,8,1,6,9,0,28.3,77,0,1.82389e+07,7.45318e+07,21.9126,21.9126,21.9126,16.8904,0,1.31778,0,9.96003e+07
08/01/2009 10:00,8,1,6,10,0,30.6,61,0,1.82898e+07,7.45986e+07,21.9003,21.9003,21.9003,16.8904,0,1.32244,0,9.97015e+07
08/01/2009 11:00,8,1,6,11,0,33.9,43,0,1.82301e+07,7.45195e+07,21.8964,21.8964,21.8964,16.8904,0,1.31692,0,9.92099e+07
08/01/2009 12:00,8,1,6,12,0,35.6,33,0,1.78591e+07,7.4046e+07,21.893,21.893,21.893,16.8904,0,1.28698,0,9.68883e+07
08/01/2009 13:00,8,1,6,13,0,37.8,23,0,1.70964e+07,6.86498e+07,21.8878,21.8878,21.8878,16.8904,0,1.22452,0,9.20895e+07
08/01/2009 14:00,8,1,6,14,0,38.3,24,0,1.79555e+07,7.4171e+07,21.8782,21.8782,21.8782,16.8904,0,1.29536,0,9.72306e+07
08/01/2009 15:00,8,1,6,15,0,39.4,26,0,1.90878e+07,7.56178e+07,21.88,21.88,21.88,16.8904,0,1.3874,0,1.04176e+08
08/01/2009 16:00,8,1,6,16,0,39.4,26,0,1.96344e+07,7.63206e+07,21.882,21.882,21.882,16.8904,0,1.43298,0,1.07643e+08
08/01/2009 17:00,8,1,6,17,0,38.3,27,0,1.95749e+07,7.62453e+07,21.8827,21.8827,21.8827,16.8904,0,1.42821,0,1.073e+08
08/01/2009 18:00,8,1,6,18,0,37.2,34,0,1.62512e+07,5.21054e+07,21.8797,21.8797,21.8797,16.8904,0,1.155,0,8.67217e+07
08/01/2009 19:00,8,1,6,19,0,35,35,0,0,1.95021e+07,21.8762,21.8762,21.8762,21.8762,0,0,0,0
08/01/2009 20:00,8,1,6,20,0,32.2,56,0,0,2.28739e+07,21.8762,21.8762,21.8762,21.8762,0,0,0,0
08/01/2009 21:00,8,1,6,21,0,30.6,65,0,0,1.97521e+07,21.8762,21.8762,21.8762,21.8762,0,0,0,0
08/01/2009 22:00,8,1,6,22,0,30,62,0,0,1.97521e+07,21.8762,21.8762,21.8762,21.8762,0,0,0,0
08/01/2009 23:00,8,1,6,23,0,28.3,67,0,0,1.69425e+07,21.8762,21.8762,21.8762,21.8762,0,0,0,0
08/02/2009 00:00,8,2,0,0,0,27.8,72,0,0,1.53816e+07,21.8762,21.8762,21.8762,21.8762,0,0,0,0
08/02/2009 01:00,8,2,0,1,0,26.7,79,0,0,2.07703e+07,21.8762,21.8762,21.8762,21.8762,0,0,0,0
08/02/2009 02:00,8,2,0,2,0,25.6,85,0,0,2.07703e+07,21.8762,21.8762,21.8762,21.8762,0,0,0,0
08/02/2009 03:00,8,2,0,3,0,24.4,91,0,0,2.07703e+07,21.8762,21.8762,21.8762,21.8762,0,0,0,0
08/02/2009 04:00,8,2,0,4,0,23.9,94,0,0,2.07703e+07,21.8762,21.8762,21.8762,21.8762,0,0,0,0
08/02/2009 05:00,8,2,0,5,0,23.3,97,0,0,2.07703e+07,21.8762,21.8762,21.8762,21.8762,0,0,0,0
08/02/2009 06:00,8,2,0,6,0,23.9,94,0,0,2.23312e+07,21.8762,21.8762,21.8762,21.8762,0,0,0,0
08/02/2009 07:00,8,2,0,7,0,26.1,88,0,1.25537e+07,3.5587e+07,21.9919,21.9919,21.9919,16.8904,0,0.873739,0,6.72739e+07
08/02/2009 08:00,8,2,0,8,0,28.3,79,0,1.62938e+07,4.62255e+07,21.9563,21.9563,21.9563,16.8904,0,1.15823,0,8.83187e+07
08/02/2009 09:00,8,2,0,9,0,31.1,63,0,1.87573e+07,7.51951e+07,21.9198,21.9198,21.9198,16.8904,0,1.36029,0,1.02957e+08
08/02/2009 10:00,8,2,0,10,0,32.2,54,0,1.88633e+07,7.53317e+07,21.9056,21.9056,21.9056,16.8904,0,1.36942,0,1.03354e+08
08/02/2009 11:00,8,2,0,11,0,34.4,46,0,1.85862e+07,7.49748e+07,21.896,21.896,21.896,16.8904,0,1.34615,0,1.01404e+08
08/02/2009 12:00,8,2,0,12,0,36.1,42,0,1.82731e+07,7.45752e+07,21.8928,21.8928,21.8928,16.8904,0,1.32089,0,9.94373e+07
08/02/2009 13:00,8,2,0,13,0,36.7,39,0,1.73004e+07,6.89096e+07,21.8882,21.8882,21.8882,16.8904,0,1.24095,0,9.33341e+07
08/02/2009 14:00,8,2,0,14,0,38.3,33,0,1.84138e+07,7.47571e+07,21.8796,21.8796,21.8796,16.8904,0,1.33297,0,1.00082e+08
08/02/2009 15:00,8,2,0,15,0,38.9,31,0,1.93477e+07,7.59515e+07,21.8799,21.8799,21.8799,16.8904,0,1.40917,0,1.0581e+08
08/02/2009 16:00,8,2,0,16,0,39.4,31,0,1.99252e+07,7.66945e+07,21.8816,21.8816,21.8816,16.8904,0,1.45746,0,1.09472e+08
08/02/2009 17:00,8,2,0,17,0,38.9,32,0,1.99057e+07,7.667e+07,21.8826,21.8826,21.8826,16.8904,0,1.45593,0,1.0938e+08
08/02/2009 18:00,8,2,0,18,0,38.3,32,0,1.65374e+07,5.24693e+07,21.8796,21.8796,21.8796,16.8904,0,1.17796,0,8.84431e+07
08/02/2009 19:00,8,2,0,19,0,36.1,37,0,0,1.95021e+07,21.8759,21.8759,21.8759,21.8759,0,0,0,0
08/02/2009 20:00,8,2,0,20,0,33.9,56,0,0,2.28739e+07,21.8759,21.8759,21.8759,21.8759,0,0,0,0
08/02/2009 21:00,8,2,0,21,0,32.2,64,0,0,1.97521e+07,21.8759,21.8759,21.8759,21.8759,0,0,0,0
08/02/2009 22:00,8,2,0,22,0,30.6,65,0,0,1.97521e+07,21.8759,21.8759,21.8759,21.8759,0,0,0,0
08/02/2009 23:00,8,2,0,23,0,29.4,72,0,0,1.69425e+07,21.8759,21.8759,21.8759,21.8759,0,0,0,0
08/03/2009 00:00,8,3,1,0,0,27.8,77,0,0,1.53816e+07,21.8759,21.8759,21.8759,21.8759,0,0,0,0
08/03/2009 01:00,8,3,1,1,0,28.3,79,0,0,2.07703e+07,21.8759,21.8759,21.8759,21.8759,0,0,0,0
08/03/2009 02:00,8,3,1,2,0,27.8,82,0,0,2.07703e+07,21.8759,21.8759,21.8759,21.8759,0,0,0,0
08/03/2009 03:00,8,3,1,3,0,27.8,82,0,0,2.07703e+07,21.8759,21.8759,21.8759,21.8759,0,0,0,0
08/03/2009 04:00,8,3,1,4,0,25.6,90,0,0,2.07703e+07,21.8759,21.8759,21.8759,21.8759,0,0,0,0
08/03/2009 05:00,8,3,1,5,0,26.1,88,0,0,2.07703e+07,21.8759,21.8759,21.8759,21.8759,0,0,0,0
08/03/2009 06:00,8,3,1,6,0,25.6,90,0,0,2.23312e+07,21.8759,21.8759,21.8759,21.8759,0,0,0,0
08/03/2009 07:00,8,3,1,7,0,27.2,85,0,1.45129e+07,3.80508e+07,22.0807,22.0807,22.0807,16.8904,0,1.02228,0,8.01543e+07
08/03/2009 08:00,8,3,1,8,0,28.9,72,0,1.79828e+07,4.83728e+07,22.0281,22.0281,22.0281,16.8904,0,1.29334,0,1.00034e+08
08/03/2009 09:00,8,3,1,9,0,30.6,65,0,1.9948e+07,7.67187e+07,21.9583,21.9583,21.9583,16.8904,0,1.45842,0,1.11232e+08
08/03/2009 10:00,8,3,1,10,0,32.8,56,0,1.96927e+07,7.63941e+07,21.9205,21.9205,21.9205,16.8904,0,1.43813,0,1.08864e+08
08/03/2009 11:00,8,3,1,11,0,34.4,51,0,1.92965e+07,7.58854e+07,21.9005,21.9005,21.9005,16.8904,0,1.40518,0,1.05946e+08
08/03/2009 12:00,8,3,1,12,0,35.6,46,0,1.89037e+07,7.53835e+07,21.8922,21.8922,21.8922,16.8904,0,1.37328,0,1.03368e+08
08/03/2009 13:00,8,3,1,13,0,37.2,42,0,1.8188e+07,7.00449e+07,21.8869,21.8869,21.8869,16.8904,0,1.31394,0,9.87973e+07
08/03/2009 14:00,8,3,1,14,0,37.2,41,0,1.89187e+07,7.54048e+07,21.8761,21.8761,21.8761,16.8904,0,1.3751,0,1.03172e+08
08/03/2009 15:00,8,3,1,15,0,37.8,40,0,1.97582e+07,7.64793e+07,21.8789,21.8789,21.8789,16.8904,0,1.44381,0,1.08388e+08
08/03/2009 16:00,8,3,1,16,0,28.3,77,0,1.85865e+07,7.49758e+07,21.8836,21.8836,21.8836,16.8904,0,1.34648,0,1.01178e+08
08/03/2009 17:00,8,3,1,17,0,28.3,70,0,1.80026e+07,7.42295e+07,21.891,21.891,21.891,16.8904,0,1.29883,0,9.77401e+07
08/03/2009 18:00,8,3,1,18,0,28.3,77,0,1.42632e+07,4.95792e+07,21.8866,21.8866,21.8866,16.8904,0,0.997667,0,7.5011e+07
08/03/2009 19:00,8,3,1,19,0,28.9,77,0,0,1.95021e+07,21.8816,21.8816,21.8816,21.8816,0,0,0,0
08/03/2009 20:00,8,3,1,20,0,29.4,75,0,0,2.28739e+07,21.8816,21.8816,21.8816,21.8816,0,0,0,0
08/03/2009 21:00,8,3,1,21,0,28.9,74,0,0,1.97521e+07,21.8816,21.8816,21.8816,21.8816,0,0,0,0
08/03/2009 22:00,8,3,1,22,0,28.9,74,0,0,1.97521e+07,21.8816,21.8816,21.8816,21.8816,0,0,0,0
08/03/2009 23:00,8,3,1,23,0,27.8,79,0,0,1.69425e+07,21.8816,21.8816,21.8816,21.8816,0,0,0,0
08/04/2009 00:00,8,4,2,0,0,26.7,87,0,0,1.53816e+07,21.8816,21.8816,21.8816,21.8816,0,0,0,0
08/04/2009 01:00,8,4,2,1,0,26.7,87,0,0,2.07703e+07,21.8816,21.8816,21.8816,21.8816,0,0,0,0
08/04/2009 02:00,8,4,2,2,0,25.6,90,0,0,2.07703e+07,21.8816,21.8816,21.8816,21.8816,0,0,0,0
08/04/2009 03:00,8,4,2,3,0,25.6,90,0,0,2.07703e+07,21.8816,21.8816,21.8816,21.8816,0,0,0,0
08/04/2009 04:00,8,4,2,4,0,26.1,88,0,0,2.07703e+07,21.8816,21.8816,21.8816,21.8816,0,0,0,0
08/04/2009 05:00,8,4,2,5,0,25.6,90,0,0,2.07703e+07,21.8816,21.8816,21.8816,21.8816,0,0,0,0
08/04/2009 06:00,8,4,2,6,0,25,96,0,0,2.23312e+07,21.8816,21.8816,21.8816,21.8816,0,0,0,0
08/04/2009 07:00,8,4,2,7,0,26.7,90,0,1.33787e+07,3.66209e+07,22.0624,22.0624,22.0624,16.8904,0,0.935368,0,7.3033e+07
08/04/2009 08:00,8,4,2,8,0,28.9,80,0,1.70615e+07,4.71999e+07,22.0169,22.0169,22.0169,16.8904,0,1.21921,0,9.40942e+07
08/04/2009 09:00,8,4,2,9,0,30,75,0,1.91983e+07,7.57569e+07,21.9561,21.9561,21.9561,16.8904,0,1.39598,0,1.06422e+08
08/04/2009 10:00,8,4,2,10,0,32.2,64,0,1.91023e+07,7.56353e+07,21.9231,21.9231,21.9231,16.8904,0,1.38865,0,1.05172e+08
08/04/2009 11:00,8,4,2,11,0,33.3,60,0,1.88339e+07,7.52918e+07,21.9114,21.9114,21.9114,16.8904,0,1.36671,0,1.03269e+08
08/04/2009 12:00,8,4,2,12,0,34.4,51,0,1.86898e+07,7.51091e+07,21.9033,21.9033,21.9033,16.8904,0,1.35548,0,1.02255e+08
08/04/2009 13:00,8,4,2,13,0,36.1,42,0,1.75853e+07,6.9274e+07,21.894,21.894,21.894,16.8904,0,1.26442,0,9.52094e+07
08/04/2009 14:00,8,4,2,14,0,38.3,35,0,1.86303e+07,7.50351e+07,21.8827,21.8827,21.8827,16.8904,0,1.35115,0,1.0151e+08
08/04/2009 15:00,8,4,2,15,0,37.2,37,0,1.92234e+07,7.57918e+07,21.8852,21.8852,21.8852,16.8904,0,1.39887,0,1.05147e+08
08/04/2009 16:00,8,4,2,16,0,37.2,44,0,1.97479e+07,7.64658e+07,21.8846,21.8846,21.8846,16.8904,0,1.44251,0,1.08415e+08
08/04/2009 17:00,8,4,2,17,0,36.1,48,0,1.97682e+07,7.64927e+07,21.8901,21.8901,21.8901,16.8904,0,1.44423,0,1.08663e+08
08/04/2009 18:00,8,4,2,18,0,33.9,54,0,1.614e+07,5.19616e+07,21.89,21.89,21.89,16.8904,0,1.14559,0,8.61917e+07
08/04/2009 19:00,8,4,2,19,0,32.2,62,0,0,1.95021e+07,21.8867,21.8867,21.8867,21.8867,0,0,0,0
08/04/2009 20:00,8,4,2,20,0,30.6,68,0,0,2.28739e+07,21.8867,21.8867,21.8867,21.8867,0,0,0,0
08/04/2009 21:00,8,4,2,21,0,29.4,77,0,0,1.97521e+07,21.8867,21.8867,21.8867,21.8867,0,0,0,0
08/04/2009 22:00,8,4,2,22,0,29.4,75,0,0,1.97521e+07,21.8867,21.8867,21.8867,21.8867,0,0,0,0
08/04/2009 23:00,8,4,2,23,0,28.9,80,0,0,1.69425e+07,21.8867,21.8867,21.8867,21.8867,0,0,0,0
08/05/2009 00:00,8,5,3,0,0,27.8,82,0,0,1.53816e+07,21.8867,21.8867,21.8867,21.8867,0,0,0,0
08/05/2009 01:00,8,5,3,1,0,27.2,88,0,0,1.42679e+07,21.8867,21.8867,21.8867,21.8867,0,0,0,0
08/05/2009 02:00,8,5,3,2,0,26.7,87,0,0,1.42679e+07,21.8867,21.8867,21.8867,21.8867,0,0,0,0
08/05/2009 03:00,8,5,3,3,0,26.1,85,0,0,1.42679e+07,21.8867,21.8867,21.8867,21.8867,0,0,0,0
08/05/2009 04:00,8,5,3,4,0,24.4,91,0,0,1.42679e+07,21.8867,21.8867,21.8867,21.8867,0,0,0,0
08/05/2009 05:00,8,5,3,5,0,23.9,94,0,0,1.42679e+07,21.8867,21.8867,21.8867,21.8867,0,0,0,0
08/05/2009 06:00,8,5,3,6,0,23.9,94,0,0,1.42679e+07,21.8867,21.8867,21.8867,21.8867,0,0,0,0
08/05/2009 07:00,8,5,3,7,0,25,94,0,0,1.20098e+07,21.8867,21.8867,21.8867,21.8867,0,0,0,0
08/05/2009 08:00,8,5,3,8,0,28.3,79,0,288365,1.23549e+07,21.9842,21.9842,21.9842,18.5558,0,0.0166231,0,1.28135e+06
08/05/2009 09:00,8,5,3,9,0,30.6,70,0,657781,1.28032e+07,22.2525,22.2525,22.2525,16.8904,0,0.0397438,0,3.20655e+06
08/05/2009 10:00,8,5,3,10,0,32.2,62,0,764216,1.29341e+07,22.3619,22.3619,22.3619,16.8904,0,0.0468936,0,3.86099e+06
08/05/2009 11:00,8,5,3,11,0,34.4,49,0,416626,1.2508e+07,22.3681,22.3681,22.3681,16.8904,0,0.0238916,0,1.96938e+06
08/05/2009 12:00,8,5,3,12,0,33.9,49,0,0,1.20098e+07,22.3604,22.3604,22.3604,22.3604,0,0,0,0
08/05/2009 13:00,8,5,3,13,0,35,44,0,61815.2,1.20753e+07,22.3604,22.3604,22.3604,16.8904,0,0.00108037,0,88927.3
08/05/2009 14:00,8,5,3,14,0,35,43,0,150773,1.21835e+07,22.3595,22.3595,22.3595,16.8904,0,0.00673209,0,554054
08/05/2009 15:00,8,5,3,15,0,37.2,38,0,852315,1.30298e+07,22.3951,22.3951,22.3951,16.8904,0,0.048871,0,4.04826e+06
08/05/2009 16:00,8,5,3,16,0,33.9,49,0,1.00546e+06,1.32181e+07,22.4163,22.4163,22.4163,16.8904,0,0.059106,0,4.91487e+06
08/05/2009 17:00,8,5,3,17,0,28.3,79,0,0,1.20098e+07,22.416,22.416,22.416,22.416,0,0,0,0
08/05/2009 18:00,8,5,3,18,0,25.6,96,0,0,1.20098e+07,22.416,22.416,22.416,22.416,0,0,0,0
08/05/2009 19:00,8,5,3,19,0,28.3,77,0,0,1.20098e+07,22.416,22.416,22.416,22.416,0,0,0,0
08/05/2009 20:00,8,5,3,20,0,28.3,79,0,0,1.53816e+07,22.416,22.416,22.416,22.416,0,0,0,0
08/05/2009 21:00,8,5,3,21,0,27.2,88,0,0,1.53816e+07,22.416,22.416,22.416,22.416,0,0,0,0
08/05/2009 22:00,8,5,3,22,0,27,74,0,0,1.53816e+07,22.416,22.416,22.416,22.416,0,0,0,0
08/05/2009 23:00,8,5,3,23,0,25,84,0,0,1.53816e+07,22.416,22.416,22.416,22.416,0,0,0,0
08/06/2009 00:00,8,6,4,0,0,23.9,94,0,0,1.53816e+07,22.416,22.416,22.416,22.416,0,0,0,0
08/06/2009 01:00,8,6,4,1,0,23.9,94,0,0,1.42679e+07,22.416,22.416,22.416,22.416,0,0,0,0
08/06/2009 02:00,8,6,4,2,0,23.9,88,0,0,1.42679e+07,22.416,22.416,22.416,22.416,0,0,0,0
08/06/2009 03:00,8,6,4,3,0,23.3,91,0,0,1.42679e+07,22.416,22.416,22.416,22.416,0,0,0,0
08/06/2009 04:00,8,6,4,4,0,22.8,94,0,0,1.42679e+07,22.416,22.416,22.416,22.416,0,0,0,0
08/06/2009 05:00,8,6,4,5,0,22.2,100,0,0,1.42679e+07,22.416,22.416,22.416,22.416,0,0,0,0
08/06/2009 06:00,8,6,4,6,0,22.8,96,0,0,1.42679e+07,22.416,22.416,22.416,22.416,0,0,0,0
08/06/2009 07:00,8,6,4,7,0,25.6,87,0,47629,1.20628e+07,22.4173,22.4173,22.4173,19.6532,0,0.00158828,0,132149
08/06/2009 08:00,8,6,4,8,0,27.8,77,0,561920,1.26855e+07,22.4669,22.4669,22.4669,16.8904,0,0.0333394,0,2.80039e+06
08/06/2009 09:00,8,6,4,9,0,30,65,0,999194,1.32229e+07,22.5149,22.5149,22.5149,16.8904,0,0.0626755,0,5.30476e+06
08/06/2009 10:00,8,6,4,10,0,31.7,57,0,693081,1.28465e+07,22.4856,22.4856,22.4856,16.8904,0,0.0420672,0,3.54206e+06
08/06/2009 11:00,8,6,4,11,0,31.7,56,0,425832,1.25191e+07,22.4485,22.4485,22.4485,16.8904,0,0.0244574,0,2.0456e+06
08/06/2009 12:00,8,6,4,12,0,31.7,57,0,81410.1,1.20991e+07,22.435,22.435,22.435,16.8904,0,0.00231547,0,193191
08/06/2009 13:00,8,6,4,13,0,32.2,56,0,164135,1.21998e+07,22.4327,22.4327,22.4327,16.8904,0,0.00757039,0,631381
08/06/2009 14:00,8,6,4,14,0,33.3,49,0,233690,1.22845e+07,22.4339,22.4339,22.4339,16.8904,0,0.0120143,0,1.00222e+06
08/06/2009 15:00,8,6,4,15,0,32.8,50,0,686339,1.28257e+07,22.4891,22.4891,22.4891,16.8904,0,0.0377962,0,3.1843e+06
08/06/2009 16:00,8,6,4,16,0,33.9,47,0,1.47226e+06,1.37924e+07,22.5562,22.5562,22.5562,16.8904,0,0.0903898,0,7.70642e+06
08/06/2009 17:00,8,6,4,17,0,33.9,46,0,1.0774e+06,1.3306e+07,22.5317,22.5317,22.5317,16.8904,0,0.0637495,0,5.41163e+06
08/06/2009 18:00,8,6,4,18,0,29.4,70,0,626233,1.27539e+07,22.4908,22.4908,22.4908,16.8904,0,0.034303,0,2.89083e+06
08/06/2009 19:00,8,6,4,19,0,28.9,72,0,0,1.20098e+07,22.4786,22.4786,22.4786,22.4786,0,0,0,0
08/06/2009 20:00,8,6,4,20,0,27.8,77,0,0,1.53816e+07,22.4786,22.4786,22.4786,22.4786,0,0,0,0
08/06/2009 21:00,8,6,4,21,0,27.2,79,0,0,1.53816e+07,22.4786,22.4786,22.4786,22.4786,0,0,0,0
08/06/2009 22:00,8,6,4,22,0,26.1,85,0,0,1.53816e+07,22.4786,22.4786,22.4786,22.4786,0,0,0,0
08/06/2009 23:00,8,6,4,23,0,26.1,88,0,0,1.53816e+07,22.4786,22.4786,22.4786,22.4786,0,0,0,0
08/07/2009 00:00,8,7,5,0,0,26.1,88,0,0,1.53816e+07,22.4786,22.4786,22.4786,22.4786,0,0,0,0
08/07/2009 01:00,8,7,5,1,0,25.6,87,0,0,2.07703e+07,22.4786,22.4786,22.4786,22.4786,0,0,0,0
08/07/2009 02:00,8,7,5,2,0,25.6,87,0,0,2.07703e+07,22.4786,22.4786,22.4786,22.4786,0,0,0,0
08/07/2009 03:00,8,7,5,3,0,25.6,87,0,0,2.07703e+07,22.4786,22.4786,22.4786,22.4786,0,0,0,0
08/07/2009 04:00,8,7,5,4,0,25.6,90,0,0,2.07703e+07,22.4786,22.4786,22.4786,22.4786,0,0,0,0
08/07/2009 05:00,8,7,5,5,0,25,94,0,0,2.07703e+07,22.4786,22.4786,22.4786,22.4786,0,0,0,0
08/07/2009 06:00,8,7,5,6,0,24.4,97,0,0,2.23312e+07,22.4786,22.4786,22.4786,22.4786,0,0,0,0
08/07/2009 07:00,8,7,5,7,0,22.2,97,0,1.62672e+07,4.02607e+07,22.2523,22.2523,22.2523,16.8904,0,1.15689,0,9.40683e+07
08/07/2009 08:00,8,7,5,8,0,22.8,96,0,1.99705e+07,5.09093e+07,22.171,22.171,22.171,16.8904,0,1.45584,0,1.15764e+08
08/07/2009 09:00,8,7,5,9,0,23.3,97,0,2.00146e+07,7.67992e+07,22.021,22.021,22.021,16.8904,0,1.46359,0,1.13002e+08
08/07/2009 10:00,8,7,5,10,0,24.4,91,0,1.90624e+07,7.55799e+07,21.9856,21.9856,21.9856,16.8904,0,1.38481,0,1.06181e+08
08/07/2009 11:00,8,7,5,11,0,25,88,0,1.83664e+07,7.46924e+07,21.9441,21.9441,21.9441,16.8904,0,1.32831,0,1.01021e+08
08/07/2009 12:00,8,7,5,12,0,25.6,87,0,1.77491e+07,7.3905e+07,21.9225,21.9225,21.9225,16.8904,0,1.27822,0,9.67952e+07
08/07/2009 13:00,8,7,5,13,0,27.8,74,0,1.74232e+07,6.90663e+07,21.9064,21.9064,21.9064,16.8904,0,1.25119,0,9.44467e+07
08/07/2009 14:00,8,7,5,14,0,28.3,72,0,1.80714e+07,7.43194e+07,21.8901,21.8901,21.8901,16.8904,0,1.30516,0,9.81999e+07
08/07/2009 15:00,8,7,5,15,0,28.9,65,0,1.81293e+07,7.43927e+07,21.8871,21.8871,21.8871,16.8904,0,1.30961,0,9.84754e+07
08/07/2009 16:00,8,7,5,16,0,29.4,65,0,1.82551e+07,7.45517e+07,21.8876,21.8876,21.8876,16.8904,0,1.31914,0,9.92013e+07
08/07/2009 17:00,8,7,5,17,0,29.4,61,0,1.74911e+07,7.35769e+07,21.8887,21.8887,21.8887,16.8904,0,1.25733,0,9.45745e+07
08/07/2009 18:00,8,7,5,18,0,29.4,59,0,1.38761e+07,4.90899e+07,21.8874,21.8874,21.8874,16.8904,0,0.967555,0,7.27594e+07
08/07/2009 19:00,8,7,5,19,0,28.3,63,0,0,1.95021e+07,21.8838,21.8838,21.8838,21.8838,0,0,0,0
08/07/2009 20:00,8,7,5,20,0,26.1,77,0,0,2.28739e+07,21.8838,21.8838,21.8838,21.8838,0,0,0,0
08/07/2009 21:00,8,7,5,21,0,25.6,82,0,0,1.97521e+07,21.8838,21.8838,21.8838,21.8838,0,0,0,0
08/07/2009 22:00,8,7,5,22,0,25.6,82,0,0,1.97521e+07,21.8838,21.8838,21.8838,21.8838,0,0,0,0
08/07/2009 23:00,8,7,5,23,0,24.4,91,0,0,1.69425e+07,21.8838,21.8838,21.8838,21.8838,0,0,0,0
08/08/2009 00:00,8,8,6,0,0,24.4,94,0,0,1.53816e+07,21.8838,21.8838,21.8838,21.8838,0,0,0,0
08/08/2009 01:00,8,8,6,1,0,24.4,94,0,0,2.07703e+07,21.8838,21.8838,21.8838,21.8838,0,0,0,0
08/08/2009 02:00,8,8,6,2,0,25,90,0,0,2.07703e+07,21.8838,21.8838,21.8838,21.8838,0,0,0,0
08/08/2009 03:00,8,8,6,3,0,24.4,94,0,0,2.07703e+07,21.8838,21.8838,21.8838,21.8838,0,0,0,0
08/08/2009 04:00,8,8,6,4,0,23.3,100,0,0,2.07703e+07,21.8838,21.8838,21.8838,21.8838,0,0,0,0
08/08/2009 05:00,8,8,6,5,0,23.3,100,0,0,2.07703e+07,21.8838,21.8838,21.8838,21.8838,0,0,0,0
08/08/2009 06:00,8,8,6,6,0,23.3,100,0,0,2.23312e+07,21.8838,21.8838,21.8838,21.8838,0,0,0,0
08/08/2009 07:00,8,8,6,7,0,25.6,93,0,1.15002e+07,3.4266e+07,22.0005,22.0005,22.0005,16.8904,0,0.794987,0,6.12837e+07
08/08/2009 08:00,8,8,6,8,0,27.8,82,0,1.48305e+07,4.43661e+07,21.9681,21.9681,21.9681,16.8904,0,1.04168,0,7.96181e+07
08/08/2009 09:00,8,8,6,9,0,29.4,75,0,1.71647e+07,7.31554e+07,21.9252,21.9252,21.9252,16.8904,0,1.229,0,9.31246e+07
08/08/2009 10:00,8,8,6,10,0,31.1,66,0,1.70318e+07,7.29875e+07,21.9113,21.9113,21.9113,16.8904,0,1.21877,0,9.20877e+07
08/08/2009 11:00,8,8,6,11,0,32.2,64,0,1.75672e+07,7.36708e+07,21.9076,21.9076,21.9076,16.8904,0,1.26226,0,9.53044e+07
08/08/2009 12:00,8,8,6,12,0,31.1,63,0,1.70014e+07,7.29506e+07,21.9025,21.9025,21.9025,16.8904,0,1.21699,0,9.17928e+07
08/08/2009 13:00,8,8,6,13,0,30.6,70,0,1.60534e+07,6.73206e+07,21.8979,21.8979,21.8979,16.8904,0,1.14024,0,8.59246e+07
08/08/2009 14:00,8,8,6,14,0,33.9,54,0,1.73978e+07,7.3458e+07,21.8853,21.8853,21.8853,16.8904,0,1.2496,0,9.39289e+07
08/08/2009 15:00,8,8,6,15,0,35,44,0,1.8195e+07,7.44737e+07,21.8875,21.8875,21.8875,16.8904,0,1.31345,0,9.87726e+07
08/08/2009 16:00,8,8,6,16,0,35.6,46,0,1.86122e+07,7.50088e+07,21.8896,21.8896,21.8896,16.8904,0,1.3477,0,1.01392e+08
08/08/2009 17:00,8,8,6,17,0,34.4,51,0,1.84489e+07,7.47995e+07,21.8892,21.8892,21.8892,16.8904,0,1.33425,0,1.0037e+08
08/08/2009 18:00,8,8,6,18,0,33.3,56,0,1.51031e+07,5.06449e+07,21.8887,21.8887,21.8887,16.8904,0,1.0631,0,7.99647e+07
08/08/2009 19:00,8,8,6,19,0,31.1,66,0,0,1.95021e+07,21.8861,21.8861,21.8861,21.8861,0,0,0,0
08/08/2009 20:00,8,8,6,20,0,30,67,0,0,2.28739e+07,21.8861,21.8861,21.8861,21.8861,0,0,0,0
08/08/2009 21:00,8,8,6,21,0,28.3,70,0,0,1.97521e+07,21.8861,21.8861,21.8861,21.8861,0,0,0,0
08/08/2009 22:00,8,8,6,22,0,27.8,74,0,0,1.97521e+07,21.8861,21.8861,21.8861,21.8861,0,0,0,0
08/08/2009 23:00,8,8,6,23,0,27.2,82,0,0,1.69425e+07,21.8861,21.8861,21.8861,21.8861,0,0,0,0
08/09/2009 00:00,8,9,0,0,0,27.2,82,0,0,1.53816e+07,21.8861,21.8861,21.8861,21.8861,0,0,0,0
08/09/2009 01:00,8,9,0,1,0,26.7,87,0,0,2.07703e+07,21.8861,21.8861,21.8861,21.8861,0,0,0,0
08/09/2009 02:00,8,9,0,2,0,26.1,90,0,0,2.07703e+07,21.8861,21.8861,21.8861,21.8861,0,0,0,0
08/09/2009 03:00,8,9,0,3,0,26.1,90,0,0,2.07703e+07,21.8861,21.8861,21.8861,21.8861,0,0,0,0
08/09/2009 04:00,8,9,0,4,0,24.4,97,0,0,2.07703e+07,21.8861,21.8861,21.8861,21.8861,0,0,0,0
08/09/2009 05:00,8,9,0,5,0,24.4,97,0,0,2.07703e+07,21.8861,21.8861,21.8861,21.8861,0,0,0,0
08/09/2009 06:00,8,9,0,6,0,23.9,100,0,0,2.23312e+07,21.8861,21.8861,21.8861,21.8861,0,0,0,0
08/09/2009 07:00,8,9,0,7,0,26.7,90,0,1.29117e+07,3.60307e+07,22.0638,22.0638,22.0638,16.8904,0,0.898887,0,7.02223e+07
08/09/2009 08:00,8,9,0,8,0,28.3,82,0,1.61346e+07,4.60194e+07,22.017,22.017,22.017,16.8904,0,1.14429,0,8.83074e+07
08/09/2009 09:00,8,9,0,9,0,30,72,0,1.85348e+07,7.49066e+07,21.9587,21.9587,21.9587,16.8904,0,1.34077,0,1.02266e+08
08/09/2009 10:00,8,9,0,10,0,30,70,0,1.83523e+07,7.46734e+07,21.9279,21.9279,21.9279,16.8904,0,1.32606,0,1.00529e+08
08/09/2009 11:00,8,9,0,11,0,32.2,62,0,1.79632e+07,7.41759e+07,21.9107,21.9107,21.9107,16.8904,0,1.29429,0,9.77835e+07
08/09/2009 12:00,8,9,0,12,0,33.9,52,0,1.7723e+07,7.3871e+07,21.9017,21.9017,21.9017,16.8904,0,1.27546,0,9.61886e+07
08/09/2009 13:00,8,9,0,13,0,35,46,0,1.67665e+07,6.8228e+07,21.896,21.896,21.896,16.8904,0,1.19741,0,9.01992e+07
08/09/2009 14:00,8,9,0,14,0,35.6,43,0,1.76984e+07,7.38413e+07,21.8854,21.8854,21.8854,16.8904,0,1.27395,0,9.5761e+07
08/09/2009 15:00,8,9,0,15,0,36.1,41,0,1.86298e+07,7.50301e+07,21.886,21.886,21.886,16.8904,0,1.34919,0,1.0143e+08
08/09/2009 16:00,8,9,0,16,0,36.7,38,0,1.91854e+07,7.5743e+07,21.8856,21.8856,21.8856,16.8904,0,1.39526,0,1.04885e+08
08/09/2009 17:00,8,9,0,17,0,33.3,52,0,1.74583e+07,7.35338e+07,21.8883,21.8883,21.8883,16.8904,0,1.25417,0,9.433e+07
08/09/2009 18:00,8,9,0,18,0,32.8,52,0,1.41536e+07,4.94402e+07,21.8861,21.8861,21.8861,16.8904,0,0.988878,0,7.43436e+07
08/09/2009 19:00,8,9,0,19,0,31.7,61,0,0,1.95021e+07,21.8806,21.8806,21.8806,21.8806,0,0,0,0
08/09/2009 20:00,8,9,0,20,0,30,72,0,0,2.28739e+07,21.8806,21.8806,21.8806,21.8806,0,0,0,0
08/09/2009 21:00,8,9,0,21,0,28.9,74,0,0,1.97521e+07,21.8806,21.8806,21.8806,21.8806,0,0,0,0
08/09/2009 22:00,8,9,0,22,0,27.8,79,0,0,1.97521e+07,21.8806,21.8806,21.8806,21.8806,0,0,0,0
08/09/2009 23:00,8,9,0,23,0,27.2,82,0,0,1.69425e+07,21.8806,21.8806,21.8806,21.8806,0,0,0,0
08/10/2009 00:00,8,10,1,0,0,26.1,88,0,0,1.53816e+07,21.8806,21.8806,21.8806,21.8806,0,0,0,0
08/10/2009 01:00,8,10,1,1,0,26.7,87,0,0,2.07703e+07,21.8806,21.8806,21.8806,21.8806,0,0,0,0
08/10/2009 02:00,8,10,1,2,0,25.6,90,0,0,2.07703e+07,21.8806,21.8806,21.8806,21.8806,0,0,0,0
08/10/2009 03:00,8,10,1,3,0,23.9,96,0,0,2.07703e+07,21.8806,21.8806,21.8806,21.8806,0,0,0,0
08/10/2009 04:00,8,10,1,4,0,23.9,96,0,0,2.07703e+07,21.8806,21.8806,21.8806,21.8806,0,0,0,0
08/10/2009 05:00,8,10,1,5,0,23.9,96,0,0,2.07703e+07,21.8806,21.8806,21.8806,21.8806,0,0,0,0
08/10/2009 06:00,8,10,1,6,0,23.9,96,0,0,2.23312e+07,21.8806,21.8806,21.8806,21.8806,0,0,0,0
08/10/2009 07:00,8,10,1,7,0,26.1,90,0,1.2566e+07,3.55996e+07,22.0177,22.0177,22.0177,16.8904,0,0.873813,0,6.76275e+07
08/10/2009 08:00,8,10,1,8,0,28,84,0,1.57567e+07,4.55432e+07,21.9773,21.9773,21.9773,16.8904,0,1.11541,0,8.5407e+07
08/10/2009 09:00,8,10,1,9,0,29.4,75,0,1.80248e+07,7.42545e+07,21.9359,21.9359,21.9359,16.8904,0,1.29908,0,9.86387e+07
08/10/2009 10:00,8,10,1,10,0,31.1,66,0,1.83484e+07,7.46713e+07,21.9165,21.9165,21.9165,16.8904,0,1.32655,0,1.00337e+08
08/10/2009 11:00,8,10,1,11,0,32.8,57,0,1.8014e+07,7.42421e+07,21.9048,21.9048,21.9048,16.8904,0,1.29886,0,9.80135e+07
08/10/2009 12:00,8,10,1,12,0,34.4,49,0,1.77397e+07,7.38927e+07,21.9003,21.9003,21.9003,16.8904,0,1.27696,0,9.62737e+07
08/10/2009 13:00,8,10,1,13,0,35,48,0,1.6698e+07,6.81414e+07,21.8906,21.8906,21.8906,16.8904,0,1.19209,0,8.97016e+07
08/10/2009 14:00,8,10,1,14,0,36.1,43,0,1.78463e+07,7.40307e+07,21.8837,21.8837,21.8837,16.8904,0,1.28618,0,9.66478e+07
08/10/2009 15:00,8,10,1,15,0,36.7,41,0,1.88362e+07,7.52947e+07,21.8859,21.8859,21.8859,16.8904,0,1.36644,0,1.02725e+08
08/10/2009 16:00,8,10,1,16,0,36,42,0,1.84096e+07,7.47493e+07,21.8896,21.8896,21.8896,16.8904,0,1.33182,0,1.00196e+08
08/10/2009 17:00,8,10,1,17,0,27.8,82,0,1.8103e+07,7.43549e+07,21.8918,21.8918,21.8918,16.8904,0,1.30551,0,9.82594e+07
08/10/2009 18:00,8,10,1,18,0,31.1,68,0,1.51875e+07,5.07499e+07,21.8895,21.8895,21.8895,16.8904,0,1.06933,0,8.0447e+07
08/10/2009 19:00,8,10,1,19,0,30.6,65,0,0,1.95021e+07,21.8867,21.8867,21.8867,21.8867,0,0,0,0
08/10/2009 20:00,8,10,1,20,0,29.4,72,0,0,2.28739e+07,21.8867,21.8867,21.8867,21.8867,0,0,0,0
08/10/2009 21:00,8,10,1,21,0,28.9,74,0,0,1.97521e+07,21.8867,21.8867,21.8867,21.8867,0,0,0,0
08/10/2009 22:00,8,10,1,22,0,28.3,79,0,0,1.97521e+07,21.8867,21.8867,21.8867,21.8867,0,0,0,0
08/10/2009 23:00,8,10,1,23,0,27.8,82,0,0,1.69425e+07,21.8867,21.8867,21.8867,21.8867,0,0,0,0
08/11/2009 00:00,8,11,2,0,0,27.2,85,0,0,1.53816e+07,21.8867,21.8867,21.8867,21.8867,0,0,0,0
08/11/2009 01:00,8,11,2,1,0,25,96,0,0,2.07703e+07,21.8867,21.8867,21.8867,21.8867,0,0,0,0
08/11/2009 02:00,8,11,2,2,0,24.4,97,0,0,2.07703e+07,21.8867,21.8867,21.8867,21.8867,0,0,0,0
08/11/2009 03:00,8,11,2,3,0,25,94,0,0,2.07703e+07,21.8867,21.8867,21.8867,21.8867,0,0,0,0
08/11/2009 04:00,8,11,2,4,0,24.4,100,0,0,2.07703e+07,21.8867,21.8867,21.8867,21.8867,0,0,0,0
08/11/2009 05:00,8,11,2,5,0,23.3,97,0,0,2.07703e+07,21.8867,21.8867,21.8867,21.8867,0,0,0,0
08/11/2009 06:00,8,11,2,6,0,23.9,100,0,0,2.23312e+07,21.8867,21.8867,21.8867,21.8867,0,0,0,0
08/11/2009 07:00,8,11,2,7,0,25.6,96,0,1.25826e+07,3.5621e+07,22.0107,22.0107,22.0107,16.8904,0,0.875193,0,6.76405e+07
08/11/2009 08:00,8,11,2,8,0,27.8,88,0,1.58451e+07,4.56553e+07,21.9706,21.9706,21.9706,16.8904,0,1.12243,0,8.58314e+07
08/11/2009 09:00,8,11,2,9,0,29.4,75,0,1.81259e+07,7.43842e+07,21.9314,21.9314,21.9314,16.8904,0,1.30754,0,9.91918e+07
08/11/2009 10:00,8,11,2,10,0,30.6,68,0,1.8374e+07,7.47031e+07,21.9156,21.9156,21.9156,16.8904,0,1.32844,0,1.00462e+08
08/11/2009 11:00,8,11,2,11,0,32.8,57,0,1.8086e+07,7.43342e+07,21.9035,21.9035,21.9035,16.8904,0,1.30479,0,9.84345e+07
08/11/2009 12:00,8,11,2,12,0,33.9,52,0,1.78185e+07,7.39935e+07,21.8991,21.8991,21.8991,16.8904,0,1.28344,0,9.67397e+07
08/11/2009 13:00,8,11,2,13,0,35.6,45,0,1.69812e+07,6.85021e+07,21.8944,21.8944,21.8944,16.8904,0,1.21495,0,9.1491e+07
08/11/2009 14:00,8,11,2,14,0,34.4,46,0,1.78666e+07,7.40567e+07,21.8846,21.8846,21.8846,16.8904,0,1.28784,0,9.67901e+07
08/11/2009 15:00,8,11,2,15,0,35.6,40,0,1.87136e+07,7.51389e+07,21.8858,21.8858,21.8858,16.8904,0,1.3569,0,1.02005e+08
08/11/2009 16:00,8,11,2,16,0,36.7,39,0,1.89053e+07,7.5384e+07,21.8842,21.8842,21.8842,16.8904,0,1.37251,0,1.03146e+08
08/11/2009 17:00,8,11,2,17,0,35.6,40,0,1.9138e+07,7.56819e+07,21.8871,21.8871,21.8871,16.8904,0,1.39124,0,1.04613e+08
08/11/2009 18:00,8,11,2,18,0,33.9,56,0,1.56799e+07,5.13762e+07,21.8851,21.8851,21.8851,16.8904,0,1.10869,0,8.33344e+07
08/11/2009 19:00,8,11,2,19,0,32.2,62,0,0,1.95021e+07,21.8834,21.8834,21.8834,21.8834,0,0,0,0
08/11/2009 20:00,8,11,2,20,0,30.6,68,0,0,2.28739e+07,21.8834,21.8834,21.8834,21.8834,0,0,0,0
08/11/2009 21:00,8,11,2,21,0,29.4,72,0,0,1.97521e+07,21.8834,21.8834,21.8834,21.8834,0,0,0,0
08/11/2009 22:00,8,11,2,22,0,28.9,72,0,0,1.97521e+07,21.8834,21.8834,21.8834,21.8834,0,0,0,0
08/11/2009 23:00,8,11,2,23,0,28.3,74,0,0,1.69425e+07,21.8834,21.8834,21.8834,21.8834,0,0,0,0
08/12/2009 00:00,8,12,3,0,0,27.2,82,0,0,1.53816e+07,21.8834,21.8834,21.8834,21.8834,0,0,0,0
08/12/2009 01:00,8,12,3,1,0,27.2,82,0,0,1.42679e+07,21.8834,21.8834,21.8834,21.8834,0,0,0,0
08/12/2009 02:00,8,12,3,2,0,26.7,85,0,0,1.42679e+07,21.8834,21.8834,21.8834,21.8834,0,0,0,0
08/12/2009 03:00,8,12,3,3,0,24.4,97,0,0,1.42679e+07,21.8834,21.8834,21.8834,21.8834,0,0,0,0
08/12/2009 04:00,8,12,3,4,0,23.3,97,0,0,1.42679e+07,21.8834,21.8834,21.8834,21.8834,0,0,0,0
08/12/2009 05:00,8,12,3,5,0,25,94,0,0,1.42679e+07,21.8834,21.8834,21.8834,21.8834,0,0,0,0
08/12/2009 06:00,8,12,3,6,0,24.4,97,0,0,1.42679e+07,21.8834,21.8834,21.8834,21.8834,0,0,0,0
08/12/2009 07:00,8,12,3,7,0,26.1,90,0,0,1.20098e+07,21.8834,21.8834,21.8834,21.8834,0,0,0,0
08/12/2009 08:00,8,12,3,8,0,28.9,82,0,250297,1.23084e+07,21.9541,21.9541,21.9541,18.5547,0,0.0141646,0,1.08378e+06
08/12/2009 09:00,8,12,3,9,0,30,72,0,396424,1.24833e+07,22.138,22.138,22.138,16.8904,0,0.0225776,0,1.78294e+06
08/12/2009 10:00,8,12,3,10,0,31.1,61,0,577624,1.27052e+07,22.2547,22.2547,22.2547,16.8904,0,0.0344947,0,2.78445e+06
08/12/2009 11:00,8,12,3,11,0,33.3,54,0,327943,1.23997e+07,22.294,22.294,22.294,16.8904,0,0.0181395,0,1.47501e+06
08/12/2009 12:00,8,12,3,12,0,34.4,48,0,0,1.20098e+07,22.2987,22.2987,22.2987,22.2987,0,0,0,0
08/12/2009 13:00,8,12,3,13,0,35.6,42,0,0,1.20098e+07,22.2987,22.2987,22.2987,22.2987,0,0,0,0
08/12/2009 14:00,8,12,3,14,0,36.7,39,0,36421.9,1.20493e+07,22.2989,22.2989,22.2989,19.5946,0,0.000890489,0,72477.2
08/12/2009 15:00,8,12,3,15,0,36.7,39,0,646000,1.27778e+07,22.3279,22.3279,22.3279,16.8904,0,0.0355258,0,2.90776e+06
08/12/2009 16:00,8,12,3,16,0,37.2,34,0,1.12117e+06,1.33615e+07,22.3594,22.3594,22.3594,16.8904,0,0.0671469,0,5.52604e+06
08/12/2009 17:00,8,12,3,17,0,36.1,43,0,1.09843e+06,1.33336e+07,22.3495,22.3495,22.3495,16.8904,0,0.0656476,0,5.39294e+06
08/12/2009 18:00,8,12,3,18,0,33.3,52,0,887185,1.30749e+07,22.3269,22.3269,22.3269,16.8904,0,0.0517891,0,4.23683e+06
08/12/2009 19:00,8,12,3,19,0,29.4,43,0,302940,1.23686e+07,22.3144,22.3144,22.3144,16.8904,0,0.0162616,0,1.3273e+06
08/12/2009 20:00,8,12,3,20,0,26.1,62,0,0,1.53816e+07,22.3099,22.3099,22.3099,22.3099,0,0,0,0
08/12/2009 21:00,8,12,3,21,0,25.6,82,0,0,1.53816e+07,22.3099,22.3099,22.3099,22.3099,0,0,0,0
08/12/2009 22:00,8,12,3,22,0,27.2,74,0,0,1.53816e+07,22.3099,22.3099,22.3099,22.3099,0,0,0,0
08/12/2009 23:00,8,12,3,23,0,27.2,77,0,0,1.53816e+07,22.3099,22.3099,22.3099,22.3099,0,0,0,0
08/13/2009 00:00,8,13,4,0,0,27.8,79,0,0,1.53816e+07,22.3099,22.3099,22.3099,22.3099,0,0,0,0
08/13/2009 01:00,8,13,4,1,0,27.8,82,0,0,1.42679e+07,22.3099,22.3099,22.3099,22.3099,0,0,0,0
08/13/2009 02:00,8,13,4,2,0,27.2,88,0,0,1.42679e+07,22.3099,22.3099,22.3099,22.3099,0,0,0,0
08/13/2009 03:00,8,13,4,3,0,26.7,90,0,0,1.42679e+07,22.3099,22.3099,22.3099,22.3099,0,0,0,0
08/13/2009 04:00,8,13,4,4,0,27,89,0,0,1.42679e+07,22.3099,22.3099,22.3099,22.3099,0,0,0,0
08/13/2009 05:00,8,13,4,5,0,26.7,90,0,0,1.42679e+07,22.3099,22.3099,22.3099,22.3099,0,0,0,0
08/13/2009 06:00,8,13,4,6,0,26.1,94,0,0,1.42679e+07,22.3099,22.3099,22.3099,22.3099,0,0,0,0
08/13/2009 07:00,8,13,4,7,0,27.8,85,0,0,1.20098e+07,22.3099,22.3099,22.3099,22.3099,0,0,0,0
08/13/2009 08:00,8,13,4,8,0,28.9,80,0,583463,1.27121e+07,22.364,22.364,22.364,16.8904,0,0.0348101,0,2.86971e+06
08/13/2009 09:00,8,13,4,9,0,29.4,77,0,0,1.20098e+07,22.4105,22.4105,22.4105,22.4105,0,0,0,0
08/13/2009 10:00,8,13,4,10,0,31.7,65,0,782092,1.29558e+07,22.4328,22.4328,22.4328,16.8904,0,0.0480289,0,4.00621e+06
08/13/2009 11:00,8,13,4,11,0,33.3,56,0,610070,1.27446e+07,22.4505,22.4505,22.4505,16.8904,0,0.0365509,0,3.05817e+06
08/13/2009 12:00,8,13,4,12,0,35,49,0,529736,1.26266e+07,22.4602,22.4602,22.4602,16.8904,0,0.0254752,0,2.13542e+06
08/13/2009 13:00,8,13,4,13,0,36.7,39,0,830861,1.29893e+07,22.491,22.491,22.491,16.8904,0,0.043565,0,3.67199e+06
08/13/2009 14:00,8,13,4,14,0,33.9,49,0,717994,1.28518e+07,22.5053,22.5053,22.5053,16.8904,0,0.0363257,0,3.06926e+06
08/13/2009 15:00,8,13,4,15,0,28.3,74,0,615396,1.27395e+07,22.5064,22.5064,22.5064,16.8904,0,0.0333148,0,2.81539e+06
08/13/2009 16:00,8,13,4,16,0,27.2,74,0,0,1.20098e+07,22.5075,22.5075,22.5075,22.5075,0,0,0,0
08/13/2009 17:00,8,13,4,17,0,26.7,71,0,0,1.20098e+07,22.5075,22.5075,22.5075,22.5075,0,0,0,0
08/13/2009 18:00,8,13,4,18,0,26.7,71,0,0,1.20098e+07,22.5075,22.5075,22.5075,22.5075,0,0,0,0
08/13/2009 19:00,8,13,4,19,0,26.1,77,0,0,1.20098e+07,22.5075,22.5075,22.5075,22.5075,0,0,0,0
08/13/2009 20:00,8,13,4,20,0,25.6,79,0,0,1.53816e+07,22.5075,22.5075,22.5075,22.5075,0,0,0,0
08/13/2009 21:00,8,13,4,21,0,24.4,88,0,0,1.53816e+07,22.5075,22.5075,22.5075,22.5075,0,0,0,0
08/13/2009 22:00,8,13,4,22,0,23.9,90,0,0,1.53816e+07,22.5075,22.5075,22.5075,22.5075,0,0,0,0
08/13/2009 23:00,8,13,4,23,0,23.9,90,0,0,1.53816e+07,22.5075,22.5075,22.5075,22.5075,0,0,0,0
08/14/2009 00:00,8,14,5,0,0,23.3,94,0,0,1.53816e+07,22.5075,22.5075,22.5075,22.5075,0,0,0,0
08/14/2009 01:00,8,14,5,1,0,23.3,94,0,0,2.07703e+07,22.5075,22.5075,22.5075,22.5075,0,0,0,0
08/14/2009 02:00,8,14,5,2,0,23.3,94,0,0,2.07703e+07,22.5075,22.5075,22.5075,22.5075,0,0,0,0
08/14/2009 03:00,8,14,5,3,0,23.3,94,0,0,2.07703e+07,22.5075,22.5075,22.5075,22.5075,0,0,0,0
08/14/2009 04:00,8,14,5,4,0,23.9,90,0,0,2.07703e+07,22.5075,22.5075,22.5075,22.5075,0,0,0,0
08/14/2009 05:00,8,14,5,5,0,23.9,94,0,0,2.07703e+07,22.5075,22.5075,22.5075,22.5075,0,0,0,0
08/14/2009 06:00,8,14,5,6,0,24.4,91,0,0,2.23312e+07,22.5075,22.5075,22.5075,22.5075,0,0,0,0
08/14/2009 07:00,8,14,5,7,0,25,88,0,1.55142e+07,3.93125e+07,22.2041,22.2041,22.2041,16.8904,0,1.09941,0,8.85713e+07
08/14/2009 08:00,8,14,5,8,0,27.2,82,0,1.94619e+07,5.02629e+07,22.1279,22.1279,22.1279,16.8904,0,1.41527,0,1.11621e+08
08/14/2009 09:00,8,14,5,9,0,27.2,85,0,1.97874e+07,7.65097e+07,21.9972,21.9972,21.9972,16.8904,0,1.44518,0,1.11062e+08
08/14/2009 10:00,8,14,5,10,0,27.8,88,0,1.86884e+07,7.51028e+07,21.9663,21.9663,21.9663,16.8904,0,1.35443,0,1.03458e+08
08/14/2009 11:00,8,14,5,11,0,30,67,0,1.91775e+07,7.57307e+07,21.9337,21.9337,21.9337,16.8904,0,1.39504,0,1.05876e+08
08/14/2009 12:00,8,14,5,12,0,24.4,88,0,1.73569e+07,7.34052e+07,21.9158,21.9158,21.9158,16.8904,0,1.24654,0,9.42716e+07
08/14/2009 13:00,8,14,5,13,0,24.4,88,0,1.60994e+07,6.73791e+07,21.9151,21.9151,21.9151,16.8904,0,1.14427,0,8.65254e+07
08/14/2009 14:00,8,14,5,14,0,24.4,91,0,1.6496e+07,7.23088e+07,21.9001,21.9001,21.9001,16.8904,0,1.17709,0,8.87396e+07
08/14/2009 15:00,8,14,5,15,0,26.1,82,0,1.68327e+07,7.27373e+07,21.9007,21.9007,21.9007,16.8904,0,1.20408,0,9.07857e+07
08/14/2009 16:00,8,14,5,16,0,26.7,82,0,1.66052e+07,7.24475e+07,21.9001,21.9001,21.9001,16.8904,0,1.18572,0,8.93912e+07
08/14/2009 17:00,8,14,5,17,0,26.7,82,0,1.64686e+07,7.22734e+07,21.8995,21.8995,21.8995,16.8904,0,1.17464,0,8.8545e+07
08/14/2009 18:00,8,14,5,18,0,26.7,79,0,1.32606e+07,4.8311e+07,21.8983,21.8983,21.8983,16.8904,0,0.919316,0,6.92822e+07
08/14/2009 19:00,8,14,5,19,0,26.1,85,0,0,1.95021e+07,21.8983,21.8983,21.8983,21.8983,0,0,0,0
08/14/2009 20:00,8,14,5,20,0,25,90,0,0,2.28739e+07,21.8983,21.8983,21.8983,21.8983,0,0,0,0
08/14/2009 21:00,8,14,5,21,0,23.9,94,0,0,1.97521e+07,21.8983,21.8983,21.8983,21.8983,0,0,0,0
08/14/2009 22:00,8,14,5,22,0,23.9,94,0,0,1.97521e+07,21.8983,21.8983,21.8983,21.8983,0,0,0,0
08/14/2009 23:00,8,14,5,23,0,23.3,97,0,0,1.69425e+07,21.8983,21.8983,21.8983,21.8983,0,0,0,0
08/15/2009 00:00,8,15,6,0,0,23.3,97,0,0,1.53816e+07,21.8983,21.8983,21.8983,21.8983,0,0,0,0
08/15/2009 01:00,8,15,6,1,0,22.8,96,0,0,2.07703e+07,21.8983,21.8983,21.8983,21.8983,0,0,0,0
08/15/2009 02:00,8,15,6,2,0,23.9,94,0,0,2.07703e+07,21.8983,21.8983,21.8983,21.8983,0,0,0,0
08/15/2009 03:00,8,15,6,3,0,23.3,97,0,0,2.07703e+07,21.8983,21.8983,21.8983,21.8983,0,0,0,0
08/15/2009 04:00,8,15,6,4,0,23.3,97,0,0,2.07703e+07,21.8983,21.8983,21.8983,21.8983,0,0,0,0
08/15/2009 05:00,8,15,6,5,0,23.3,97,0,0,2.07703e+07,21.8983,21.8983,21.8983,21.8983,0,0,0,0
08/15/2009 06:00,8,15,6,6,0,23.3,97,0,0,2.23312e+07,21.8983,21.8983,21.8983,21.8983,0,0,0,0
08/15/2009 07:00,8,15,6,7,0,23.9,94,0,1.07891e+07,3.33768e+07,22.03,22.03,22.03,16.8904,0,0.742599,0,5.76058e+07
08/15/2009 08:00,8,15,6,8,0,25.6,87,0,1.09162e+07,3.94258e+07,21.9666,21.9666,21.9666,16.8904,0,0.739536,0,5.64936e+07
08/15/2009 09:00,8,15,6,9,0,28.3,72,0,1.70082e+07,7.29566e+07,21.9416,21.9416,21.9416,16.8904,0,1.21625,0,9.24526e+07
08/15/2009 10:00,8,15,6,10,0,29.4,63,0,1.70244e+07,7.2978e+07,21.9256,21.9256,21.9256,16.8904,0,1.21783,0,9.22806e+07
08/15/2009 11:00,8,15,6,11,0,30,59,0,1.6718e+07,7.25869e+07,21.9133,21.9133,21.9133,16.8904,0,1.1931,0,9.01844e+07
08/15/2009 12:00,8,15,6,12,0,31.7,52,0,1.65345e+07,7.23552e+07,21.9066,21.9066,21.9066,16.8904,0,1.17911,0,8.90091e+07
08/15/2009 13:00,8,15,6,13,0,32.8,44,0,1.58856e+07,6.71069e+07,21.8999,21.8999,21.8999,16.8904,0,1.1267,0,8.49381e+07
08/15/2009 14:00,8,15,6,14,0,34.4,41,0,1.67261e+07,7.26011e+07,21.8877,21.8877,21.8877,16.8904,0,1.19506,0,8.98721e+07
08/15/2009 15:00,8,15,6,15,0,34.4,41,0,1.75391e+07,7.36348e+07,21.8901,21.8901,21.8901,16.8904,0,1.25963,0,9.47741e+07
08/15/2009 16:00,8,15,6,16,0,34.4,41,0,1.8077e+07,7.43231e+07,21.89,21.89,21.89,16.8904,0,1.30344,0,9.8069e+07
08/15/2009 17:00,8,15,6,17,0,33.3,46,0,1.76689e+07,7.38004e+07,21.8925,21.8925,21.8925,16.8904,0,1.27005,0,9.56031e+07
08/15/2009 18:00,8,15,6,18,0,32.2,54,0,1.45618e+07,4.99581e+07,21.8899,21.8899,21.8899,16.8904,0,1.02026,0,7.67605e+07
08/15/2009 19:00,8,15,6,19,0,30.6,65,0,0,1.95021e+07,21.887,21.887,21.887,21.887,0,0,0,0
08/15/2009 20:00,8,15,6,20,0,29.4,70,0,0,2.28739e+07,21.887,21.887,21.887,21.887,0,0,0,0
08/15/2009 21:00,8,15,6,21,0,28.3,72,0,0,1.97521e+07,21.887,21.887,21.887,21.887,0,0,0,0
08/15/2009 22:00,8,15,6,22,0,26.7,76,0,0,1.97521e+07,21.887,21.887,21.887,21.887,0,0,0,0
08/15/2009 23:00,8,15,6,23,0,26.1,77,0,0,1.69425e+07,21.887,21.887,21.887,21.887,0,0,0,0
08/16/2009 00:00,8,16,0,0,0,25.6,79,0,0,1.53816e+07,21.887,21.887,21.887,21.887,0,0,0,0
08/16/2009 01:00,8,16,0,1,0,23.9,88,0,0,2.07703e+07,21.887,21.887,21.887,21.887,0,0,0,0
08/16/2009 02:00,8,16,0,2,0,23.3,91,0,0,2.07703e+07,21.887,21.887,21.887,21.887,0,0,0,0
08/16/2009 03:00,8,16,0,3,0,22.8,94,0,0,2.07703e+07,21.887,21.887,21.887,21.887,0,0,0,0
08/16/2009 04:00,8,16,0,4,0,22.2,93,0,0,2.07703e+07,21.887,21.887,21.887,21.887,0,0,0,0
08/16/2009 05:00,8,16,0,5,0,22.8,94,0,0,2.07703e+07,21.887,21.887,21.887,21.887,0,0,0,0
08/16/2009 06:00,8,16,0,6,0,22.8,94,0,0,2.23312e+07,21.887,21.887,21.887,21.887,0,0,0,0
08/16/2009 07:00,8,16,0,7,0,25,90,0,1.1525e+07,3.42957e+07,21.9968,21.9968,21.9968,16.8904,0,0.796216,0,6.13578e+07
08/16/2009 08:00,8,16,0,8,0,27.8,82,0,1.46531e+07,4.41426e+07,21.9612,21.9612,21.9612,16.8904,0,1.02789,0,7.84536e+07
08/16/2009 09:00,8,16,0,9,0,30.6,65,0,1.74643e+07,7.35408e+07,21.9265,21.9265,21.9265,16.8904,0,1.25381,0,9.50239e+07
08/16/2009 10:00,8,16,0,10,0,31.1,61,0,1.77405e+07,7.38925e+07,21.9145,21.9145,21.9145,16.8904,0,1.27621,0,9.64897e+07
08/16/2009 11:00,8,16,0,11,0,32.8,54,0,1.7636e+07,7.37581e+07,21.9072,21.9072,21.9072,16.8904,0,1.26759,0,9.56985e+07
08/16/2009 12:00,8,16,0,12,0,32.8,50,0,1.73799e+07,7.34326e+07,21.9022,21.9022,21.9022,16.8904,0,1.24734,0,9.40767e+07
08/16/2009 13:00,8,16,0,13,0,33.3,51,0,1.64595e+07,6.78366e+07,21.8981,21.8981,21.8981,16.8904,0,1.17248,0,8.8358e+07
08/16/2009 14:00,8,16,0,14,0,35,42,0,1.75703e+07,7.36774e+07,21.8871,21.8871,21.8871,16.8904,0,1.2633,0,9.49936e+07
08/16/2009 15:00,8,16,0,15,0,33.3,49,0,1.79935e+07,7.42157e+07,21.8891,21.8891,21.8891,16.8904,0,1.29693,0,9.75606e+07
08/16/2009 16:00,8,16,0,16,0,32.2,58,0,1.83171e+07,7.4629e+07,21.8898,21.8898,21.8898,16.8904,0,1.32306,0,9.95403e+07
08/16/2009 17:00,8,16,0,17,0,32.8,50,0,1.76339e+07,7.37566e+07,21.8892,21.8892,21.8892,16.8904,0,1.26783,0,9.53749e+07
08/16/2009 18:00,8,16,0,18,0,31.7,57,0,1.40552e+07,4.93146e+07,21.8873,21.8873,21.8873,16.8904,0,0.98067,0,7.37439e+07
08/16/2009 19:00,8,16,0,19,0,30.6,61,0,0,1.95021e+07,21.8836,21.8836,21.8836,21.8836,0,0,0,0
08/16/2009 20:00,8,16,0,20,0,29.4,65,0,0,2.28739e+07,21.8836,21.8836,21.8836,21.8836,0,0,0,0
08/16/2009 21:00,8,16,0,21,0,27.2,74,0,0,1.97521e+07,21.8836,21.8836,21.8836,21.8836,0,0,0,0
08/16/2009 22:00,8,16,0,22,0,27.2,77,0,0,1.97521e+07,21.8836,21.8836,21.8836,21.8836,0,0,0,0
08/16/2009 23:00,8,16,0,23,0,26.1,79,0,0,1.69425e+07,21.8836,21.8836,21.8836,21.8836,0,0,0,0
08/17/2009 00:00,8,17,1,0,0,25,88,0,0,1.53816e+07,21.8836,21.8836,21.8836,21.8836,0,0,0,0
08/17/2009 01:00,8,17,1,1,0,23.9,90,0,0,2.07703e+07,21.8836,21.8836,21.8836,21.8836,0,0,0,0
08/17/2009 02:00,8,17,1,2,0,23.3,94,0,0,2.07703e+07,21.8836,21.8836,21.8836,21.8836,0,0,0,0
08/17/2009 03:00,8,17,1,3,0,23.3,97,0,0,2.07703e+07,21.8836,21.8836,21.8836,21.8836,0,0,0,0
08/17/2009 04:00,8,17,1,4,0,23.3,97,0,0,2.07703e+07,21.8836,21.8836,21.8836,21.8836,0,0,0,0
08/17/2009 05:00,8,17,1,5,0,23.3,94,0,0,2.07703e+07,21.8836,21.8836,21.8836,21.8836,0,0,0,0
08/17/2009 06:00,8,17,1,6,0,23.3,97,0,0,2.23312e+07,21.8836,21.8836,21.8836,21.8836,0,0,0,0
08/17/2009 07:00,8,17,1,7,0,26.1,90,0,1.19483e+07,3.48267e+07,21.9925,21.9925,21.9925,16.8904,0,0.82797,0,6.37503e+07
08/17/2009 08:00,8,17,1,8,0,29.4,77,0,1.48191e+07,4.43505e+07,21.9556,21.9556,21.9556,16.8904,0,1.04044,0,7.93242e+07
08/17/2009 09:00,8,17,1,9,0,31.1,61,0,1.786e+07,7.40475e+07,21.9218,21.9218,21.9218,16.8904,0,1.28653,0,9.7412e+07
08/17/2009 10:00,8,17,1,10,0,32.2,58,0,1.81957e+07,7.44767e+07,21.9089,21.9089,21.9089,16.8904,0,1.31419,0,9.9252e+07
08/17/2009 11:00,8,17,1,11,0,34.4,48,0,1.80069e+07,7.42335e+07,21.8999,21.8999,21.8999,16.8904,0,1.29836,0,9.78801e+07
08/17/2009 12:00,8,17,1,12,0,35,44,0,1.8076e+07,7.43232e+07,21.8974,21.8974,21.8974,16.8904,0,1.30464,0,9.83042e+07
08/17/2009 13:00,8,17,1,13,0,23.3,91,0,1.49527e+07,6.5922e+07,21.898,21.898,21.898,16.8904,0,1.05251,0,7.9316e+07
08/17/2009 14:00,8,17,1,14,0,23.3,94,0,1.56364e+07,7.12136e+07,21.8954,21.8954,21.8954,16.8904,0,1.10739,0,8.34086e+07
08/17/2009 15:00,8,17,1,15,0,23.9,96,0,1.57594e+07,7.13697e+07,21.8991,21.8991,21.8991,16.8904,0,1.11719,0,8.42076e+07
08/17/2009 16:00,8,17,1,16,0,24.4,97,0,1.57391e+07,7.1344e+07,21.898,21.898,21.898,16.8904,0,1.1156,0,8.40691e+07
08/17/2009 17:00,8,17,1,17,0,25,94,0,1.54669e+07,7.09985e+07,21.8982,21.8982,21.8982,16.8904,0,1.09404,0,8.24487e+07
08/17/2009 18:00,8,17,1,18,0,25,94,0,1.20557e+07,4.67931e+07,21.8976,21.8976,21.8976,16.8904,0,0.827124,0,6.23258e+07
08/17/2009 19:00,8,17,1,19,0,24.4,97,0,0,1.95021e+07,21.8976,21.8976,21.8976,21.8976,0,0,0,0
08/17/2009 20:00,8,17,1,20,0,23.9,96,0,0,2.28739e+07,21.8976,21.8976,21.8976,21.8976,0,0,0,0
08/17/2009 21:00,8,17,1,21,0,23.9,96,0,0,1.97521e+07,21.8976,21.8976,21.8976,21.8976,0,0,0,0
08/17/2009 22:00,8,17,1,22,0,23.9,96,0,0,1.97521e+07,21.8976,21.8976,21.8976,21.8976,0,0,0,0
08/17/2009 23:00,8,17,1,23,0,23.9,96,0,0,1.69425e+07,21.8976,21.8976,21.8976,21.8976,0,0,0,0
08/18/2009 00:00,8,18,2,0,0,23.9,100,0,0,1.53816e+07,21.8976,21.8976,21.8976,21.8976,0,0,0,0
08/18/2009 01:00,8,18,2,1,0,23.9,100,0,0,2.07703e+07,21.8976,21.8976,21.8976,21.8976,0,0,0,0
08/18/2009 02:00,8,18,2,2,0,23.9,100,0,0,2.07703e+07,21.8976,21.8976,21.8976,21.8976,0,0,0,0
08/18/2009 03:00,8,18,2,3,0,23.9,100,0,0,2.07703e+07,21.8976,21.8976,21.8976,21.8976,0,0,0,0
08/18/2009 04:00,8,18,2,4,0,23.9,100,0,0,2.07703e+07,21.8976,21.8976,21.8976,21.8976,0,0,0,0
08/18/2009 05:00,8,18,2,5,0,23.9,100,0,0,2.07703e+07,21.8976,21.8976,21.8976,21.8976,0,0,0,0
08/18/2009 06:00,8,18,2,6,0,23.9,100,0,0,2.23312e+07,21.8976,21.8976,21.8976,21.8976,0,0,0,0
08/18/2009 07:00,8,18,2,7,0,23.9,100,0,1.13883e+07,3.41234e+07,22.0169,22.0169,22.0169,16.8904,0,0.785787,0,6.07765e+07
08/18/2009 08:00,8,18,2,8,0,24.4,100,0,1.19831e+07,4.07705e+07,21.9582,21.9582,21.9582,16.8904,0,0.820859,0,6.26017e+07
08/18/2009 09:00,8,18,2,9,0,27.8,85,0,1.69204e+07,7.28474e+07,21.9319,21.9319,21.9319,16.8904,0,1.20983,0,9.17872e+07
08/18/2009 10:00,8,18,2,10,0,30,77,0,1.71967e+07,7.31986e+07,21.9209,21.9209,21.9209,16.8904,0,1.232,0,9.32665e+07
08/18/2009 11:00,8,18,2,11,0,32.2,64,0,1.71782e+07,7.31738e+07,21.9111,21.9111,21.9111,16.8904,0,1.23037,0,9.29613e+07
08/18/2009 12:00,8,18,2,12,0,33.3,54,0,1.71882e+07,7.3188e+07,21.9063,21.9063,21.9063,16.8904,0,1.23176,0,9.29778e+07
08/18/2009 13:00,8,18,2,13,0,26,89,0,1.51747e+07,6.62028e+07,21.9045,21.9045,21.9045,16.8904,0,1.06973,0,8.07176e+07
08/18/2009 14:00,8,18,2,14,0,27.8,77,0,1.5928e+07,7.15834e+07,21.8981,21.8981,21.8981,16.8904,0,1.13033,0,8.51821e+07
08/18/2009 15:00,8,18,2,15,0,28.9,72,0,1.67304e+07,7.26033e+07,21.9007,21.9007,21.9007,16.8904,0,1.19431,0,9.00496e+07
08/18/2009 16:00,8,18,2,16,0,30,65,0,1.73802e+07,7.34298e+07,21.9019,21.9019,21.9019,16.8904,0,1.24588,0,9.39616e+07
08/18/2009 17:00,8,18,2,17,0,30,61,0,1.76013e+07,7.37137e+07,21.9015,21.9015,21.9015,16.8904,0,1.26393,0,9.53144e+07
08/18/2009 18:00,8,18,2,18,0,30,61,0,1.42064e+07,4.95075e+07,21.9002,21.9002,21.9002,16.8904,0,0.992042,0,7.47909e+07
08/18/2009 19:00,8,18,2,19,0,27.8,72,0,0,1.95021e+07,21.9001,21.9001,21.9001,21.9001,0,0,0,0
08/18/2009 20:00,8,18,2,20,0,25.6,87,0,0,2.28739e+07,21.9001,21.9001,21.9001,21.9001,0,0,0,0
08/18/2009 21:00,8,18,2,21,0,25,90,0,0,1.97521e+07,21.9001,21.9001,21.9001,21.9001,0,0,0,0
08/18/2009 22:00,8,18,2,22,0,25,90,0,0,1.97521e+07,21.9001,21.9001,21.9001,21.9001,0,0,0,0
08/18/2009 23:00,8,18,2,23,0,24.4,94,0,0,1.69425e+07,21.9001,21.9001,21.9001,21.9001,0,0,0,0
08/19/2009 00:00,8,19,3,0,0,23.9,96,0,0,1.53816e+07,21.9001,21.9001,21.9001,21.9001,0,0,0,0
08/19/2009 01:00,8,19,3,1,0,23.9,96,0,0,1.42679e+07,21.9001,21.9001,21.9001,21.9001,0,0,0,0
08/19/2009 02:00,8,19,3,2,0,23.3,97,0,0,1.42679e+07,21.9001,21.9001,21.9001,21.9001,0,0,0,0
08/19/2009 03:00,8,19,3,3,0,23.3,97,0,0,1.42679e+07,21.9001,21.9001,21.9001,21.9001,0,0,0,0
08/19/2009 04:00,8,19,3,4,0,23.3,97,0,0,1.42679e+07,21.9001,21.9001,21.9001,21.9001,0,0,0,0
08/19/2009 05:00,8,19,3,5,0,23.3,97,0,0,1.42679e+07,21.9001,21.9001,21.9001,21.9001,0,0,0,0
08/19/2009 06:00,8,19,3,6,0,23.3,97,0,0,1.42679e+07,21.9001,21.9001,21.9001,21.9001,0,0,0,0
08/19/2009 07:00,8,19,3,7,0,23.9,94,0,0,1.20098e+07,21.9001,21.9001,21.9001,21.9001,0,0,0,0
08/19/2009 08:00,8,19,3,8,0,26.7,82,0,0,1.20098e+07,21.9001,21.9001,21.9001,21.9001,0,0,0,0
08/19/2009 09:00,8,19,3,9,0,29.4,70,0,222113,1.22708e+07,21.9404,21.9404,21.9404,16.8904,0,0.0113873,0,866880
08/19/2009 10:00,8,19,3,10,0,31.1,61,0,382030,1.24659e+07,22.0527,22.0527,22.0527,16.8904,0,0.0217078,0,1.68651e+06
08/19/2009 11:00,8,19,3,11,0,32.8,54,0,78421.1,1.20955e+07,22.1052,22.1052,22.1052,16.8904,0,0.00214485,0,168318
08/19/2009 12:00,8,19,3,12,0,32.8,54,0,0,1.20098e+07,22.1091,22.1091,22.1091,22.1091,0,0,0,0
08/19/2009 13:00,8,19,3,13,0,32.8,54,0,0,1.20098e+07,22.1091,22.1091,22.1091,22.1091,0,0,0,0
08/19/2009 14:00,8,19,3,14,0,33.3,52,0,0,1.20098e+07,22.1091,22.1091,22.1091,22.1091,0,0,0,0
08/19/2009 15:00,8,19,3,15,0,34.4,46,0,186948,1.22298e+07,22.1222,22.1222,22.1222,18.1951,0,0.00962186,0,757944
08/19/2009 16:00,8,19,3,16,0,35,44,0,791527,1.2968e+07,22.1856,22.1856,22.1856,16.8904,0,0.0485125,0,3.86565e+06
08/19/2009 17:00,8,19,3,17,0,33.9,46,0,773280,1.29456e+07,22.2206,22.2206,22.2206,16.8904,0,0.0472902,0,3.79316e+06
08/19/2009 18:00,8,19,3,18,0,27.2,69,0,0,1.20098e+07,22.2253,22.2253,22.2253,22.2253,0,0,0,0
08/19/2009 19:00,8,19,3,19,0,26.7,71,0,0,1.20098e+07,22.2253,22.2253,22.2253,22.2253,0,0,0,0
08/19/2009 20:00,8,19,3,20,0,26.7,79,0,0,1.53816e+07,22.2253,22.2253,22.2253,22.2253,0,0,0,0
08/19/2009 21:00,8,19,3,21,0,25,90,0,0,1.53816e+07,22.2253,22.2253,22.2253,22.2253,0,0,0,0
08/19/2009 22:00,8,19,3,22,0,23.9,94,0,0,1.53816e+07,22.2253,22.2253,22.2253,22.2253,0,0,0,0
08/19/2009 23:00,8,19,3,23,0,23.9,94,0,0,1.53816e+07,22.2253,22.2253,22.2253,22.2253,0,0,0,0
08/20/2009 00:00,8,20,4,0,0,24.4,91,0,0,1.53816e+07,22.2253,22.2253,22.2253,22.2253,0,0,0,0
08/20/2009 01:00,8,20,4,1,0,24.4,91,0,0,1.42679e+07,22.2253,22.2253,22.2253,22.2253,0,0,0,0
08/20/2009 02:00,8,20,4,2,0,23.9,90,0,0,1.42679e+07,22.2253,22.2253,22.2253,22.2253,0,0,0,0
08/20/2009 03:00,8,20,4,3,0,23.3,94,0,0,1.42679e+07,22.2253,22.2253,22.2253,22.2253,0,0,0,0
08/20/2009 04:00,8,20,4,4,0,23.3,91,0,0,1.42679e+07,22.2253,22.2253,22.2253,22.2253,0,0,0,0
08/20/2009 05:00,8,20,4,5,0,23.3,91,0,0,1.42679e+07,22.2253,22.2253,22.2253,22.2253,0,0,0,0
08/20/2009 06:00,8,20,4,6,0,22.8,94,0,0,1.42679e+07,22.2253,22.2253,22.2253,22.2253,0,0,0,0
08/20/2009 07:00,8,20,4,7,0,25.6,85,0,0,1.20098e+07,22.2253,22.2253,22.2253,22.2253,0,0,0,0
08/20/2009 08:00,8,20,4,8,0,26.7,82,0,380893,1.24664e+07,22.2543,22.2543,22.2543,17.6525,0,0.0221755,0,1.79242e+06
08/20/2009 09:00,8,20,4,9,0,28.9,74,0,278518,1.23394e+07,22.3016,22.3016,22.3016,16.8904,0,0.0149654,0,1.21899e+06
08/20/2009 10:00,8,20,4,10,0,30.6,68,0,633550,1.27737e+07,22.3385,22.3385,22.3385,16.8904,0,0.0381745,0,3.12971e+06
08/20/2009 11:00,8,20,4,11,0,32.2,59,0,307123,1.23741e+07,22.3593,22.3593,22.3593,16.8904,0,0.0167659,0,1.3798e+06
08/20/2009 12:00,8,20,4,12,0,35,46,0,0,1.20098e+07,22.3644,22.3644,22.3644,22.3644,0,0,0,0
08/20/2009 13:00,8,20,4,13,0,33.9,47,0,0,1.20098e+07,22.3644,22.3644,22.3644,22.3644,0,0,0,0
08/20/2009 14:00,8,20,4,14,0,35,43,0,66105.1,1.20805e+07,22.3652,22.3652,22.3652,16.8904,0,0.00134588,0,110888
08/20/2009 15:00,8,20,4,15,0,34.4,46,0,547089,1.26564e+07,22.3977,22.3977,22.3977,16.8904,0,0.028999,0,2.40327e+06
08/20/2009 16:00,8,20,4,16,0,34.4,46,0,1.03078e+06,1.32503e+07,22.4433,22.4433,22.4433,16.8904,0,0.0610629,0,5.10242e+06
08/20/2009 17:00,8,20,4,17,0,24,89,0,0,1.20098e+07,22.4554,22.4554,22.4554,22.4554,0,0,0,0
08/20/2009 18:00,8,20,4,18,0,23.9,90,0,0,1.20098e+07,22.4554,22.4554,22.4554,22.4554,0,0,0,0
08/20/2009 19:00,8,20,4,19,0,23.9,94,0,0,1.20098e+07,22.4554,22.4554,22.4554,22.4554,0,0,0,0
08/20/2009 20:00,8,20,4,20,0,25,88,0,0,1.53816e+07,22.4554,22.4554,22.4554,22.4554,0,0,0,0
08/20/2009 21:00,8,20,4,21,0,23.3,97,0,0,1.53816e+07,22.4554,22.4554,22.4554,22.4554,0,0,0,0
08/20/2009 22:00,8,20,4,22,0,23.9,96,0,0,1.53816e+07,22.4554,22.4554,22.4554,22.4554,0,0,0,0
08/20/2009 23:00,8,20,4,23,0,23.9,96,0,0,1.53816e+07,22.4554,22.4554,22.4554,22.4554,0,0,0,0
08/21/2009 00:00,8,21,5,0,0,23.9,94,0,0,1.53816e+07,22.4554,22.4554,22.4554,22.4554,0,0,0,0
08/21/2009 01:00,8,21,5,1,0,23.3,97,0,0,2.07703e+07,22.4554,22.4554,22.4554,22.4554,0,0,0,0
08/21/2009 02:00,8,21,5,2,0,22.8,96,0,0,2.07703e+07,22.4554,22.4554,22.4554,22.4554,0,0,0,0
08/21/2009 03:00,8,21,5,3,0,23.3,94,0,0,2.07703e+07,22.4554,22.4554,22.4554,22.4554,0,0,0,0
08/21/2009 04:00,8,21,5,4,0,23.3,94,0,0,2.07703e+07,22.4554,22.4554,22.4554,22.4554,0,0,0,0
08/21/2009 05:00,8,21,5,5,0,23.3,94,0,0,2.07703e+07,22.4554,22.4554,22.4554,22.4554,0,0,0,0
08/21/2009 06:00,8,21,5,6,0,23.3,97,0,0,2.23312e+07,22.4554,22.4554,22.4554,22.4554,0,0,0,0
08/21/2009 07:00,8,21,5,7,0,23.3,97,0,1.37928e+07,3.71381e+07,22.203,22.203,22.203,16.8904,0,0.965852,0,7.77755e+07
08/21/2009 08:00,8,21,5,8,0,24.4,94,0,1.73645e+07,4.75755e+07,22.1348,22.1348,22.1348,16.8904,0,1.2412,0,9.80226e+07
08/21/2009 09:00,8,21,5,9,0,27.8,79,0,1.93984e+07,7.60054e+07,22.0119,22.0119,22.0119,16.8904,0,1.41082,0,1.08734e+08
08/21/2009 10:00,8,21,5,10,0,29.4,70,0,1.95259e+07,7.61743e+07,21.9668,21.9668,21.9668,16.8904,0,1.4227,0,1.08689e+08
08/21/2009 11:00,8,21,5,11,0,31.1,61,0,1.8926e+07,7.54076e+07,21.9323,21.9323,21.9323,16.8904,0,1.37377,0,1.04236e+08
08/21/2009 12:00,8,21,5,12,0,30.6,63,0,1.81703e+07,7.44425e+07,21.9177,21.9177,21.9177,16.8904,0,1.31224,0,9.92762e+07
08/21/2009 13:00,8,21,5,13,0,30.6,63,0,1.66463e+07,6.80741e+07,21.9093,21.9093,21.9093,16.8904,0,1.18769,0,8.97037e+07
08/21/2009 14:00,8,21,5,14,0,30,63,0,1.70598e+07,7.30255e+07,21.9006,21.9006,21.9006,16.8904,0,1.22193,0,9.21297e+07
08/21/2009 15:00,8,21,5,15,0,30,65,0,1.68318e+07,7.2735e+07,21.8997,21.8997,21.8997,16.8904,0,1.20353,0,9.07274e+07
08/21/2009 16:00,8,21,5,16,0,24.4,88,0,1.60268e+07,7.17104e+07,21.9042,21.9042,21.9042,16.8904,0,1.13893,0,8.59336e+07
08/21/2009 17:00,8,21,5,17,0,23.9,94,0,1.57713e+07,7.13852e+07,21.9101,21.9101,21.9101,16.8904,0,1.11841,0,8.44852e+07
08/21/2009 18:00,8,21,5,18,0,23.9,94,0,1.25877e+07,4.74622e+07,21.9114,21.9114,21.9114,16.8904,0,0.867598,0,6.55556e+07
08/21/2009 19:00,8,21,5,19,0,23.9,96,0,0,1.95021e+07,21.9114,21.9114,21.9114,21.9114,0,0,0,0
08/21/2009 20:00,8,21,5,20,0,23.9,96,0,0,2.28739e+07,21.9114,21.9114,21.9114,21.9114,0,0,0,0
08/21/2009 21:00,8,21,5,21,0,24.4,94,0,0,1.97521e+07,21.9114,21.9114,21.9114,21.9114,0,0,0,0
08/21/2009 22:00,8,21,5,22,0,24.4,94,0,0,1.97521e+07,21.9114,21.9114,21.9114,21.9114,0,0,0,0
08/21/2009 23:00,8,21,5,23,0,24.4,94,0,0,1.69425e+07,21.9114,21.9114,21.9114,21.9114,0,0,0,0
08/22/2009 00:00,8,22,6,0,0,24.4,94,0,0,1.53816e+07,21.9114,21.9114,21.9114,21.9114,0,0,0,0
08/22/2009 01:00,8,22,6,1,0,24.4,94,0,0,2.07703e+07,21.9114,21.9114,21.9114,21.9114,0,0,0,0
08/22/2009 02:00,8,22,6,2,0,24.4,94,0,0,2.07703e+07,21.9114,21.9114,21.9114,21.9114,0,0,0,0
08/22/2009 03:00,8,22,6,3,0,24.4,94,0,0,2.07703e+07,21.9114,21.9114,21.9114,21.9114,0,0,0,0
08/22/2009 04:00,8,22,6,4,0,24.4,94,0,0,2.07703e+07,21.9114,21.9114,21.9114,21.9114,0,0,0,0
08/22/2009 05:00,8,22,6,5,0,24.4,94,0,0,2.07703e+07,21.9114,21.9114,21.9114,21.9114,0,0,0,0
08/22/2009 06:00,8,22,6,6,0,25,94,0,0,2.23312e+07,21.9114,21.9114,21.9114,21.9114,0,0,0,0
08/22/2009 07:00,8,22,6,7,0,25,94,0,1.29273e+07,3.60462e+07,22.2134,22.2134,22.2134,16.8904,0,0.898992,0,7.23231e+07
08/22/2009 08:00,8,22,6,8,0,25,94,0,1.19508e+07,4.07173e+07,22.0905,22.0905,22.0905,16.8904,0,0.815059,0,6.37815e+07
08/22/2009 09:00,8,22,6,9,0,25.6,93,0,1.62688e+07,7.20062e+07,22.0253,22.0253,22.0253,16.8904,0,1.15447,0,8.92104e+07
08/22/2009 10:00,8,22,6,10,0,25.6,93,0,1.53156e+07,7.08004e+07,21.9698,21.9698,21.9698,16.8904,0,1.08013,0,8.2563e+07
08/22/2009 11:00,8,22,6,11,0,26.1,90,0,1.51547e+07,7.05976e+07,21.9542,21.9542,21.9542,16.8904,0,1.06779,0,8.1369e+07
08/22/2009 12:00,8,22,6,12,0,26,89,0,1.50452e+07,7.04595e+07,21.9454,21.9454,21.9454,16.8904,0,1.0594,0,8.05896e+07
08/22/2009 13:00,8,22,6,13,0,25,94,0,1.37588e+07,6.44084e+07,21.9382,21.9382,21.9382,16.8904,0,0.958271,0,7.27926e+07
08/22/2009 14:00,8,22,6,14,0,25.6,90,0,1.45257e+07,6.98031e+07,21.922,21.922,21.922,16.8904,0,1.01901,0,7.71592e+07
08/22/2009 15:00,8,22,6,15,0,25.6,96,0,1.48413e+07,7.02029e+07,21.9187,21.9187,21.9187,16.8904,0,1.04382,0,7.8985e+07
08/22/2009 16:00,8,22,6,16,0,26.7,90,0,1.51843e+07,7.06372e+07,21.9192,21.9192,21.9192,16.8904,0,1.07066,0,8.1025e+07
08/22/2009 17:00,8,22,6,17,0,27.2,88,0,1.48369e+07,7.01974e+07,21.9194,21.9194,21.9194,16.8904,0,1.04348,0,7.89707e+07
08/22/2009 18:00,8,22,6,18,0,26.7,90,0,1.12928e+07,4.58333e+07,21.9209,21.9209,21.9209,16.8904,0,0.769038,0,5.82178e+07
08/22/2009 19:00,8,22,6,19,0,25.6,90,0,0,1.95021e+07,21.9209,21.9209,21.9209,21.9209,0,0,0,0
08/22/2009 20:00,8,22,6,20,0,25,96,0,0,2.28739e+07,21.9209,21.9209,21.9209,21.9209,0,0,0,0
08/22/2009 21:00,8,22,6,21,0,24.4,97,0,0,1.97521e+07,21.9209,21.9209,21.9209,21.9209,0,0,0,0
08/22/2009 22:00,8,22,6,22,0,24.4,97,0,0,1.97521e+07,21.9209,21.9209,21.9209,21.9209,0,0,0,0
08/22/2009 23:00,8,22,6,23,0,24.4,97,0,0,1.69425e+07,21.9209,21.9209,21.9209,21.9209,0,0,0,0
08/23/2009 00:00,8,23,0,0,0,23.9,100,0,0,1.53816e+07,21.9209,21.9209,21.9209,21.9209,0,0,0,0
08/23/2009 01:00,8,23,0,1,0,23.9,96,0,0,2.07703e+07,21.9209,21.9209,21.9209,21.9209,0,0,0,0
08/23/2009 02:00,8,23,0,2,0,23.9,96,0,0,2.07703e+07,21.9209,21.9209,21.9209,21.9209,0,0,0,0
08/23/2009 03:00,8,23,0,3,0,23.9,96,0,0,2.07703e+07,21.9209,21.9209,21.9209,21.9209,0,0,0,0
08/23/2009 04:00,8,23,0,4,0,23.9,96,0,0,2.07703e+07,21.9209,21.9209,21.9209,21.9209,0,0,0,0
08/23/2009 05:00,8,23,0,5,0,23.9,100,0,0,2.07703e+07,21.9209,21.9209,21.9209,21.9209,0,0,0,0
08/23/2009 06:00,8,23,0,6,0,24.4,97,0,0,2.23312e+07,21.9209,21.9209,21.9209,21.9209,0,0,0,0
08/23/2009 07:00,8,23,0,7,0,25,96,0,1.13694e+07,3.40941e+07,22.1216,22.1216,22.1216,16.8904,0,0.782634,0,6.18121e+07
08/23/2009 08:00,8,23,0,8,0,25.6,96,0,1.03334e+07,3.86923e+07,22.0286,22.0286,22.0286,16.8904,0,0.694908,0,5.37322e+07
08/23/2009 09:00,8,23,0,9,0,26.1,97,0,1.49368e+07,7.03179e+07,21.9844,21.9844,21.9844,16.8904,0,1.04945,0,8.04487e+07
08/23/2009 10:00,8,23,0,10,0,27.8,88,0,1.59381e+07,7.15904e+07,21.9488,21.9488,21.9488,16.8904,0,1.12904,0,8.59452e+07
08/23/2009 11:00,8,23,0,11,0,26.1,85,0,1.53037e+07,7.07867e+07,21.9369,21.9369,21.9369,16.8904,0,1.07941,0,8.19748e+07
08/23/2009 12:00,8,23,0,12,0,25.6,90,0,1.51316e+07,7.05699e+07,21.9272,21.9272,21.9272,16.8904,0,1.06634,0,8.0826e+07
08/23/2009 13:00,8,23,0,13,0,27.2,82,0,1.45408e+07,6.53983e+07,21.9203,21.9203,21.9203,16.8904,0,1.0194,0,7.71619e+07
08/23/2009 14:00,8,23,0,14,0,28.9,74,0,1.55976e+07,7.11629e+07,21.909,21.909,21.909,16.8904,0,1.1037,0,8.33551e+07
08/23/2009 15:00,8,23,0,15,0,30,75,0,1.5838e+07,7.14677e+07,21.9072,21.9072,21.9072,16.8904,0,1.12265,0,8.47558e+07
08/23/2009 16:00,8,23,0,16,0,29.4,75,0,1.61743e+07,7.18935e+07,21.9103,21.9103,21.9103,16.8904,0,1.14875,0,8.67804e+07
08/23/2009 17:00,8,23,0,17,0,30,70,0,1.64537e+07,7.2249e+07,21.9105,21.9105,21.9105,16.8904,0,1.17084,0,8.84526e+07
08/23/2009 18:00,8,23,0,18,0,28.9,72,0,1.30347e+07,4.80259e+07,21.9085,21.9085,21.9085,16.8904,0,0.900954,0,6.8037e+07
08/23/2009 19:00,8,23,0,19,0,26.7,90,0,0,1.95021e+07,21.9084,21.9084,21.9084,21.9084,0,0,0,0
08/23/2009 20:00,8,23,0,20,0,26.1,88,0,0,2.28739e+07,21.9084,21.9084,21.9084,21.9084,0,0,0,0
08/23/2009 21:00,8,23,0,21,0,25.6,93,0,0,1.97521e+07,21.9084,21.9084,21.9084,21.9084,0,0,0,0
08/23/2009 22:00,8,23,0,22,0,25,94,0,0,1.97521e+07,21.9084,21.9084,21.9084,21.9084,0,0,0,0
08/23/2009 23:00,8,23,0,23,0,23.9,96,0,0,1.69425e+07,21.9084,21.9084,21.9084,21.9084,0,0,0,0
08/24/2009 00:00,8,24,1,0,0,23.9,96,0,0,1.53816e+07,21.9084,21.9084,21.9084,21.9084,0,0,0,0
08/24/2009 01:00,8,24,1,1,0,23,100,0,0,2.07703e+07,21.9084,21.9084,21.9084,21.9084,0,0,0,0
08/24/2009 02:00,8,24,1,2,0,23.3,97,0,0,2.07703e+07,21.9084,21.9084,21.9084,21.9084,0,0,0,0
08/24/2009 03:00,8,24,1,3,0,22.8,100,0,0,2.07703e+07,21.9084,21.9084,21.9084,21.9084,0,0,0,0
08/24/2009 04:00,8,24,1,4,0,22.8,100,0,0,2.07703e+07,21.9084,21.9084,21.9084,21.9084,0,0,0,0
08/24/2009 05:00,8,24,1,5,0,22.8,100,0,0,2.07703e+07,21.9084,21.9084,21.9084,21.9084,0,0,0,0
08/24/2009 06:00,8,24,1,6,0,23.3,97,0,0,2.23312e+07,21.9084,21.9084,21.9084,21.9084,0,0,0,0
08/24/2009 07:00,8,24,1,7,0,23.9,96,0,1.03963e+07,3.28822e+07,22.0355,22.0355,22.0355,16.8904,0,0.712345,0,5.53185e+07
08/24/2009 08:00,8,24,1,8,0,26.1,90,0,1.31828e+07,4.22802e+07,21.9973,21.9973,21.9973,16.8904,0,0.912288,0,7.0128e+07
08/24/2009 09:00,8,24,1,9,0,28.3,82,0,1.63886e+07,7.21662e+07,21.9544,21.9544,21.9544,16.8904,0,1.16567,0,8.88327e+07
08/24/2009 10:00,8,24,1,10,0,30,72,0,1.67311e+07,7.26015e+07,21.9342,21.9342,21.9342,16.8904,0,1.19322,0,9.05708e+07
08/24/2009 11:00,8,24,1,11,0,30.6,68,0,1.66468e+07,7.24946e+07,21.9234,21.9234,21.9234,16.8904,0,1.18674,0,8.98841e+07
08/24/2009 12:00,8,24,1,12,0,28.9,77,0,1.55924e+07,7.11553e+07,21.9125,21.9125,21.9125,16.8904,0,1.10303,0,8.33633e+07
08/24/2009 13:00,8,24,1,13,0,28.9,74,0,1.52077e+07,6.62439e+07,21.9133,21.9133,21.9133,16.8904,0,1.07204,0,8.10335e+07
08/24/2009 14:00,8,24,1,14,0,33.3,58,0,1.64798e+07,7.22851e+07,21.9016,21.9016,21.9016,16.8904,0,1.17436,0,8.8561e+07
08/24/2009 15:00,8,24,1,15,0,33.9,54,0,1.7377e+07,7.34263e+07,21.9013,21.9013,21.9013,16.8904,0,1.24571,0,9.3937e+07
08/24/2009 16:00,8,24,1,16,0,33.3,56,0,1.74697e+07,7.35446e+07,21.9009,21.9009,21.9009,16.8904,0,1.25335,0,9.4504e+07
08/24/2009 17:00,8,24,1,17,0,31.7,65,0,1.71623e+07,7.31525e+07,21.9,21.9,21.9,16.8904,0,1.22846,0,9.2612e+07
08/24/2009 18:00,8,24,1,18,0,31.1,63,0,1.39186e+07,4.91425e+07,21.8966,21.8966,21.8966,16.8904,0,0.969498,0,7.30391e+07
08/24/2009 19:00,8,24,1,19,0,28.9,72,0,0,1.95021e+07,21.8931,21.8931,21.8931,21.8931,0,0,0,0
08/24/2009 20:00,8,24,1,20,0,28.3,79,0,0,2.28739e+07,21.8931,21.8931,21.8931,21.8931,0,0,0,0
08/24/2009 21:00,8,24,1,21,0,27.2,85,0,0,1.97521e+07,21.8931,21.8931,21.8931,21.8931,0,0,0,0
08/24/2009 22:00,8,24,1,22,0,26.7,87,0,0,1.97521e+07,21.8931,21.8931,21.8931,21.8931,0,0,0,0
08/24/2009 23:00,8,24,1,23,0,25.6,93,0,0,1.69425e+07,21.8931,21.8931,21.8931,21.8931,0,0,0,0
08/25/2009 00:00,8,25,2,0,0,25.6,93,0,0,1.53816e+07,21.8931,21.8931,21.8931,21.8931,0,0,0,0
08/25/2009 01:00,8,25,2,1,0,25,96,0,0,2.07703e+07,21.8931,21.8931,21.8931,21.8931,0,0,0,0
08/25/2009 02:00,8,25,2,2,0,23.9,100,0,0,2.07703e+07,21.8931,21.8931,21.8931,21.8931,0,0,0,0
08/25/2009 03:00,8,25,2,3,0,23.9,100,0,0,2.07703e+07,21.8931,21.8931,21.8931,21.8931,0,0,0,0
08/25/2009 04:00,8,25,2,4,0,23.9,100,0,0,2.07703e+07,21.8931,21.8931,21.8931,21.8931,0,0,0,0
08/25/2009 05:00,8,25,2,5,0,23.9,100,0,0,2.07703e+07,21.8931,21.8931,21.8931,21.8931,0,0,0,0
08/25/2009 06:00,8,25,2,6,0,24.4,100,0,0,2.23312e+07,21.8931,21.8931,21.8931,21.8931,0,0,0,0
08/25/2009 07:00,8,25,2,7,0,25,96,0,1.18753e+07,3.47306e+07,22.0696,22.0696,22.0696,16.8904,0,0.821109,0,6.42219e+07
08/25/2009 08:00,8,25,2,8,0,27.2,91,0,1.48708e+07,4.44138e+07,22.0242,22.0242,22.0242,16.8904,0,1.04357,0,8.0648e+07
08/25/2009 09:00,8,25,2,9,0,29.4,80,0,1.7726e+07,7.38713e+07,21.9653,21.9653,21.9653,16.8904,0,1.274,0,9.73004e+07
08/25/2009 10:00,8,25,2,10,0,30.6,68,0,1.75596e+07,7.36576e+07,21.9368,21.9368,21.9368,16.8904,0,1.26038,0,9.57172e+07
08/25/2009 11:00,8,25,2,11,0,31.7,63,0,1.74265e+07,7.3489e+07,21.9239,21.9239,21.9239,16.8904,0,1.25008,0,9.46907e+07
08/25/2009 12:00,8,25,2,12,0,32.2,62,0,1.74149e+07,7.34763e+07,21.9157,21.9157,21.9157,16.8904,0,1.24984,0,9.45182e+07
08/25/2009 13:00,8,25,2,13,0,33.9,58,0,1.64863e+07,6.78703e+07,21.9057,21.9057,21.9057,16.8904,0,1.17444,0,8.86403e+07
08/25/2009 14:00,8,25,2,14,0,32.8,56,0,1.70287e+07,7.29851e+07,21.894,21.894,21.894,16.8904,0,1.21892,0,9.17833e+07
08/25/2009 15:00,8,25,2,15,0,33.3,58,0,1.78763e+07,7.40647e+07,21.8953,21.8953,21.8953,16.8904,0,1.28678,0,9.69177e+07
08/25/2009 16:00,8,25,2,16,0,30,65,0,1.72942e+07,7.33215e+07,21.8987,21.8987,21.8987,16.8904,0,1.23966,0,9.34328e+07
08/25/2009 17:00,8,25,2,17,0,31.1,66,0,1.80643e+07,7.43066e+07,21.8996,21.8996,21.8996,16.8904,0,1.30215,0,9.81587e+07
08/25/2009 18:00,8,25,2,18,0,30.6,72,0,1.45347e+07,4.99235e+07,21.8963,21.8963,21.8963,16.8904,0,1.01796,0,7.66864e+07
08/25/2009 19:00,8,25,2,19,0,28.9,80,0,0,1.95021e+07,21.8927,21.8927,21.8927,21.8927,0,0,0,0
08/25/2009 20:00,8,25,2,20,0,27.8,82,0,0,2.28739e+07,21.8927,21.8927,21.8927,21.8927,0,0,0,0
08/25/2009 21:00,8,25,2,21,0,27.2,85,0,0,1.97521e+07,21.8927,21.8927,21.8927,21.8927,0,0,0,0
08/25/2009 22:00,8,25,2,22,0,26.1,90,0,0,1.97521e+07,21.8927,21.8927,21.8927,21.8927,0,0,0,0
08/25/2009 23:00,8,25,2,23,0,25,96,0,0,1.69425e+07,21.8927,21.8927,21.8927,21.8927,0,0,0,0
08/26/2009 00:00,8,26,3,0,0,24.4,100,0,0,1.53816e+07,21.8927,21.8927,21.8927,21.8927,0,0,0,0
08/26/2009 01:00,8,26,3,1,0,24.4,97,0,0,1.42679e+07,21.8927,21.8927,21.8927,21.8927,0,0,0,0
08/26/2009 02:00,8,26,3,2,0,23.9,96,0,0,1.42679e+07,21.8927,21.8927,21.8927,21.8927,0,0,0,0
08/26/2009 03:00,8,26,3,3,0,23.9,96,0,0,1.42679e+07,21.8927,21.8927,21.8927,21.8927,0,0,0,0
08/26/2009 04:00,8,26,3,4,0,23.3,100,0,0,1.42679e+07,21.8927,21.8927,21.8927,21.8927,0,0,0,0
08/26/2009 05:00,8,26,3,5,0,23.3,100,0,0,1.42679e+07,21.8927,21.8927,21.8927,21.8927,0,0,0,0
08/26/2009 06:00,8,26,3,6,0,24.4,97,0,0,1.42679e+07,21.8927,21.8927,21.8927,21.8927,0,0,0,0
08/26/2009 07:00,8,26,3,7,0,25,96,0,0,1.20098e+07,21.8927,21.8927,21.8927,21.8927,0,0,0,0
08/26/2009 08:00,8,26,3,8,0,27.2,91,0,19673.7,1.20299e+07,21.8931,21.8931,21.8931,19.892,0,0.000115089,0,8664.74
08/26/2009 09:00,8,26,3,9,0,28.9,85,0,163996,1.22031e+07,21.9286,21.9286,21.9286,18.5583,0,0.00859008,0,652467
08/26/2009 10:00,8,26,3,10,0,31.1,68,0,94977.7,1.21157e+07,21.9914,21.9914,21.9914,16.8904,0,0.00319349,0,245143
08/26/2009 11:00,8,26,3,11,0,32.2,62,0,0,1.20098e+07,22.0047,22.0047,22.0047,22.0047,0,0,0,0
08/26/2009 12:00,8,26,3,12,0,33.3,56,0,0,1.20098e+07,22.0047,22.0047,22.0047,22.0047,0,0,0,0
08/26/2009 13:00,8,26,3,13,0,33.9,51,0,0,1.20098e+07,22.0047,22.0047,22.0047,22.0047,0,0,0,0
08/26/2009 14:00,8,26,3,14,0,35,46,0,0,1.20098e+07,22.0047,22.0047,22.0047,22.0047,0,0,0,0
08/26/2009 15:00,8,26,3,15,0,35.6,43,0,314277,1.23828e+07,22.0577,22.0577,22.0577,16.8904,0,0.0170892,0,1.33233e+06
08/26/2009 16:00,8,26,3,16,0,35,43,0,891959,1.30915e+07,22.2166,22.2166,22.2166,16.8904,0,0.0552151,0,4.42555e+06
08/26/2009 17:00,8,26,3,17,0,34.4,43,0,916413,1.31217e+07,22.2759,22.2759,22.2759,16.8904,0,0.056887,0,4.61023e+06
08/26/2009 18:00,8,26,3,18,0,32.8,47,0,727159,1.28887e+07,22.2749,22.2749,22.2749,16.8904,0,0.0441607,0,3.57823e+06
08/26/2009 19:00,8,26,3,19,0,30.6,53,0,0,1.20098e+07,22.2713,22.2713,22.2713,22.2713,0,0,0,0
08/26/2009 20:00,8,26,3,20,0,28.3,65,0,0,1.53816e+07,22.2713,22.2713,22.2713,22.2713,0,0,0,0
08/26/2009 21:00,8,26,3,21,0,27.2,74,0,0,1.53816e+07,22.2713,22.2713,22.2713,22.2713,0,0,0,0
08/26/2009 22:00,8,26,3,22,0,27.8,74,0,0,1.53816e+07,22.2713,22.2713,22.2713,22.2713,0,0,0,0
08/26/2009 23:00,8,26,3,23,0,27.8,74,0,0,1.53816e+07,22.2713,22.2713,22.2713,22.2713,0,0,0,0
08/27/2009 00:00,8,27,4,0,0,25,90,0,0,1.53816e+07,22.2713,22.2713,22.2713,22.2713,0,0,0,0
08/27/2009 01:00,8,27,4,1,0,23.9,96,0,0,1.42679e+07,22.2713,22.2713,22.2713,22.2713,0,0,0,0
08/27/2009 02:00,8,27,4,2,0,23.9,96,0,0,1.42679e+07,22.2713,22.2713,22.2713,22.2713,0,0,0,0
08/27/2009 03:00,8,27,4,3,0,23.9,96,0,0,1.42679e+07,22.2713,22.2713,22.2713,22.2713,0,0,0,0
08/27/2009 04:00,8,27,4,4,0,24.4,97,0,0,1.42679e+07,22.2713,22.2713,22.2713,22.2713,0,0,0,0
08/27/2009 05:00,8,27,4,5,0,23.3,100,0,0,1.42679e+07,22.2713,22.2713,22.2713,22.2713,0,0,0,0
08/27/2009 06:00,8,27,4,6,0,23.9,100,0,0,1.42679e+07,22.2713,22.2713,22.2713,22.2713,0,0,0,0
08/27/2009 07:00,8,27,4,7,0,24.4,97,0,0,1.20098e+07,22.2713,22.2713,22.2713,22.2713,0,0,0,0
08/27/2009 08:00,8,27,4,8,0,27.2,88,0,419169,1.25141e+07,22.315,22.315,22.315,18.2356,0,0.0249268,0,2.03807e+06
08/27/2009 09:00,8,27,4,9,0,29.4,75,0,741439,1.2906e+07,22.3905,22.3905,22.3905,16.8904,0,0.0453427,0,3.75323e+06
08/27/2009 10:00,8,27,4,10,0,31.1,61,0,858598,1.30502e+07,22.4027,22.4027,22.4027,16.8904,0,0.0532552,0,4.41753e+06
08/27/2009 11:00,8,27,4,11,0,32.8,52,0,479315,1.25847e+07,22.3825,22.3825,22.3825,16.8904,0,0.0279937,0,2.31361e+06
08/27/2009 12:00,8,27,4,12,0,33.3,49,0,47557,1.2058e+07,22.3689,22.3689,22.3689,16.8904,0,0.000177637,0,14644.7
08/27/2009 13:00,8,27,4,13,0,33.9,46,0,59645.6,1.20727e+07,22.3688,22.3688,22.3688,16.8904,0,0.000941535,0,77619.3
08/27/2009 14:00,8,27,4,14,0,35.6,43,0,148228,1.21804e+07,22.369,22.369,22.369,16.8904,0,0.00656582,0,541299
08/27/2009 15:00,8,27,4,15,0,35,44,0,646266,1.27772e+07,22.3962,22.3962,22.3962,16.8904,0,0.0353353,0,2.92759e+06
08/27/2009 16:00,8,27,4,16,0,35.6,43,0,1.35995e+06,1.36555e+07,22.431,22.431,22.431,16.8904,0,0.0832202,0,6.93852e+06
08/27/2009 17:00,8,27,4,17,0,35,43,0,1.31722e+06,1.36037e+07,22.4134,22.4134,22.4134,16.8904,0,0.0805733,0,6.69654e+06
08/27/2009 18:00,8,27,4,18,0,33.3,51,0,679061,1.28187e+07,22.3834,22.3834,22.3834,16.8904,0,0.0378095,0,3.12532e+06
08/27/2009 19:00,8,27,4,19,0,30.6,65,0,0,1.20098e+07,22.3719,22.3719,22.3719,22.3719,0,0,0,0
08/27/2009 20:00,8,27,4,20,0,30,63,0,0,1.53816e+07,22.3719,22.3719,22.3719,22.3719,0,0,0,0
08/27/2009 21:00,8,27,4,21,0,29.4,72,0,0,1.53816e+07,22.3719,22.3719,22.3719,22.3719,0,0,0,0
08/27/2009 22:00,8,27,4,22,0,28.9,74,0,0,1.53816e+07,22.3719,22.3719,22.3719,22.3719,0,0,0,0
08/27/2009 23:00,8,27,4,23,0,28.3,74,0,0,1.53816e+07,22.3719,22.3719,22.3719,22.3719,0,0,0,0
08/28/2009 00:00,8,28,5,0,0,27.2,79,0,0,1.53816e+07,22.3719,22.3719,22.3719,22.3719,0,0,0,0
08/28/2009 01:00,8,28,5,1,0,25.6,87,0,0,2.07703e+07,22.3719,22.3719,22.3719,22.3719,0,0,0,0
08/28/2009 02:00,8,28,5,2,0,24.4,94,0,0,2.07703e+07,22.3719,22.3719,22.3719,22.3719,0,0,0,0
08/28/2009 03:00,8,28,5,3,0,24.4,94,0,0,2.07703e+07,22.3719,22.3719,22.3719,22.3719,0,0,0,0
08/28/2009 04:00,8,28,5,4,0,23.3,97,0,0,2.07703e+07,22.3719,22.3719,22.3719,22.3719,0,0,0,0
08/28/2009 05:00,8,28,5,5,0,23.3,100,0,0,2.07703e+07,22.3719,22.3719,22.3719,22.3719,0,0,0,0
08/28/2009 06:00,8,28,5,6,0,24.4,94,0,0,2.23312e+07,22.3719,22.3719,22.3719,22.3719,0,0,0,0
08/28/2009 07:00,8,28,5,7,0,25,94,0,1.47888e+07,3.83948e+07,22.1542,22.1542,22.1542,16.8904,0,1.04276,0,8.31346e+07
08/28/2009 08:00,8,28,5,8,0,27.8,79,0,2.03898e+07,5.14605e+07,22.0893,22.0893,22.0893,16.8904,0,1.49419,0,1.16967e+08
08/28/2009 09:00,8,28,5,9,0,29.4,65,0,2.13404e+07,7.85109e+07,21.9924,21.9924,21.9924,16.8904,0,1.57651,0,1.21055e+08
08/28/2009 10:00,8,28,5,10,0,31.7,57,0,2.06668e+07,7.76473e+07,21.9366,21.9366,21.9366,16.8904,0,1.52056,0,1.15477e+08
08/28/2009 11:00,8,28,5,11,0,32.8,56,0,1.97973e+07,7.65287e+07,21.9063,21.9063,21.9063,16.8904,0,1.4474,0,1.09257e+08
08/28/2009 12:00,8,28,5,12,0,33.3,54,0,1.92175e+07,7.57864e+07,21.8937,21.8937,21.8937,16.8904,0,1.39975,0,1.05391e+08
08/28/2009 13:00,8,28,5,13,0,35,48,0,1.84607e+07,7.03942e+07,21.8865,21.8865,21.8865,16.8904,0,1.33667,0,1.00499e+08
08/28/2009 14:00,8,28,5,14,0,35.6,48,0,1.92603e+07,7.58437e+07,21.8736,21.8736,21.8736,16.8904,0,1.40391,0,1.05282e+08
08/28/2009 15:00,8,28,5,15,0,35,48,0,1.96879e+07,7.63888e+07,21.8767,21.8767,21.8767,16.8904,0,1.43807,0,1.0791e+08
08/28/2009 16:00,8,28,5,16,0,35.6,46,0,2.0024e+07,7.68203e+07,21.8803,21.8803,21.8803,16.8904,0,1.46588,0,1.10076e+08
08/28/2009 17:00,8,28,5,17,0,35.6,45,0,1.99607e+07,7.67396e+07,21.8819,21.8819,21.8819,16.8904,0,1.46053,0,1.0971e+08
08/28/2009 18:00,8,28,5,18,0,33.9,49,0,1.62173e+07,5.20594e+07,21.8802,21.8802,21.8802,16.8904,0,1.15186,0,8.64934e+07
08/28/2009 19:00,8,28,5,19,0,32.2,54,0,0,1.95021e+07,21.8767,21.8767,21.8767,21.8767,0,0,0,0
08/28/2009 20:00,8,28,5,20,0,30,65,0,0,2.28739e+07,21.8767,21.8767,21.8767,21.8767,0,0,0,0
08/28/2009 21:00,8,28,5,21,0,29.4,70,0,0,1.97521e+07,21.8767,21.8767,21.8767,21.8767,0,0,0,0
08/28/2009 22:00,8,28,5,22,0,28.9,74,0,0,1.97521e+07,21.8767,21.8767,21.8767,21.8767,0,0,0,0
08/28/2009 23:00,8,28,5,23,0,28.3,77,0,0,1.69425e+07,21.8767,21.8767,21.8767,21.8767,0,0,0,0
08/29/2009 00:00,8,29,6,0,0,27.8,82,0,0,1.53816e+07,21.8767,21.8767,21.8767,21.8767,0,0,0,0
08/29/2009 01:00,8,29,6,1,0,27.2,85,0,0,2.07703e+07,21.8767,21.8767,21.8767,21.8767,0,0,0,0
08/29/2009 02:00,8,29,6,2,0,26.7,85,0,0,2.07703e+07,21.8767,21.8767,21.8767,21.8767,0,0,0,0
08/29/2009 03:00,8,29,6,3,0,26.7,85,0,0,2.07703e+07,21.8767,21.8767,21.8767,21.8767,0,0,0,0
08/29/2009 04:00,8,29,6,4,0,26.7,85,0,0,2.07703e+07,21.8767,21.8767,21.8767,21.8767,0,0,0,0
08/29/2009 05:00,8,29,6,5,0,25,90,0,0,2.07703e+07,21.8767,21.8767,21.8767,21.8767,0,0,0,0
08/29/2009 06:00,8,29,6,6,0,25.6,87,0,0,2.23312e+07,21.8767,21.8767,21.8767,21.8767,0,0,0,0
08/29/2009 07:00,8,29,6,7,0,26.1,88,0,1.33037e+07,3.65299e+07,22.0507,22.0507,22.0507,16.8904,0,0.930603,0,7.25235e+07
08/29/2009 08:00,8,29,6,8,0,27.8,79,0,1.42015e+07,4.35634e+07,21.9551,21.9551,21.9551,16.8904,0,0.990465,0,7.54905e+07
08/29/2009 09:00,8,29,6,9,0,30,67,0,1.91967e+07,7.57567e+07,21.9268,21.9268,21.9268,16.8904,0,1.39656,0,1.05847e+08
08/29/2009 10:00,8,29,6,10,0,32.2,62,0,1.95505e+07,7.62156e+07,21.9092,21.9092,21.9092,16.8904,0,1.42755,0,1.07819e+08
08/29/2009 11:00,8,29,6,11,0,34.4,53,0,1.92862e+07,7.58776e+07,21.8955,21.8955,21.8955,16.8904,0,1.40614,0,1.05912e+08
08/29/2009 12:00,8,29,6,12,0,35.6,46,0,1.91465e+07,7.57036e+07,21.8902,21.8902,21.8902,16.8904,0,1.39632,0,1.0506e+08
08/29/2009 13:00,8,29,6,13,0,36.1,46,0,1.83025e+07,7.02002e+07,21.8846,21.8846,21.8846,16.8904,0,1.32624,0,9.96759e+07
08/29/2009 14:00,8,29,6,14,0,36.7,45,0,1.91966e+07,7.57659e+07,21.8748,21.8748,21.8748,16.8904,0,1.39967,0,1.04987e+08
08/29/2009 15:00,8,29,6,15,0,37.2,42,0,1.98899e+07,7.66525e+07,21.8777,21.8777,21.8777,16.8904,0,1.45613,0,1.09286e+08
08/29/2009 16:00,8,29,6,16,0,36.7,39,0,1.99184e+07,7.6687e+07,21.8793,21.8793,21.8793,16.8904,0,1.45768,0,1.09438e+08
08/29/2009 17:00,8,29,6,17,0,35,48,0,1.95948e+07,7.62702e+07,21.8819,21.8819,21.8819,16.8904,0,1.43007,0,1.07422e+08
08/29/2009 18:00,8,29,6,18,0,33.9,51,0,1.59163e+07,5.16773e+07,21.8822,21.8822,21.8822,16.8904,0,1.12787,0,8.47275e+07
08/29/2009 19:00,8,29,6,19,0,31.7,61,0,0,1.95021e+07,21.879,21.879,21.879,21.879,0,0,0,0
08/29/2009 20:00,8,29,6,20,0,29.4,70,0,0,2.28739e+07,21.879,21.879,21.879,21.879,0,0,0,0
08/29/2009 21:00,8,29,6,21,0,28.3,67,0,0,1.97521e+07,21.879,21.879,21.879,21.879,0,0,0,0
08/29/2009 22:00,8,29,6,22,0,26.1,79,0,0,1.97521e+07,21.879,21.879,21.879,21.879,0,0,0,0
08/29/2009 23:00,8,29,6,23,0,25.6,79,0,0,1.69425e+07,21.879,21.879,21.879,21.879,0,0,0,0
08/30/2009 00:00,8,30,0,0,0,25.6,79,0,0,1.53816e+07,21.879,21.879,21.879,21.879,0,0,0,0
08/30/2009 01:00,8,30,0,1,0,25,82,0,0,2.07703e+07,21.879,21.879,21.879,21.879,0,0,0,0
08/30/2009 02:00,8,30,0,2,0,25,82,0,0,2.07703e+07,21.879,21.879,21.879,21.879,0,0,0,0
08/30/2009 03:00,8,30,0,3,0,25,79,0,0,2.07703e+07,21.879,21.879,21.879,21.879,0,0,0,0
08/30/2009 04:00,8,30,0,4,0,23.9,84,0,0,2.07703e+07,21.879,21.879,21.879,21.879,0,0,0,0
08/30/2009 05:00,8,30,0,5,0,23.9,82,0,0,2.07703e+07,21.879,21.879,21.879,21.879,0,0,0,0
08/30/2009 06:00,8,30,0,6,0,23.9,84,0,0,2.23312e+07,21.879,21.879,21.879,21.879,0,0,0,0
08/30/2009 07:00,8,30,0,7,0,25,79,0,1.22297e+07,3.51813e+07,22.0008,22.0008,22.0008,16.8904,0,0.849848,0,6.55554e+07
08/30/2009 08:00,8,30,0,8,0,26.7,74,0,1.61719e+07,4.60707e+07,21.9638,21.9638,21.9638,16.8904,0,1.14861,0,8.77155e+07
08/30/2009 09:00,8,30,0,9,0,28.9,65,0,1.84981e+07,7.48621e+07,21.9179,21.9179,21.9179,16.8904,0,1.33884,0,1.013e+08
08/30/2009 10:00,8,30,0,10,0,31.1,57,0,1.88213e+07,7.52791e+07,21.902,21.902,21.902,16.8904,0,1.36646,0,1.03056e+08
08/30/2009 11:00,8,30,0,11,0,32.2,56,0,1.86592e+07,7.5071e+07,21.8986,21.8986,21.8986,16.8904,0,1.35319,0,1.01987e+08
08/30/2009 12:00,8,30,0,12,0,32.2,59,0,1.83235e+07,7.46415e+07,21.8961,21.8961,21.8961,16.8904,0,1.32564,0,9.98603e+07
08/30/2009 13:00,8,30,0,13,0,33.3,58,0,1.74434e+07,6.90941e+07,21.8951,21.8951,21.8951,16.8904,0,1.25325,0,9.43871e+07
08/30/2009 14:00,8,30,0,14,0,33.9,56,0,1.83284e+07,7.4649e+07,21.8857,21.8857,21.8857,16.8904,0,1.32635,0,9.9707e+07
08/30/2009 15:00,8,30,0,15,0,33.3,60,0,1.83727e+07,7.47041e+07,21.8839,21.8839,21.8839,16.8904,0,1.32937,0,9.98982e+07
08/30/2009 16:00,8,30,0,16,0,32.8,64,0,1.8336e+07,7.46555e+07,21.8876,21.8876,21.8876,16.8904,0,1.32582,0,9.9704e+07
08/30/2009 17:00,8,30,0,17,0,32.2,64,0,1.82058e+07,7.44872e+07,21.8918,21.8918,21.8918,16.8904,0,1.31444,0,9.89319e+07
08/30/2009 18:00,8,30,0,18,0,25.6,79,0,1.36932e+07,4.88569e+07,21.8934,21.8934,21.8934,16.8904,0,0.952565,0,7.17183e+07
08/30/2009 19:00,8,30,0,19,0,23.9,94,0,0,1.95021e+07,21.8912,21.8912,21.8912,21.8912,0,0,0,0
08/30/2009 20:00,8,30,0,20,0,23.3,97,0,0,2.28739e+07,21.8912,21.8912,21.8912,21.8912,0,0,0,0
08/30/2009 21:00,8,30,0,21,0,23.3,97,0,0,1.97521e+07,21.8912,21.8912,21.8912,21.8912,0,0,0,0
08/30/2009 22:00,8,30,0,22,0,23.3,97,0,0,1.97521e+07,21.8912,21.8912,21.8912,21.8912,0,0,0,0
08/30/2009 23:00,8,30,0,23,0,23.3,97,0,0,1.69425e+07,21.8912,21.8912,21.8912,21.8912,0,0,0,0
08/31/2009 00:00,8,31,1,0,0,23.3,97,0,0,1.53816e+07,21.8912,21.8912,21.8912,21.8912,0,0,0,0
08/31/2009 01:00,8,31,1,1,0,23.3,97,0,0,2.07703e+07,21.8912,21.8912,21.8912,21.8912,0,0,0,0
08/31/2009 02:00,8,31,1,2,0,23.3,97,0,0,2.07703e+07,21.8912,21.8912,21.8912,21.8912,0,0,0,0
08/31/2009 03:00,8,31,1,3,0,23.3,97,0,0,2.07703e+07,21.8912,21.8912,21.8912,21.8912,0,0,0,0
08/31/2009 04:00,8,31,1,4,0,23.3,97,0,0,2.07703e+07,21.8912,21.8912,21.8912,21.8912,0,0,0,0
08/31/2009 05:00,8,31,1,5,0,23.3,94,0,0,2.07703e+07,21.8912,21.8912,21.8912,21.8912,0,0,0,0
08/31/2009 06:00,8,31,1,6,0,23.3,94,0,0,2.23312e+07,21.8912,21.8912,21.8912,21.8912,0,0,0,0
08/31/2009 07:00,8,31,1,7,0,22.8,96,0,1.14909e+07,3.42516e+07,22.0587,22.0587,22.0587,16.8904,0,0.793525,0,6.19238e+07
08/31/2009 08:00,8,31,1,8,0,23.9,90,0,1.18851e+07,4.06406e+07,21.981,21.981,21.981,16.8904,0,0.811873,0,6.21951e+07
08/31/2009 09:00,8,31,1,9,0,25,84,0,1.62008e+07,7.19263e+07,21.9475,21.9475,21.9475,16.8904,0,1.15102,0,8.7596e+07
08/31/2009 10:00,8,31,1,10,0,26.1,82,0,1.61737e+07,7.18941e+07,21.9214,21.9214,21.9214,16.8904,0,1.14954,0,8.70317e+07
08/31/2009 11:00,8,31,1,11,0,26.7,82,0,1.58791e+07,7.15203e+07,21.9165,21.9165,21.9165,16.8904,0,1.12623,0,8.51844e+07
08/31/2009 12:00,8,31,1,12,0,29.4,72,0,1.63849e+07,7.21648e+07,21.9103,21.9103,21.9103,16.8904,0,1.16709,0,8.8166e+07
08/31/2009 13:00,8,31,1,13,0,30,70,0,1.60414e+07,6.73105e+07,21.9009,21.9009,21.9009,16.8904,0,1.1409,0,8.60267e+07
08/31/2009 14:00,8,31,1,14,0,30.6,65,0,1.70145e+07,7.29716e+07,21.8919,21.8919,21.8919,16.8904,0,1.21928,0,9.17721e+07
08/31/2009 15:00,8,31,1,15,0,31.1,61,0,1.76366e+07,7.37623e+07,21.8924,21.8924,21.8924,16.8904,0,1.26851,0,9.54865e+07
08/31/2009 16:00,8,31,1,16,0,31.7,61,0,1.73943e+07,7.34513e+07,21.8936,21.8936,21.8936,16.8904,0,1.24832,0,9.39885e+07
08/31/2009 17:00,8,31,1,17,0,32.2,58,0,1.70756e+07,7.3044e+07,21.896,21.896,21.896,16.8904,0,1.2223,0,9.2074e+07
08/31/2009 18:00,8,31,1,18,0,31.1,68,0,1.3349e+07,4.84221e+07,21.8943,21.8943,21.8943,16.8904,0,0.92562,0,6.97023e+07
08/31/2009 19:00,8,31,1,19,0,27.8,72,0,0,1.95021e+07,21.8901,21.8901,21.8901,21.8901,0,0,0,0
08/31/2009 20:00,8,31,1,20,0,23.9,84,0,0,2.28739e+07,21.8901,21.8901,21.8901,21.8901,0,0,0,0
08/31/2009 21:00,8,31,1,21,0,23.3,87,0,0,1.97521e+07,21.8901,21.8901,21.8901,21.8901,0,0,0,0
08/31/2009 22:00,8,31,1,22,0,23.4,93,0,0,1.97521e+07,21.8901,21.8901,21.8901,21.8901,0,0,0,0
08/31/2009 23:00,8,31,1,23,0,23.5,93,0,0,1.69425e+07,21.8901,21.8901,21.8901,21.8901,0,0,0,0
09/01/2009 00:00,9,1,2,0,0,23.6,93,0,0,1.53816e+07,21.8901,21.8901,21.8901,21.8901,0,0,0,0
09/01/2009 01:00,9,1,2,1,0,23.6,91,0,0,2.07703e+07,21.8901,21.8901,21.8901,21.8901,0,0,0,0
09/01/2009 02:00,9,1,2,2,0,23.7,94,0,0,2.07703e+07,21.8901,21.8901,21.8901,21.8901,0,0,0,0
09/01/2009 03:00,9,1,2,3,0,23.8,91,0,0,2.07703e+07,21.8901,21.8901,21.8901,21.8901,0,0,0,0
09/01/2009 04:00,9,1,2,4,0,23.9,94,0,0,2.07703e+07,21.8901,21.8901,21.8901,21.8901,0,0,0,0
09/01/2009 05:00,9,1,2,5,0,23.9,97,0,0,2.07703e+07,21.8901,21.8901,21.8901,21.8901,0,0,0,0
09/01/2009 06:00,9,1,2,6,0,24.4,94,0,0,2.23312e+07,21.8901,21.8901,21.8901,21.8901,0,0,0,0
09/01/2009 07:00,9,1,2,7,0,24.4,91,0,1.17935e+07,3.46269e+07,22.1284,22.1284,22.1284,16.8904,0,0.814897,0,6.44583e+07
09/01/2009 08:00,9,1,2,8,0,26.1,82,0,1.19881e+07,4.07664e+07,22.0401,22.0401,22.0401,16.8904,0,0.818389,0,6.34222e+07
09/01/2009 09:00,9,1,2,9,0,28.3,72,0,1.74801e+07,7.35536e+07,21.9879,21.9879,21.9879,16.8904,0,1.25306,0,9.61245e+07
09/01/2009 10:00,9,1,2,10,0,29.4,70,0,1.76055e+07,7.37168e+07,21.9576,21.9576,21.9576,16.8904,0,1.26434,0,9.64131e+07
09/01/2009 11:00,9,1,2,11,0,30,68,0,1.70645e+07,7.30283e+07,21.9306,21.9306,21.9306,16.8904,0,1.2211,0,9.26199e+07
09/01/2009 12:00,9,1,2,12,0,31.7,61,0,1.74319e+07,7.35036e+07,21.9151,21.9151,21.9151,16.8904,0,1.25308,0,9.47531e+07
09/01/2009 13:00,9,1,2,13,0,30.6,68,0,1.61879e+07,6.74919e+07,21.9094,21.9094,21.9094,16.8904,0,1.151,0,8.69349e+07
09/01/2009 14:00,9,1,2,14,0,31.1,61,0,1.68181e+07,7.27173e+07,21.9011,21.9011,21.9011,16.8904,0,1.20212,0,9.06456e+07
09/01/2009 15:00,9,1,2,15,0,31.1,59,0,1.67765e+07,7.26633e+07,21.9017,21.9017,21.9017,16.8904,0,1.19845,0,9.03796e+07
09/01/2009 16:00,9,1,2,16,0,30.6,57,0,1.72565e+07,7.32735e+07,21.9049,21.9049,21.9049,16.8904,0,1.2365,0,9.33098e+07
09/01/2009 17:00,9,1,2,17,0,30,61,0,1.68008e+07,7.2692e+07,21.9059,21.9059,21.9059,16.8904,0,1.19953,0,9.05363e+07
09/01/2009 18:00,9,1,2,18,0,28.9,67,0,1.27621e+07,4.76816e+07,21.9028,21.9028,21.9028,16.8904,0,0.880603,0,6.6424e+07
09/01/2009 19:00,9,1,2,19,0,28.3,72,0,0,1.95021e+07,21.899,21.899,21.899,21.899,0,0,0,0
09/01/2009 20:00,9,1,2,20,0,27.2,79,0,0,2.28739e+07,21.899,21.899,21.899,21.899,0,0,0,0
09/01/2009 21:00,9,1,2,21,0,26.1,82,0,0,1.97521e+07,21.899,21.899,21.899,21.899,0,0,0,0
09/01/2009 22:00,9,1,2,22,0,26.1,82,0,0,1.97521e+07,21.899,21.899,21.899,21.899,0,0,0,0
09/01/2009 23:00,9,1,2,23,0,25.6,88,0,0,1.69425e+07,21.899,21.899,21.899,21.899,0,0,0,0
09/02/2009 00:00,9,2,3,0,0,25.6,88,0,0,1.53816e+07,21.899,21.899,21.899,21.899,0,0,0,0
09/02/2009 01:00,9,2,3,1,0,25.6,88,0,0,1.42679e+07,21.899,21.899,21.899,21.899,0,0,0,0
09/02/2009 02:00,9,2,3,2,0,25,88,0,0,1.42679e+07,21.899,21.899,21.899,21.899,0,0,0,0
09/02/2009 03:00,9,2,3,3,0,24.4,91,0,0,1.42679e+07,21.899,21.899,21.899,21.899,0,0,0,0
09/02/2009 04:00,9,2,3,4,0,24.4,91,0,0,1.42679e+07,21.899,21.899,21.899,21.899,0,0,0,0
09/02/2009 05:00,9,2,3,5,0,24.4,91,0,0,1.42679e+07,21.899,21.899,21.899,21.899,0,0,0,0
09/02/2009 06:00,9,2,3,6,0,23.9,94,0,0,1.42679e+07,21.899,21.899,21.899,21.899,0,0,0,0
09/02/2009 07:00,9,2,3,7,0,23.9,97,0,0,1.20098e+07,21.899,21.899,21.899,21.899,0,0,0,0
09/02/2009 08:00,9,2,3,8,0,24.4,94,0,0,1.20098e+07,21.899,21.899,21.899,21.899,0,0,0,0
09/02/2009 09:00,9,2,3,9,0,25,91,0,0,1.20098e+07,21.899,21.899,21.899,21.899,0,0,0,0
09/02/2009 10:00,9,2,3,10,0,25.6,91,0,0,1.20098e+07,21.899,21.899,21.899,21.899,0,0,0,0
09/02/2009 11:00,9,2,3,11,0,26.1,88,0,0,1.20098e+07,21.899,21.899,21.899,21.899,0,0,0,0
09/02/2009 12:00,9,2,3,12,0,27.2,82,0,0,1.20098e+07,21.899,21.899,21.899,21.899,0,0,0,0
09/02/2009 13:00,9,2,3,13,0,27.8,79,0,0,1.20098e+07,21.899,21.899,21.899,21.899,0,0,0,0
09/02/2009 14:00,9,2,3,14,0,28.9,72,0,0,1.20098e+07,21.899,21.899,21.899,21.899,0,0,0,0
09/02/2009 15:00,9,2,3,15,0,29.4,72,0,0,1.20098e+07,21.899,21.899,21.899,21.899,0,0,0,0
09/02/2009 16:00,9,2,3,16,0,28.3,77,0,0,1.20098e+07,21.899,21.899,21.899,21.899,0,0,0,0
09/02/2009 17:00,9,2,3,17,0,26.7,88,0,0,1.20098e+07,21.899,21.899,21.899,21.899,0,0,0,0
09/02/2009 18:00,9,2,3,18,0,25.6,97,0,0,1.20098e+07,21.899,21.899,21.899,21.899,0,0,0,0
09/02/2009 19:00,9,2,3,19,0,25.6,94,0,0,1.20098e+07,21.899,21.899,21.899,21.899,0,0,0,0
09/02/2009 20:00,9,2,3,20,0,25,97,0,0,1.53816e+07,21.899,21.899,21.899,21.899,0,0,0,0
09/02/2009 21:00,9,2,3,21,0,25,97,0,0,1.53816e+07,21.899,21.899,21.899,21.899,0,0,0,0
09/02/2009 22:00,9,2,3,22,0,24.4,97,0,0,1.53816e+07,21.899,21.899,21.899,21.899,0,0,0,0
09/02/2009 23:00,9,2,3,23,0,23.9,100,0,0,1.53816e+07,21.899,21.899,21.899,21.899,0,0,0,0
09/03/2009 00:00,9,3,4,0,0,23.9,100,0,0,1.53816e+07,21.899,21.899,21.899,21.899,0,0,0,0
09/03/2009 01:00,9,3,4,1,0,23.9,97,0,0,1.42679e+07,21.899,21.899,21.899,21.899,0,0,0,0
09/03/2009 02:00,9,3,4,2,0,23.9,97,0,0,1.42679e+07,21.899,21.899,21.899,21.899,0,0,0,0
09/03/2009 03:00,9,3,4,3,0,23.9,97,0,0,1.42679e+07,21.899,21.899,21.899,21.899,0,0,0,0
09/03/2009 04:00,9,3,4,4,0,23.9,97,0,0,1.42679e+07,21.899,21.899,21.899,21.899,0,0,0,0
09/03/2009 05:00,9,3,4,5,0,23.9,97,0,0,1.42679e+07,21.899,21.899,21.899,21.899,0,0,0,0
09/03/2009 06:00,9,3,4,6,0,23.3,97,0,0,1.42679e+07,21.899,21.899,21.899,21.899,0,0,0,0
09/03/2009 07:00,9,3,4,7,0,23.3,97,0,0,1.20098e+07,21.899,21.899,21.899,21.899,0,0,0,0
09/03/2009 08:00,9,3,4,8,0,23.9,97,0,0,1.20098e+07,21.899,21.899,21.899,21.899,0,0,0,0
09/03/2009 09:00,9,3,4,9,0,24.4,94,0,0,1.20098e+07,21.899,21.899,21.899,21.899,0,0,0,0
09/03/2009 10:00,9,3,4,10,0,25.6,91,0,0,1.20098e+07,21.899,21.899,21.899,21.899,0,0,0,0
09/03/2009 11:00,9,3,4,11,0,26.1,85,0,0,1.20098e+07,21.899,21.899,21.899,21.899,0,0,0,0
09/03/2009 12:00,9,3,4,12,0,25.6,85,0,0,1.20098e+07,21.899,21.899,21.899,21.899,0,0,0,0
09/03/2009 13:00,9,3,4,13,0,26.1,82,0,0,1.20098e+07,21.899,21.899,21.899,21.899,0,0,0,0
09/03/2009 14:00,9,3,4,14,0,28.3,72,0,0,1.20098e+07,21.899,21.899,21.899,21.899,0,0,0,0
09/03/2009 15:00,9,3,4,15,0,27.8,74,0,0,1.20098e+07,21.899,21.899,21.899,21.899,0,0,0,0
09/03/2009 16:00,9,3,4,16,0,27.2,77,0,0,1.20098e+07,21.899,21.899,21.899,21.899,0,0,0,0
09/03/2009 17:00,9,3,4,17,0,26.7,79,0,0,1.20098e+07,21.899,21.899,21.899,21.899,0,0,0,0
09/03/2009 18:00,9,3,4,18,0,26.1,82,0,0,1.20098e+07,21.899,21.899,21.899,21.899,0,0,0,0
09/03/2009 19:00,9,3,4,19,0,25,88,0,0,1.20098e+07,21.899,21.899,21.899,21.899,0,0,0,0
09/03/2009 20:00,9,3,4,20,0,23.9,94,0,0,1.53816e+07,21.899,21.899,21.899,21.899,0,0,0,0
09/03/2009 21:00,9,3,4,21,0,23.3,94,0,0,1.53816e+07,21.899,21.899,21.899,21.899,0,0,0,0
09/03/2009 22:00,9,3,4,22,0,23.3,94,0,0,1.53816e+07,21.899,21.899,21.899,21.899,0,0,0,0
09/03/2009 23:00,9,3,4,23,0,22.8,97,0,0,1.53816e+07,21.899,21.899,21.899,21.899,0,0,0,0
09/04/2009 00:00,9,4,5,0,0,22.8,97,0,0,1.53816e+07,21.899,21.899,21.899,21.899,0,0,0,0
09/04/2009 01:00,9,4,5,1,0,22.8,94,0,0,2.07703e+07,21.899,21.899,21.899,21.899,0,0,0,0
09/04/2009 02:00,9,4,5,2,0,22.2,100,0,0,2.07703e+07,21.899,21.899,21.899,21.899,0,0,0,0
09/04/2009 03:00,9,4,5,3,0,22.8,100,0,0,2.07703e+07,21.899,21.899,21.899,21.899,0,0,0,0
09/04/2009 04:00,9,4,5,4,0,22.8,97,0,0,2.07703e+07,21.899,21.899,21.899,21.899,0,0,0,0
09/04/2009 05:00,9,4,5,5,0,22.8,97,0,0,2.07703e+07,21.899,21.899,21.899,21.899,0,0,0,0
09/04/2009 06:00,9,4,5,6,0,23.3,90,0,0,2.23312e+07,21.899,21.899,21.899,21.899,0,0,0,0
09/04/2009 07:00,9,4,5,7,0,23.3,90,0,1.37362e+07,3.70608e+07,22.2834,22.2834,22.2834,16.8904,0,0.959493,0,7.83671e+07
09/04/2009 08:00,9,4,5,8,0,24.4,85,0,1.33761e+07,4.25126e+07,22.111,22.111,22.111,16.8904,0,0.923802,0,7.25757e+07
09/04/2009 09:00,9,4,5,9,0,26.1,74,0,1.75268e+07,7.36085e+07,22.0323,22.0323,22.0323,16.8904,0,1.25568,0,9.71628e+07
09/04/2009 10:00,9,4,5,10,0,27.8,65,0,1.78076e+07,7.39736e+07,21.9871,21.9871,21.9871,16.8904,0,1.28053,0,9.82212e+07
09/04/2009 11:00,9,4,5,11,0,30,48,0,1.75408e+07,7.36388e+07,21.9441,21.9441,21.9441,16.8904,0,1.26076,0,9.58878e+07
09/04/2009 12:00,9,4,5,12,0,30.6,40,0,1.70434e+07,7.30108e+07,21.9182,21.9182,21.9182,16.8904,0,1.22257,0,9.25036e+07
09/04/2009 13:00,9,4,5,13,0,31.7,33,0,1.61497e+07,6.74511e+07,21.9065,21.9065,21.9065,16.8904,0,1.15058,0,8.68524e+07
09/04/2009 14:00,9,4,5,14,0,32.2,31,0,1.71677e+07,7.31701e+07,21.8931,21.8931,21.8931,16.8904,0,1.23271,0,9.28048e+07
09/04/2009 15:00,9,4,5,15,0,31.7,30,0,1.7769e+07,7.3933e+07,21.89,21.89,21.89,16.8904,0,1.27972,0,9.62833e+07
09/04/2009 16:00,9,4,5,16,0,31.7,29,0,1.79934e+07,7.42192e+07,21.8889,21.8889,21.8889,16.8904,0,1.2975,0,9.76003e+07
09/04/2009 17:00,9,4,5,17,0,31.1,28,0,1.77062e+07,7.38521e+07,21.8887,21.8887,21.8887,16.8904,0,1.2738,0,9.58136e+07
09/04/2009 18:00,9,4,5,18,0,29.4,30,0,1.38206e+07,4.90212e+07,21.8847,21.8847,21.8847,16.8904,0,0.962646,0,7.23514e+07
09/04/2009 19:00,9,4,5,19,0,27.2,33,0,0,1.95021e+07,21.8805,21.8805,21.8805,21.8805,0,0,0,0
09/04/2009 20:00,9,4,5,20,0,24.4,40,0,0,2.28739e+07,21.8805,21.8805,21.8805,21.8805,0,0,0,0
09/04/2009 21:00,9,4,5,21,0,23.3,45,0,0,1.97521e+07,21.8805,21.8805,21.8805,21.8805,0,0,0,0
09/04/2009 22:00,9,4,5,22,0,21.7,51,0,0,1.97521e+07,21.8805,21.8805,21.8805,21.8805,0,0,0,0
09/04/2009 23:00,9,4,5,23,0,20.6,55,0,0,1.69425e+07,21.8805,21.8805,21.8805,21.8805,0,0,0,0
09/05/2009 00:00,9,5,6,0,0,19.4,61,0,0,1.53816e+07,21.8805,21.8805,21.8805,21.8805,0,0,0,0
09/05/2009 01:00,9,5,6,1,0,18.3,68,0,0,2.07703e+07,21.8805,21.8805,21.8805,21.8805,0,0,0,0
09/05/2009 02:00,9,5,6,2,0,17.8,73,0,0,2.07703e+07,21.8805,21.8805,21.8805,21.8805,0,0,0,0
09/05/2009 03:00,9,5,6,3,0,17.8,73,0,0,2.07703e+07,21.8805,21.8805,21.8805,21.8805,0,0,0,0
09/05/2009 04:00,9,5,6,4,0,17.2,75,0,0,2.07703e+07,21.8805,21.8805,21.8805,21.8805,0,0,0,0
09/05/2009 05:00,9,5,6,5,0,16.7,78,0,0,2.07703e+07,21.8805,21.8805,21.8805,21.8805,0,0,0,0
09/05/2009 06:00,9,5,6,6,0,16.7,78,0,0,2.23312e+07,21.8805,21.8805,21.8805,21.8805,0,0,0,0
09/05/2009 07:00,9,5,6,7,0,18.9,70,0,8.25852e+06,3.0224e+07,21.9373,21.9373,21.9373,16.8904,0,0.559123,0,4.25222e+07
09/05/2009 08:00,9,5,6,8,0,22.8,57,0,1.15358e+07,4.02154e+07,21.9082,21.9082,21.9082,16.8904,0,0.789263,0,5.96049e+07
09/05/2009 09:00,9,5,6,9,0,26.1,38,0,1.51831e+07,7.06425e+07,21.8972,21.8972,21.8972,16.8904,0,1.07201,0,8.07722e+07
09/05/2009 10:00,9,5,6,10,0,28.3,41,0,1.60441e+07,7.17349e+07,21.8988,21.8988,21.8988,16.8904,0,1.14036,0,8.59489e+07
09/05/2009 11:00,9,5,6,11,0,28.9,37,0,1.59902e+07,7.16656e+07,21.8985,21.8985,21.8985,16.8904,0,1.13613,0,8.56261e+07
09/05/2009 12:00,9,5,6,12,0,30,35,0,1.59143e+07,7.15733e+07,21.898,21.898,21.898,16.8904,0,1.13157,0,8.52729e+07
09/05/2009 13:00,9,5,6,13,0,31.7,30,0,1.52024e+07,6.62474e+07,21.8923,21.8923,21.8923,16.8904,0,1.07489,0,8.09099e+07
09/05/2009 14:00,9,5,6,14,0,32.2,29,0,1.63768e+07,7.21618e+07,21.8866,21.8866,21.8866,16.8904,0,1.16853,0,8.78578e+07
09/05/2009 15:00,9,5,6,15,0,32.8,28,0,1.72814e+07,7.33095e+07,21.8887,21.8887,21.8887,16.8904,0,1.23954,0,9.32362e+07
09/05/2009 16:00,9,5,6,16,0,33.3,28,0,1.75771e+07,7.36863e+07,21.891,21.891,21.891,16.8904,0,1.26302,0,9.50462e+07
09/05/2009 17:00,9,5,6,17,0,32.2,28,0,1.73891e+07,7.34469e+07,21.8902,21.8902,21.8902,16.8904,0,1.24769,0,9.38778e+07
09/05/2009 18:00,9,5,6,18,0,31.1,30,0,1.36073e+07,4.87511e+07,21.8875,21.8875,21.8875,16.8904,0,0.945798,0,7.11242e+07
09/05/2009 19:00,9,5,6,19,0,28.3,36,0,0,1.95021e+07,21.8833,21.8833,21.8833,21.8833,0,0,0,0
09/05/2009 20:00,9,5,6,20,0,26.7,41,0,0,2.28739e+07,21.8833,21.8833,21.8833,21.8833,0,0,0,0
09/05/2009 21:00,9,5,6,21,0,25.6,44,0,0,1.97521e+07,21.8833,21.8833,21.8833,21.8833,0,0,0,0
09/05/2009 22:00,9,5,6,22,0,23.3,52,0,0,1.97521e+07,21.8833,21.8833,21.8833,21.8833,0,0,0,0
09/05/2009 23:00,9,5,6,23,0,21.7,59,0,0,1.69425e+07,21.8833,21.8833,21.8833,21.8833,0,0,0,0
09/06/2009 00:00,9,6,0,0,0,20,68,0,0,1.53816e+07,21.8833,21.8833,21.8833,21.8833,0,0,0,0
09/06/2009 01:00,9,6,0,1,0,18.9,76,0,0,2.07703e+07,21.8833,21.8833,21.8833,21.8833,0,0,0,0
09/06/2009 02:00,9,6,0,2,0,17.2,84,0,0,2.07703e+07,21.8833,21.8833,21.8833,21.8833,0,0,0,0
09/06/2009 03:00,9,6,0,3,0,16.7,84,0,0,2.07703e+07,21.8833,21.8833,21.8833,21.8833,0,0,0,0
09/06/2009 04:00,9,6,0,4,0,16.1,87,0,0,2.07703e+07,21.8833,21.8833,21.8833,21.8833,0,0,0,0
09/06/2009 05:00,9,6,0,5,0,17.2,81,0,0,2.07703e+07,21.8833,21.8833,21.8833,21.8833,0,0,0,0
09/06/2009 06:00,9,6,0,6,0,16.7,84,0,0,2.23312e+07,21.8833,21.8833,21.8833,21.8833,0,0,0,0
09/06/2009 07:00,9,6,0,7,0,18.3,78,0,7.73085e+06,2.95756e+07,21.9566,21.9566,21.9566,16.8904,0,0.523661,0,3.99917e+07
09/06/2009 08:00,9,6,0,8,0,22.8,64,0,1.12408e+07,3.98396e+07,21.9248,21.9248,21.9248,16.8904,0,0.765528,0,5.80051e+07
09/06/2009 09:00,9,6,0,9,0,27.2,51,0,1.50733e+07,7.04981e+07,21.9098,21.9098,21.9098,16.8904,0,1.06186,0,8.02086e+07
09/06/2009 10:00,9,6,0,10,0,28.9,43,0,1.60541e+07,7.17448e+07,21.9071,21.9071,21.9071,16.8904,0,1.14027,0,8.60855e+07
09/06/2009 11:00,9,6,0,11,0,28.9,37,0,1.59182e+07,7.15718e+07,21.904,21.904,21.904,16.8904,0,1.12962,0,8.52282e+07
09/06/2009 12:00,9,6,0,12,0,29.4,39,0,1.6054e+07,7.17486e+07,21.9007,21.9007,21.9007,16.8904,0,1.14191,0,8.60988e+07
09/06/2009 13:00,9,6,0,13,0,31.1,34,0,1.52718e+07,6.63336e+07,21.8956,21.8956,21.8956,16.8904,0,1.07973,0,8.13275e+07
09/06/2009 14:00,9,6,0,14,0,31.7,35,0,1.6314e+07,7.20787e+07,21.8871,21.8871,21.8871,16.8904,0,1.16243,0,8.74086e+07
09/06/2009 15:00,9,6,0,15,0,32.2,33,0,1.70715e+07,7.30404e+07,21.8887,21.8887,21.8887,16.8904,0,1.22215,0,9.19286e+07
09/06/2009 16:00,9,6,0,16,0,31.7,34,0,1.72543e+07,7.32729e+07,21.8891,21.8891,21.8891,16.8904,0,1.23645,0,9.30113e+07
09/06/2009 17:00,9,6,0,17,0,30.6,39,0,1.66351e+07,7.24818e+07,21.891,21.891,21.891,16.8904,0,1.186,0,8.92492e+07
09/06/2009 18:00,9,6,0,18,0,30,40,0,1.27932e+07,4.77209e+07,21.8896,21.8896,21.8896,16.8904,0,0.882571,0,6.63983e+07
09/06/2009 19:00,9,6,0,19,0,28.3,44,0,0,1.95021e+07,21.8858,21.8858,21.8858,21.8858,0,0,0,0
09/06/2009 20:00,9,6,0,20,0,26.1,52,0,0,2.28739e+07,21.8858,21.8858,21.8858,21.8858,0,0,0,0
09/06/2009 21:00,9,6,0,21,0,24.4,60,0,0,1.97521e+07,21.8858,21.8858,21.8858,21.8858,0,0,0,0
09/06/2009 22:00,9,6,0,22,0,22.8,66,0,0,1.97521e+07,21.8858,21.8858,21.8858,21.8858,0,0,0,0
09/06/2009 23:00,9,6,0,23,0,20.6,76,0,0,1.69425e+07,21.8858,21.8858,21.8858,21.8858,0,0,0,0
09/07/2009 00:00,9,7,1,0,0,20,78,0,0,1.53816e+07,21.8858,21.8858,21.8858,21.8858,0,0,0,0
09/07/2009 01:00,9,7,1,1,0,19.4,81,0,0,2.07703e+07,21.8858,21.8858,21.8858,21.8858,0,0,0,0
09/07/2009 02:00,9,7,1,2,0,18.9,84,0,0,2.07703e+07,21.8858,21.8858,21.8858,21.8858,0,0,0,0
09/07/2009 03:00,9,7,1,3,0,18.3,84,0,0,2.07703e+07,21.8858,21.8858,21.8858,21.8858,0,0,0,0
09/07/2009 04:00,9,7,1,4,0,18.3,87,0,0,2.07703e+07,21.8858,21.8858,21.8858,21.8858,0,0,0,0
09/07/2009 05:00,9,7,1,5,0,17.2,90,0,0,2.07703e+07,21.8858,21.8858,21.8858,21.8858,0,0,0,0
09/07/2009 06:00,9,7,1,6,0,16.7,93,0,0,2.23312e+07,21.8858,21.8858,21.8858,21.8858,0,0,0,0
09/07/2009 07:00,9,7,1,7,0,17.8,84,0,7.60359e+06,2.94176e+07,21.9837,21.9837,21.9837,16.8904,0,0.514453,0,3.95082e+07
09/07/2009 08:00,9,7,1,8,0,20.6,68,0,1.02363e+07,3.85829e+07,21.9451,21.9451,21.9451,16.8904,0,0.690769,0,5.2545e+07
09/07/2009 09:00,9,7,1,9,0,23.3,48,0,1.51194e+07,7.05592e+07,21.9248,21.9248,21.9248,16.8904,0,1.06619,0,8.07754e+07
09/07/2009 10:00,9,7,1,10,0,25.6,42,0,1.5698e+07,7.12932e+07,21.9169,21.9169,21.9169,16.8904,0,1.11211,0,8.41232e+07
09/07/2009 11:00,9,7,1,11,0,26.7,39,0,1.56127e+07,7.1184e+07,21.9108,21.9108,21.9108,16.8904,0,1.10539,0,8.35122e+07
09/07/2009 12:00,9,7,1,12,0,28.3,38,0,1.55724e+07,7.1137e+07,21.9069,21.9069,21.9069,16.8904,0,1.10371,0,8.33223e+07
09/07/2009 13:00,9,7,1,13,0,30.6,34,0,1.49165e+07,6.5884e+07,21.897,21.897,21.897,16.8904,0,1.05197,0,7.92604e+07
09/07/2009 14:00,9,7,1,14,0,31.1,33,0,1.60455e+07,7.17387e+07,21.8903,21.8903,21.8903,16.8904,0,1.14145,0,8.58857e+07
09/07/2009 15:00,9,7,1,15,0,31.1,34,0,1.68218e+07,7.27227e+07,21.8909,21.8909,21.8909,16.8904,0,1.20198,0,9.04504e+07
09/07/2009 16:00,9,7,1,16,0,31.7,33,0,1.72417e+07,7.32583e+07,21.8935,21.8935,21.8935,16.8904,0,1.23561,0,9.30309e+07
09/07/2009 17:00,9,7,1,17,0,30,37,0,1.6995e+07,7.29446e+07,21.8936,21.8936,21.8936,16.8904,0,1.21568,0,9.15316e+07
09/07/2009 18:00,9,7,1,18,0,28.9,38,0,1.32227e+07,4.82671e+07,21.8901,21.8901,21.8901,16.8904,0,0.916343,0,6.89448e+07
09/07/2009 19:00,9,7,1,19,0,26.7,49,0,0,1.95021e+07,21.8861,21.8861,21.8861,21.8861,0,0,0,0
09/07/2009 20:00,9,7,1,20,0,25,56,0,0,2.28739e+07,21.8861,21.8861,21.8861,21.8861,0,0,0,0
09/07/2009 21:00,9,7,1,21,0,22.8,64,0,0,1.97521e+07,21.8861,21.8861,21.8861,21.8861,0,0,0,0
09/07/2009 22:00,9,7,1,22,0,21.7,68,0,0,1.97521e+07,21.8861,21.8861,21.8861,21.8861,0,0,0,0
09/07/2009 23:00,9,7,1,23,0,21.1,64,0,0,1.69425e+07,21.8861,21.8861,21.8861,21.8861,0,0,0,0
09/08/2009 00:00,9,8,2,0,0,20.6,66,0,0,1.53816e+07,21.8861,21.8861,21.8861,21.8861,0,0,0,0
09/08/2009 01:00,9,8,2,1,0,19.4,68,0,0,2.07703e+07,21.8861,21.8861,21.8861,21.8861,0,0,0,0
09/08/2009 02:00,9,8,2,2,0,17.8,75,0,0,2.07703e+07,21.8861,21.8861,21.8861,21.8861,0,0,0,0
09/08/2009 03:00,9,8,2,3,0,16.7,81,0,0,2.07703e+07,21.8861,21.8861,21.8861,21.8861,0,0,0,0
09/08/2009 04:00,9,8,2,4,0,15.6,87,0,0,2.07703e+07,21.8861,21.8861,21.8861,21.8861,0,0,0,0
09/08/2009 05:00,9,8,2,5,0,15,90,0,0,2.07703e+07,21.8861,21.8861,21.8861,21.8861,0,0,0,0
09/08/2009 06:00,9,8,2,6,0,14.4,90,0,0,2.23312e+07,21.8861,21.8861,21.8861,21.8861,0,0,0,0
09/08/2009 07:00,9,8,2,7,0,16.1,84,0,6.577e+06,2.81446e+07,21.9672,21.9672,21.9672,16.8904,0,0.442073,0,3.38279e+07
09/08/2009 08:00,9,8,2,8,0,19.4,66,0,9.33707e+06,3.74555e+07,21.9318,21.9318,21.9318,16.8904,0,0.623635,0,4.73133e+07
09/08/2009 09:00,9,8,2,9,0,22.8,52,0,1.44179e+07,6.96682e+07,21.9166,21.9166,21.9166,16.8904,0,1.01035,0,7.64215e+07
09/08/2009 10:00,9,8,2,10,0,25.6,41,0,1.53382e+07,7.08352e+07,21.9116,21.9116,21.9116,16.8904,0,1.08318,0,8.18486e+07
09/08/2009 11:00,9,8,2,11,0,27.2,34,0,1.54925e+07,7.10315e+07,21.9073,21.9073,21.9073,16.8904,0,1.09585,0,8.27347e+07
09/08/2009 12:00,9,8,2,12,0,28.3,36,0,1.54092e+07,7.09298e+07,21.9044,21.9044,21.9044,16.8904,0,1.09069,0,8.22981e+07
09/08/2009 13:00,9,8,2,13,0,30,35,0,1.46734e+07,6.55746e+07,21.896,21.896,21.896,16.8904,0,1.03241,0,7.77701e+07
09/08/2009 14:00,9,8,2,14,0,31.1,33,0,1.59244e+07,7.15842e+07,21.8899,21.8899,21.8899,16.8904,0,1.13154,0,8.51325e+07
09/08/2009 15:00,9,8,2,15,0,32.2,29,0,1.68069e+07,7.27036e+07,21.8919,21.8919,21.8919,16.8904,0,1.20069,0,9.03713e+07
09/08/2009 16:00,9,8,2,16,0,33.3,27,0,1.7238e+07,7.32536e+07,21.8929,21.8929,21.8929,16.8904,0,1.23534,0,9.29985e+07
09/08/2009 17:00,9,8,2,17,0,31.7,32,0,1.68044e+07,7.26996e+07,21.893,21.893,21.893,16.8904,0,1.19986,0,9.03291e+07
09/08/2009 18:00,9,8,2,18,0,30,35,0,1.27525e+07,4.76707e+07,21.891,21.891,21.891,16.8904,0,0.879515,0,6.61858e+07
09/08/2009 19:00,9,8,2,19,0,27.2,42,0,0,1.95021e+07,21.887,21.887,21.887,21.887,0,0,0,0
09/08/2009 20:00,9,8,2,20,0,25.6,49,0,0,2.28739e+07,21.887,21.887,21.887,21.887,0,0,0,0
09/08/2009 21:00,9,8,2,21,0,21.7,64,0,0,1.97521e+07,21.887,21.887,21.887,21.887,0,0,0,0
09/08/2009 22:00,9,8,2,22,0,20.6,68,0,0,1.97521e+07,21.887,21.887,21.887,21.887,0,0,0,0
09/08/2009 23:00,9,8,2,23,0,20.6,68,0,0,1.69425e+07,21.887,21.887,21.887,21.887,0,0,0,0
09/09/2009 00:00,9,9,3,0,0,17.8,81,0,0,1.53816e+07,21.887,21.887,21.887,21.887,0,0,0,0
09/09/2009 01:00,9,9,3,1,0,17.2,84,0,0,1.42679e+07,21.887,21.887,21.887,21.887,0,0,0,0
09/09/2009 02:00,9,9,3,2,0,16.1,87,0,0,1.42679e+07,21.887,21.887,21.887,21.887,0,0,0,0
09/09/2009 03:00,9,9,3,3,0,15.6,87,0,0,1.42679e+07,21.887,21.887,21.887,21.887,0,0,0,0
09/09/2009 04:00,9,9,3,4,0,16.7,81,0,0,1.42679e+07,21.887,21.887,21.887,21.887,0,0,0,0
09/09/2009 05:00,9,9,3,5,0,15.6,87,0,0,1.42679e+07,21.887,21.887,21.887,21.887,0,0,0,0
09/09/2009 06:00,9,9,3,6,0,15.6,87,0,0,1.42679e+07,21.887,21.887,21.887,21.887,0,0,0,0
09/09/2009 07:00,9,9,3,7,0,17.2,81,0,0,1.20098e+07,21.887,21.887,21.887,21.887,0,0,0,0
09/09/2009 08:00,9,9,3,8,0,21.1,66,0,0,1.20098e+07,21.887,21.887,21.887,21.887,0,0,0,0
09/09/2009 09:00,9,9,3,9,0,25.6,50,0,0,1.20098e+07,21.887,21.887,21.887,21.887,0,0,0,0
09/09/2009 10:00,9,9,3,10,0,27.8,43,0,0,1.20098e+07,21.887,21.887,21.887,21.887,0,0,0,0
09/09/2009 11:00,9,9,3,11,0,29.4,37,0,0,1.20098e+07,21.887,21.887,21.887,21.887,0,0,0,0
09/09/2009 12:00,9,9,3,12,0,30.6,35,0,0,1.20098e+07,21.887,21.887,21.887,21.887,0,0,0,0
09/09/2009 13:00,9,9,3,13,0,31.7,32,0,0,1.20098e+07,21.887,21.887,21.887,21.887,0,0,0,0
09/09/2009 14:00,9,9,3,14,0,33.3,29,0,0,1.20098e+07,21.887,21.887,21.887,21.887,0,0,0,0
09/09/2009 15:00,9,9,3,15,0,33.9,24,0,33054.6,1.20458e+07,21.8903,21.8903,21.8903,19.8898,0,0.000870764,0,65521.4
09/09/2009 16:00,9,9,3,16,0,33.9,23,0,468917,1.2572e+07,21.9768,21.9768,21.9768,16.8904,0,0.0271491,0,2.0781e+06
09/09/2009 17:00,9,9,3,17,0,33.3,23,0,549239,1.26705e+07,22.0778,22.0778,22.0778,16.8904,0,0.0324417,0,2.53249e+06
09/09/2009 18:00,9,9,3,18,0,32.2,25,0,236291,1.22874e+07,22.1109,22.1109,22.1109,16.8904,0,0.0120176,0,944112
09/09/2009 19:00,9,9,3,19,0,28.3,36,0,0,1.20098e+07,22.1158,22.1158,22.1158,22.1158,0,0,0,0
09/09/2009 20:00,9,9,3,20,0,25.6,44,0,0,1.53816e+07,22.1158,22.1158,22.1158,22.1158,0,0,0,0
09/09/2009 21:00,9,9,3,21,0,23.3,50,0,0,1.53816e+07,22.1158,22.1158,22.1158,22.1158,0,0,0,0
09/09/2009 22:00,9,9,3,22,0,21.1,59,0,0,1.53816e+07,22.1158,22.1158,22.1158,22.1158,0,0,0,0
09/09/2009 23:00,9,9,3,23,0,21.1,59,0,0,1.53816e+07,22.1158,22.1158,22.1158,22.1158,0,0,0,0
09/10/2009 00:00,9,10,4,0,0,20.6,59,0,0,1.53816e+07,22.1158,22.1158,22.1158,22.1158,0,0,0,0
09/10/2009 01:00,9,10,4,1,0,19.4,63,0,0,1.42679e+07,22.1158,22.1158,22.1158,22.1158,0,0,0,0
09/10/2009 02:00,9,10,4,2,0,17.2,73,0,0,1.42679e+07,22.1158,22.1158,22.1158,22.1158,0,0,0,0
09/10/2009 03:00,9,10,4,3,0,18.9,68,0,0,1.42679e+07,22.1158,22.1158,22.1158,22.1158,0,0,0,0
09/10/2009 04:00,9,10,4,4,0,16.7,78,0,0,1.42679e+07,22.1158,22.1158,22.1158,22.1158,0,0,0,0
09/10/2009 05:00,9,10,4,5,0,16.1,87,0,0,1.42679e+07,22.1158,22.1158,22.1158,22.1158,0,0,0,0
09/10/2009 06:00,9,10,4,6,0,15.6,87,0,0,1.42679e+07,22.1158,22.1158,22.1158,22.1158,0,0,0,0
09/10/2009 07:00,9,10,4,7,0,16.7,87,0,0,1.20098e+07,22.1158,22.1158,22.1158,22.1158,0,0,0,0
09/10/2009 08:00,9,10,4,8,0,21.7,68,0,90671.2,1.21148e+07,22.1168,22.1168,22.1168,19.2128,0,0.00421437,0,331522
09/10/2009 09:00,9,10,4,9,0,26.7,51,0,0,1.20098e+07,22.1199,22.1199,22.1199,22.1199,0,0,0,0
09/10/2009 10:00,9,10,4,10,0,29.4,39,0,93581.2,1.21165e+07,22.1215,22.1215,22.1215,18.1978,0,0.00383136,0,301620
09/10/2009 11:00,9,10,4,11,0,30.6,35,0,0,1.20098e+07,22.1237,22.1237,22.1237,22.1237,0,0,0,0
09/10/2009 12:00,9,10,4,12,0,32.2,29,0,0,1.20098e+07,22.1237,22.1237,22.1237,22.1237,0,0,0,0
09/10/2009 13:00,9,10,4,13,0,33.9,28,0,0,1.20098e+07,22.1237,22.1237,22.1237,22.1237,0,0,0,0
09/10/2009 14:00,9,10,4,14,0,35,29,0,0,1.20098e+07,22.1237,22.1237,22.1237,22.1237,0,0,0,0
09/10/2009 15:00,9,10,4,15,0,35,31,0,202018,1.22483e+07,22.1265,22.1265,22.1265,18.1987,0,0.0106153,0,836507
09/10/2009 16:00,9,10,4,16,0,34.4,32,0,393054,1.2479e+07,22.1387,22.1387,22.1387,16.8904,0,0.0221753,0,1.75138e+06
09/10/2009 17:00,9,10,4,17,0,34.4,33,0,66875.8,1.20807e+07,22.145,22.145,22.145,16.8904,0,0.00117148,0,92636.2
09/10/2009 18:00,9,10,4,18,0,32.8,37,0,0,1.20098e+07,22.1455,22.1455,22.1455,22.1455,0,0,0,0
09/10/2009 19:00,9,10,4,19,0,29.4,45,0,0,1.20098e+07,22.1455,22.1455,22.1455,22.1455,0,0,0,0
09/10/2009 20:00,9,10,4,20,0,27.8,53,0,0,1.53816e+07,22.1455,22.1455,22.1455,22.1455,0,0,0,0
09/10/2009 21:00,9,10,4,21,0,27.2,54,0,0,1.53816e+07,22.1455,22.1455,22.1455,22.1455,0,0,0,0
09/10/2009 22:00,9,10,4,22,0,27.2,53,0,0,1.53816e+07,22.1455,22.1455,22.1455,22.1455,0,0,0,0
09/10/2009 23:00,9,10,4,23,0,25.6,64,0,0,1.53816e+07,22.1455,22.1455,22.1455,22.1455,0,0,0,0
09/11/2009 00:00,9,11,5,0,0,24.4,71,0,0,1.53816e+07,22.1455,22.1455,22.1455,22.1455,0,0,0,0
09/11/2009 01:00,9,11,5,1,0,23.9,74,0,0,2.07703e+07,22.1455,22.1455,22.1455,22.1455,0,0,0,0
09/11/2009 02:00,9,11,5,2,0,23.3,76,0,0,2.07703e+07,22.1455,22.1455,22.1455,22.1455,0,0,0,0
09/11/2009 03:00,9,11,5,3,0,21.1,87,0,0,2.07703e+07,22.1455,22.1455,22.1455,22.1455,0,0,0,0
09/11/2009 04:00,9,11,5,4,0,20.6,90,0,0,2.07703e+07,22.1455,22.1455,22.1455,22.1455,0,0,0,0
09/11/2009 05:00,9,11,5,5,0,21.1,87,0,0,2.07703e+07,22.1455,22.1455,22.1455,22.1455,0,0,0,0
09/11/2009 06:00,9,11,5,6,0,21.7,90,0,0,2.23312e+07,22.1455,22.1455,22.1455,22.1455,0,0,0,0
09/11/2009 07:00,9,11,5,7,0,22.2,87,0,1.14729e+07,3.42329e+07,22.035,22.035,22.035,16.8904,0,0.793319,0,6.16978e+07
09/11/2009 08:00,9,11,5,8,0,24.4,82,0,1.34793e+07,4.26592e+07,21.9535,21.9535,21.9535,16.8904,0,0.936493,0,7.13544e+07
09/11/2009 09:00,9,11,5,9,0,26.7,72,0,1.78098e+07,7.39855e+07,21.9255,21.9255,21.9255,16.8904,0,1.28316,0,9.72285e+07
09/11/2009 10:00,9,11,5,10,0,28.3,65,0,1.81384e+07,7.44061e+07,21.9129,21.9129,21.9129,16.8904,0,1.31048,0,9.90488e+07
09/11/2009 11:00,9,11,5,11,0,30.6,55,0,1.80168e+07,7.42507e+07,21.9046,21.9046,21.9046,16.8904,0,1.30078,0,9.81544e+07
09/11/2009 12:00,9,11,5,12,0,31.7,52,0,1.78187e+07,7.40008e+07,21.9002,21.9002,21.9002,16.8904,0,1.28575,0,9.69338e+07
09/11/2009 13:00,9,11,5,13,0,33.3,41,0,1.70523e+07,6.8601e+07,21.8954,21.8954,21.8954,16.8904,0,1.22336,0,9.21437e+07
09/11/2009 14:00,9,11,5,14,0,33.9,36,0,1.80879e+07,7.4346e+07,21.884,21.884,21.884,16.8904,0,1.30799,0,9.82921e+07
09/11/2009 15:00,9,11,5,15,0,33.9,40,0,1.86052e+07,7.50022e+07,21.8857,21.8857,21.8857,16.8904,0,1.34846,0,1.01369e+08
09/11/2009 16:00,9,11,5,16,0,33.9,41,0,1.87155e+07,7.51417e+07,21.8876,21.8876,21.8876,16.8904,0,1.35667,0,1.02024e+08
09/11/2009 17:00,9,11,5,17,0,32.2,47,0,1.83688e+07,7.46971e+07,21.8901,21.8901,21.8901,16.8904,0,1.32769,0,9.98939e+07
09/11/2009 18:00,9,11,5,18,0,31.1,50,0,1.4671e+07,5.00961e+07,21.8898,21.8898,21.8898,16.8904,0,1.02879,0,7.74014e+07
09/11/2009 19:00,9,11,5,19,0,28.9,59,0,0,2.28739e+07,21.8869,21.8869,21.8869,21.8869,0,0,0,0
09/11/2009 20:00,9,11,5,20,0,27.2,69,0,0,2.28739e+07,21.8869,21.8869,21.8869,21.8869,0,0,0,0
09/11/2009 21:00,9,11,5,21,0,26.1,77,0,0,1.97521e+07,21.8869,21.8869,21.8869,21.8869,0,0,0,0
09/11/2009 22:00,9,11,5,22,0,25.6,82,0,0,1.97521e+07,21.8869,21.8869,21.8869,21.8869,0,0,0,0
09/11/2009 23:00,9,11,5,23,0,25,88,0,0,1.69425e+07,21.8869,21.8869,21.8869,21.8869,0,0,0,0
09/12/2009 00:00,9,12,6,0,0,23.3,94,0,0,1.53816e+07,21.8869,21.8869,21.8869,21.8869,0,0,0,0
09/12/2009 01:00,9,12,6,1,0,23.3,94,0,0,2.07703e+07,21.8869,21.8869,21.8869,21.8869,0,0,0,0
09/12/2009 02:00,9,12,6,2,0,23.3,94,0,0,2.07703e+07,21.8869,21.8869,21.8869,21.8869,0,0,0,0
09/12/2009 03:00,9,12,6,3,0,23.3,97,0,0,2.07703e+07,21.8869,21.8869,21.8869,21.8869,0,0,0,0
09/12/2009 04:00,9,12,6,4,0,22.8,97,0,0,2.07703e+07,21.8869,21.8869,21.8869,21.8869,0,0,0,0
09/12/2009 05:00,9,12,6,5,0,22.8,97,0,0,2.07703e+07,21.8869,21.8869,21.8869,21.8869,0,0,0,0
09/12/2009 06:00,9,12,6,6,0,22.8,100,0,0,2.23312e+07,21.8869,21.8869,21.8869,21.8869,0,0,0,0
09/12/2009 07:00,9,12,6,7,0,23.9,100,0,1.21029e+07,3.50132e+07,22.1259,22.1259,22.1259,16.8904,0,0.837526,0,6.6221e+07
09/12/2009 08:00,9,12,6,8,0,25,71,0,1.23866e+07,4.12678e+07,22.0348,22.0348,22.0348,16.8904,0,0.848732,0,6.57051e+07
09/12/2009 09:00,9,12,6,9,0,27.8,85,0,1.72387e+07,7.32441e+07,21.9826,21.9826,21.9826,16.8904,0,1.23326,0,9.4507e+07
09/12/2009 10:00,9,12,6,10,0,30.6,72,0,1.7764e+07,7.39184e+07,21.954,21.954,21.954,16.8904,0,1.27712,0,9.73194e+07
09/12/2009 11:00,9,12,6,11,0,31.7,66,0,1.76777e+07,7.38122e+07,21.9287,21.9287,21.9287,16.8904,0,1.27138,0,9.63973e+07
09/12/2009 12:00,9,12,6,12,0,30.6,68,0,1.65411e+07,7.23636e+07,21.9163,21.9163,21.9163,16.8904,0,1.17965,0,8.92205e+07
09/12/2009 13:00,9,12,6,13,0,32.8,56,0,1.63109e+07,6.76482e+07,21.9124,21.9124,21.9124,16.8904,0,1.16084,0,8.77305e+07
09/12/2009 14:00,9,12,6,14,0,28.3,67,0,1.62345e+07,7.19741e+07,21.9019,21.9019,21.9019,16.8904,0,1.15521,0,8.71226e+07
09/12/2009 15:00,9,12,6,15,0,25,91,0,1.60575e+07,7.17477e+07,21.8997,21.8997,21.8997,16.8904,0,1.14045,0,8.59718e+07
09/12/2009 16:00,9,12,6,16,0,27.2,85,0,1.69792e+07,7.29198e+07,21.9027,21.9027,21.9027,16.8904,0,1.21397,0,9.15676e+07
09/12/2009 17:00,9,12,6,17,0,30.6,70,0,1.66333e+07,7.24792e+07,21.9028,21.9028,21.9028,16.8904,0,1.18623,0,8.94788e+07
09/12/2009 18:00,9,12,6,18,0,29.4,75,0,1.27481e+07,4.76636e+07,21.9031,21.9031,21.9031,16.8904,0,0.879355,0,6.63347e+07
09/12/2009 19:00,9,12,6,19,0,28.3,80,0,0,2.28739e+07,21.9031,21.9031,21.9031,21.9031,0,0,0,0
09/12/2009 20:00,9,12,6,20,0,27.2,85,0,0,2.28739e+07,21.9031,21.9031,21.9031,21.9031,0,0,0,0
09/12/2009 21:00,9,12,6,21,0,27.2,88,0,0,1.97521e+07,21.9031,21.9031,21.9031,21.9031,0,0,0,0
09/12/2009 22:00,9,12,6,22,0,26.1,94,0,0,1.97521e+07,21.9031,21.9031,21.9031,21.9031,0,0,0,0
09/12/2009 23:00,9,12,6,23,0,26.1,91,0,0,1.69425e+07,21.9031,21.9031,21.9031,21.9031,0,0,0,0
09/13/2009 00:00,9,13,0,0,0,25,97,0,0,1.53816e+07,21.9031,21.9031,21.9031,21.9031,0,0,0,0
09/13/2009 01:00,9,13,0,1,0,25,97,0,0,2.07703e+07,21.9031,21.9031,21.9031,21.9031,0,0,0,0
09/13/2009 02:00,9,13,0,2,0,24.4,97,0,0,2.07703e+07,21.9031,21.9031,21.9031,21.9031,0,0,0,0
09/13/2009 03:00,9,13,0,3,0,23.9,100,0,0,2.07703e+07,21.9031,21.9031,21.9031,21.9031,0,0,0,0
09/13/2009 04:00,9,13,0,4,0,23.9,97,0,0,2.07703e+07,21.9031,21.9031,21.9031,21.9031,0,0,0,0
09/13/2009 05:00,9,13,0,5,0,23.3,100,0,0,2.07703e+07,21.9031,21.9031,21.9031,21.9031,0,0,0,0
09/13/2009 06:00,9,13,0,6,0,23.3,100,0,0,2.23312e+07,21.9031,21.9031,21.9031,21.9031,0,0,0,0
09/13/2009 07:00,9,13,0,7,0,23.9,100,0,1.20184e+07,3.49071e+07,22.1444,22.1444,22.1444,16.8904,0,0.831117,0,6.59591e+07
09/13/2009 08:00,9,13,0,8,0,24.4,100,0,1.14232e+07,4.00571e+07,22.0436,22.0436,22.0436,16.8904,0,0.775978,0,6.01758e+07
09/13/2009 09:00,9,13,0,9,0,26.1,94,0,1.63829e+07,7.21534e+07,21.9938,21.9938,21.9938,16.8904,0,1.16416,0,8.94069e+07
09/13/2009 10:00,9,13,0,10,0,29.4,72,0,1.71896e+07,7.31862e+07,21.949,21.949,21.949,16.8904,0,1.23055,0,9.36766e+07
09/13/2009 11:00,9,13,0,11,0,31.7,61,0,1.74024e+07,7.34613e+07,21.9328,21.9328,21.9328,16.8904,0,1.2491,0,9.47853e+07
09/13/2009 12:00,9,13,0,12,0,32.2,54,0,1.71366e+07,7.31259e+07,21.9156,21.9156,21.9156,16.8904,0,1.2288,0,9.29262e+07
09/13/2009 13:00,9,13,0,13,0,33.3,50,0,1.6502e+07,6.78978e+07,21.9052,21.9052,21.9052,16.8904,0,1.17819,0,8.89135e+07
09/13/2009 14:00,9,13,0,14,0,34.4,46,0,1.74729e+07,7.35587e+07,21.8921,21.8921,21.8921,16.8904,0,1.25717,0,9.46266e+07
09/13/2009 15:00,9,13,0,15,0,33.9,46,0,1.78745e+07,7.40669e+07,21.8911,21.8911,21.8911,16.8904,0,1.28812,0,9.69365e+07
09/13/2009 16:00,9,13,0,16,0,33.9,46,0,1.79794e+07,7.41997e+07,21.8921,21.8921,21.8921,16.8904,0,1.29601,0,9.75509e+07
09/13/2009 17:00,9,13,0,17,0,32.8,56,0,1.74779e+07,7.35571e+07,21.8954,21.8954,21.8954,16.8904,0,1.25465,0,9.44992e+07
09/13/2009 18:00,9,13,0,18,0,30.6,65,0,1.38193e+07,4.90169e+07,21.8961,21.8961,21.8961,16.8904,0,0.961979,0,7.24654e+07
09/13/2009 19:00,9,13,0,19,0,28.9,72,0,0,2.28739e+07,21.8938,21.8938,21.8938,21.8938,0,0,0,0
09/13/2009 20:00,9,13,0,20,0,28.3,72,0,0,2.28739e+07,21.8938,21.8938,21.8938,21.8938,0,0,0,0
09/13/2009 21:00,9,13,0,21,0,27.8,74,0,0,1.97521e+07,21.8938,21.8938,21.8938,21.8938,0,0,0,0
09/13/2009 22:00,9,13,0,22,0,27.2,77,0,0,1.97521e+07,21.8938,21.8938,21.8938,21.8938,0,0,0,0
09/13/2009 23:00,9,13,0,23,0,26.1,82,0,0,1.69425e+07,21.8938,21.8938,21.8938,21.8938,0,0,0,0
09/14/2009 00:00,9,14,1,0,0,25,88,0,0,1.53816e+07,21.8938,21.8938,21.8938,21.8938,0,0,0,0
09/14/2009 01:00,9,14,1,1,0,24.4,91,0,0,2.07703e+07,21.8938,21.8938,21.8938,21.8938,0,0,0,0
09/14/2009 02:00,9,14,1,2,0,23.3,94,0,0,2.07703e+07,21.8938,21.8938,21.8938,21.8938,0,0,0,0
09/14/2009 03:00,9,14,1,3,0,22.8,94,0,0,2.07703e+07,21.8938,21.8938,21.8938,21.8938,0,0,0,0
09/14/2009 04:00,9,14,1,4,0,22.2,97,0,0,2.07703e+07,21.8938,21.8938,21.8938,21.8938,0,0,0,0
09/14/2009 05:00,9,14,1,5,0,22.2,97,0,0,2.07703e+07,21.8938,21.8938,21.8938,21.8938,0,0,0,0
09/14/2009 06:00,9,14,1,6,0,22.2,97,0,0,2.23312e+07,21.8938,21.8938,21.8938,21.8938,0,0,0,0
09/14/2009 07:00,9,14,1,7,0,22.8,97,0,1.13944e+07,3.41296e+07,22.0606,22.0606,22.0606,16.8904,0,0.785687,0,6.13215e+07
09/14/2009 08:00,9,14,1,8,0,25.6,88,0,1.25769e+07,4.15167e+07,21.9865,21.9865,21.9865,16.8904,0,0.865637,0,6.63856e+07
09/14/2009 09:00,9,14,1,9,0,28.9,72,0,1.72622e+07,7.32827e+07,21.9456,21.9456,21.9456,16.8904,0,1.2373,0,9.41276e+07
09/14/2009 10:00,9,14,1,10,0,31.1,57,0,1.77015e+07,7.38448e+07,21.9245,21.9245,21.9245,16.8904,0,1.27368,0,9.64911e+07
09/14/2009 11:00,9,14,1,11,0,31.7,50,0,1.75395e+07,7.36388e+07,21.9108,21.9108,21.9108,16.8904,0,1.26103,0,9.52721e+07
09/14/2009 12:00,9,14,1,12,0,33.3,46,0,1.73882e+07,7.34498e+07,21.9028,21.9028,21.9028,16.8904,0,1.25015,0,9.4299e+07
09/14/2009 13:00,9,14,1,13,0,34.4,40,0,1.65664e+07,6.7981e+07,21.8969,21.8969,21.8969,16.8904,0,1.18375,0,8.91859e+07
09/14/2009 14:00,9,14,1,14,0,35.6,35,0,1.77496e+07,7.39118e+07,21.8872,21.8872,21.8872,16.8904,0,1.27962,0,9.62228e+07
09/14/2009 15:00,9,14,1,15,0,35.6,34,0,1.85409e+07,7.49205e+07,21.8888,21.8888,21.8888,16.8904,0,1.34307,0,1.01025e+08
09/14/2009 16:00,9,14,1,16,0,35,35,0,1.84468e+07,7.47979e+07,21.8878,21.8878,21.8878,16.8904,0,1.33448,0,1.00359e+08
09/14/2009 17:00,9,14,1,17,0,34.4,37,0,1.8347e+07,7.46704e+07,21.889,21.889,21.889,16.8904,0,1.32607,0,9.97516e+07
09/14/2009 18:00,9,14,1,18,0,33.3,42,0,1.43642e+07,4.97068e+07,21.8861,21.8861,21.8861,16.8904,0,1.00463,0,7.5527e+07
09/14/2009 19:00,9,14,1,19,0,31.7,50,0,0,2.28739e+07,21.8829,21.8829,21.8829,21.8829,0,0,0,0
09/14/2009 20:00,9,14,1,20,0,30,57,0,0,2.28739e+07,21.8829,21.8829,21.8829,21.8829,0,0,0,0
09/14/2009 21:00,9,14,1,21,0,28.3,65,0,0,1.97521e+07,21.8829,21.8829,21.8829,21.8829,0,0,0,0
09/14/2009 22:00,9,14,1,22,0,26.7,74,0,0,1.97521e+07,21.8829,21.8829,21.8829,21.8829,0,0,0,0
09/14/2009 23:00,9,14,1,23,0,25.6,79,0,0,1.69425e+07,21.8829,21.8829,21.8829,21.8829,0,0,0,0
09/15/2009 00:00,9,15,2,0,0,23.9,87,0,0,1.53816e+07,21.8829,21.8829,21.8829,21.8829,0,0,0,0
09/15/2009 01:00,9,15,2,1,0,23.9,85,0,0,2.07703e+07,21.8829,21.8829,21.8829,21.8829,0,0,0,0
09/15/2009 02:00,9,15,2,2,0,23.9,85,0,0,2.07703e+07,21.8829,21.8829,21.8829,21.8829,0,0,0,0
09/15/2009 03:00,9,15,2,3,0,22.8,90,0,0,2.07703e+07,21.8829,21.8829,21.8829,21.8829,0,0,0,0
09/15/2009 04:00,9,15,2,4,0,22.8,90,0,0,2.07703e+07,21.8829,21.8829,21.8829,21.8829,0,0,0,0
09/15/2009 05:00,9,15,2,5,0,22.8,90,0,0,2.07703e+07,21.8829,21.8829,21.8829,21.8829,0,0,0,0
09/15/2009 06:00,9,15,2,6,0,22.8,90,0,0,2.23312e+07,21.8829,21.8829,21.8829,21.8829,0,0,0,0
09/15/2009 07:00,9,15,2,7,0,23.3,90,0,1.19115e+07,3.47748e+07,22.0706,22.0706,22.0706,16.8904,0,0.823493,0,6.43944e+07
09/15/2009 08:00,9,15,2,8,0,23.9,90,0,1.27378e+07,4.17163e+07,21.9921,21.9921,21.9921,16.8904,0,0.87715,0,6.73427e+07
09/15/2009 09:00,9,15,2,9,0,28.3,70,0,1.76213e+07,7.37374e+07,21.9543,21.9543,21.9543,16.8904,0,1.26562,0,9.64473e+07
09/15/2009 10:00,9,15,2,10,0,30.6,61,0,1.78949e+07,7.40889e+07,21.9354,21.9354,21.9354,16.8904,0,1.28873,0,9.78429e+07
09/15/2009 11:00,9,15,2,11,0,32.8,50,0,1.74421e+07,7.35107e+07,21.9204,21.9204,21.9204,16.8904,0,1.25195,0,9.47665e+07
09/15/2009 12:00,9,15,2,12,0,32.2,50,0,1.70364e+07,7.29935e+07,21.9137,21.9137,21.9137,16.8904,0,1.21916,0,9.2161e+07
09/15/2009 13:00,9,15,2,13,0,32.2,52,0,1.61229e+07,6.74071e+07,21.9103,21.9103,21.9103,16.8904,0,1.14512,0,8.65059e+07
09/15/2009 14:00,9,15,2,14,0,32.8,52,0,1.73905e+07,7.34472e+07,21.9006,21.9006,21.9006,16.8904,0,1.24843,0,9.41283e+07
09/15/2009 15:00,9,15,2,15,0,28.3,67,0,1.62212e+07,7.1956e+07,21.9004,21.9004,21.9004,16.8904,0,1.15373,0,8.69859e+07
09/15/2009 16:00,9,15,2,16,0,25.6,94,0,1.57105e+07,7.13064e+07,21.907,21.907,21.907,16.8904,0,1.11285,0,8.40131e+07
09/15/2009 17:00,9,15,2,17,0,26.7,91,0,1.60388e+07,7.1723e+07,21.9088,21.9088,21.9088,16.8904,0,1.1388,0,8.60026e+07
09/15/2009 18:00,9,15,2,18,0,25.6,85,0,1.21748e+07,4.69418e+07,21.9098,21.9098,21.9098,16.8904,0,0.835799,0,6.31323e+07
09/15/2009 19:00,9,15,2,19,0,24.4,94,0,0,2.28739e+07,21.9098,21.9098,21.9098,21.9098,0,0,0,0
09/15/2009 20:00,9,15,2,20,0,24.4,94,0,0,2.28739e+07,21.9098,21.9098,21.9098,21.9098,0,0,0,0
09/15/2009 21:00,9,15,2,21,0,23.9,94,0,0,1.97521e+07,21.9098,21.9098,21.9098,21.9098,0,0,0,0
09/15/2009 22:00,9,15,2,22,0,23.9,94,0,0,1.97521e+07,21.9098,21.9098,21.9098,21.9098,0,0,0,0
09/15/2009 23:00,9,15,2,23,0,24.4,94,0,0,1.69425e+07,21.9098,21.9098,21.9098,21.9098,0,0,0,0
09/16/2009 00:00,9,16,3,0,0,24.4,94,0,0,1.53816e+07,21.9098,21.9098,21.9098,21.9098,0,0,0,0
09/16/2009 01:00,9,16,3,1,0,25,91,0,0,1.42679e+07,21.9098,21.9098,21.9098,21.9098,0,0,0,0
09/16/2009 02:00,9,16,3,2,0,25,94,0,0,1.42679e+07,21.9098,21.9098,21.9098,21.9098,0,0,0,0
09/16/2009 03:00,9,16,3,3,0,25,94,0,0,1.42679e+07,21.9098,21.9098,21.9098,21.9098,0,0,0,0
09/16/2009 04:00,9,16,3,4,0,25.6,91,0,0,1.42679e+07,21.9098,21.9098,21.9098,21.9098,0,0,0,0
09/16/2009 05:00,9,16,3,5,0,25,94,0,0,1.42679e+07,21.9098,21.9098,21.9098,21.9098,0,0,0,0
09/16/2009 06:00,9,16,3,6,0,24.4,97,0,0,1.42679e+07,21.9098,21.9098,21.9098,21.9098,0,0,0,0
09/16/2009 07:00,9,16,3,7,0,25,94,0,0,1.20098e+07,21.9098,21.9098,21.9098,21.9098,0,0,0,0
09/16/2009 08:00,9,16,3,8,0,25.6,91,0,0,1.20098e+07,21.9098,21.9098,21.9098,21.9098,0,0,0,0
09/16/2009 09:00,9,16,3,9,0,25.6,94,0,0,1.20098e+07,21.9098,21.9098,21.9098,21.9098,0,0,0,0
09/16/2009 10:00,9,16,3,10,0,26.7,88,0,0,1.20098e+07,21.9098,21.9098,21.9098,21.9098,0,0,0,0
09/16/2009 11:00,9,16,3,11,0,27.2,85,0,0,1.20098e+07,21.9098,21.9098,21.9098,21.9098,0,0,0,0
09/16/2009 12:00,9,16,3,12,0,28.3,80,0,0,1.20098e+07,21.9098,21.9098,21.9098,21.9098,0,0,0,0
09/16/2009 13:00,9,16,3,13,0,30,72,0,0,1.20098e+07,21.9098,21.9098,21.9098,21.9098,0,0,0,0
09/16/2009 14:00,9,16,3,14,0,30.6,68,0,0,1.20098e+07,21.9098,21.9098,21.9098,21.9098,0,0,0,0
09/16/2009 15:00,9,16,3,15,0,31.1,68,0,0,1.20098e+07,21.9098,21.9098,21.9098,21.9098,0,0,0,0
09/16/2009 16:00,9,16,3,16,0,31.1,66,0,0,1.20098e+07,21.9098,21.9098,21.9098,21.9098,0,0,0,0
09/16/2009 17:00,9,16,3,17,0,30,72,0,0,1.20098e+07,21.9098,21.9098,21.9098,21.9098,0,0,0,0
09/16/2009 18:00,9,16,3,18,0,29.4,75,0,0,1.20098e+07,21.9098,21.9098,21.9098,21.9098,0,0,0,0
09/16/2009 19:00,9,16,3,19,0,27.2,85,0,0,1.53816e+07,21.9098,21.9098,21.9098,21.9098,0,0,0,0
09/16/2009 20:00,9,16,3,20,0,26.1,91,0,0,1.53816e+07,21.9098,21.9098,21.9098,21.9098,0,0,0,0
09/16/2009 21:00,9,16,3,21,0,26.1,94,0,0,1.53816e+07,21.9098,21.9098,21.9098,21.9098,0,0,0,0
09/16/2009 22:00,9,16,3,22,0,25.6,97,0,0,1.53816e+07,21.9098,21.9098,21.9098,21.9098,0,0,0,0
09/16/2009 23:00,9,16,3,23,0,26.1,94,0,0,1.53816e+07,21.9098,21.9098,21.9098,21.9098,0,0,0,0
09/17/2009 00:00,9,17,4,0,0,25.6,97,0,0,1.53816e+07,21.9098,21.9098,21.9098,21.9098,0,0,0,0
09/17/2009 01:00,9,17,4,1,0,26.1,94,0,0,1.42679e+07,21.9098,21.9098,21.9098,21.9098,0,0,0,0
09/17/2009 02:00,9,17,4,2,0,26.1,94,0,0,1.42679e+07,21.9098,21.9098,21.9098,21.9098,0,0,0,0
09/17/2009 03:00,9,17,4,3,0,26.1,94,0,0,1.42679e+07,21.9098,21.9098,21.9098,21.9098,0,0,0,0
09/17/2009 04:00,9,17,4,4,0,26.1,97,0,0,1.42679e+07,21.9098,21.9098,21.9098,21.9098,0,0,0,0
09/17/2009 05:00,9,17,4,5,0,26.1,97,0,0,1.42679e+07,21.9098,21.9098,21.9098,21.9098,0,0,0,0
09/17/2009 06:00,9,17,4,6,0,26.7,94,0,0,1.42679e+07,21.9098,21.9098,21.9098,21.9098,0,0,0,0
09/17/2009 07:00,9,17,4,7,0,26.7,94,0,0,1.20098e+07,21.9098,21.9098,21.9098,21.9098,0,0,0,0
09/17/2009 08:00,9,17,4,8,0,27.8,88,0,0,1.20098e+07,21.9098,21.9098,21.9098,21.9098,0,0,0,0
09/17/2009 09:00,9,17,4,9,0,29.4,80,0,0,1.20098e+07,21.9098,21.9098,21.9098,21.9098,0,0,0,0
09/17/2009 10:00,9,17,4,10,0,30.6,70,0,0,1.20098e+07,21.9098,21.9098,21.9098,21.9098,0,0,0,0
09/17/2009 11:00,9,17,4,11,0,31.7,66,0,0,1.20098e+07,21.9098,21.9098,21.9098,21.9098,0,0,0,0
09/17/2009 12:00,9,17,4,12,0,32.2,61,0,0,1.20098e+07,21.9098,21.9098,21.9098,21.9098,0,0,0,0
09/17/2009 13:00,9,17,4,13,0,32.2,61,0,0,1.20098e+07,21.9098,21.9098,21.9098,21.9098,0,0,0,0
09/17/2009 14:00,9,17,4,14,0,32.2,61,0,0,1.20098e+07,21.9098,21.9098,21.9098,21.9098,0,0,0,0
09/17/2009 15:00,9,17,4,15,0,31.7,61,0,193406,1.22381e+07,22.0132,22.0132,22.0132,18.5635,0,0.0101635,0,788607
09/17/2009 16:00,9,17,4,16,0,31.1,63,0,404636,1.24921e+07,22.3531,22.3531,22.3531,16.8904,0,0.0225904,0,1.85703e+06
09/17/2009 17:00,9,17,4,17,0,30,68,0,185341,1.22247e+07,22.5337,22.5337,22.5337,16.8904,0,0.00859015,0,729470
09/17/2009 18:00,9,17,4,18,0,29.4,72,0,87780.8,1.21059e+07,22.5721,22.5721,22.5721,16.8904,0,0.00243614,0,208289
09/17/2009 19:00,9,17,4,19,0,28.3,77,0,0,1.53816e+07,22.579,22.579,22.579,22.579,0,0,0,0
09/17/2009 20:00,9,17,4,20,0,28.3,80,0,0,1.53816e+07,22.579,22.579,22.579,22.579,0,0,0,0
09/17/2009 21:00,9,17,4,21,0,27.2,85,0,0,1.53816e+07,22.579,22.579,22.579,22.579,0,0,0,0
09/17/2009 22:00,9,17,4,22,0,27.2,85,0,0,1.53816e+07,22.579,22.579,22.579,22.579,0,0,0,0
09/17/2009 23:00,9,17,4,23,0,26.7,91,0,0,1.53816e+07,22.579,22.579,22.579,22.579,0,0,0,0
09/18/2009 00:00,9,18,5,0,0,26.7,91,0,0,1.53816e+07,22.579,22.579,22.579,22.579,0,0,0,0
09/18/2009 01:00,9,18,5,1,0,26.1,91,0,0,2.07703e+07,22.579,22.579,22.579,22.579,0,0,0,0
09/18/2009 02:00,9,18,5,2,0,26.7,88,0,0,2.07703e+07,22.579,22.579,22.579,22.579,0,0,0,0
09/18/2009 03:00,9,18,5,3,0,26.7,85,0,0,2.07703e+07,22.579,22.579,22.579,22.579,0,0,0,0
09/18/2009 04:00,9,18,5,4,0,26.7,88,0,0,2.07703e+07,22.579,22.579,22.579,22.579,0,0,0,0
09/18/2009 05:00,9,18,5,5,0,26.7,88,0,0,2.07703e+07,22.579,22.579,22.579,22.579,0,0,0,0
09/18/2009 06:00,9,18,5,6,0,26.7,88,0,0,2.23312e+07,22.579,22.579,22.579,22.579,0,0,0,0
09/18/2009 07:00,9,18,5,7,0,27.2,82,0,1.70617e+07,4.12692e+07,22.3517,22.3517,22.3517,16.8904,0,1.21963,0,1.01108e+08
09/18/2009 08:00,9,18,5,8,0,28.3,82,0,1.9854e+07,5.07555e+07,22.2166,22.2166,22.2166,16.8904,0,1.44434,0,1.1587e+08
09/18/2009 09:00,9,18,5,9,0,28.9,72,0,2.10976e+07,7.81832e+07,22.1135,22.1135,22.1135,16.8904,0,1.55167,0,1.21974e+08
09/18/2009 10:00,9,18,5,10,0,30.6,63,0,1.98577e+07,7.65965e+07,22.0269,22.0269,22.0269,16.8904,0,1.44961,0,1.12075e+08
09/18/2009 11:00,9,18,5,11,0,31.7,59,0,1.92298e+07,7.57976e+07,21.9623,21.9623,21.9623,16.8904,0,1.39929,0,1.06805e+08
09/18/2009 12:00,9,18,5,12,0,31.7,57,0,1.8896e+07,7.53745e+07,21.9316,21.9316,21.9316,16.8904,0,1.37307,0,1.04168e+08
09/18/2009 13:00,9,18,5,13,0,32.2,56,0,1.77644e+07,6.95064e+07,21.9112,21.9112,21.9112,16.8904,0,1.28032,0,9.67379e+07
09/18/2009 14:00,9,18,5,14,0,32.8,56,0,1.84693e+07,7.48312e+07,21.8927,21.8927,21.8927,16.8904,0,1.33862,0,1.00769e+08
09/18/2009 15:00,9,18,5,15,0,32.8,56,0,1.89853e+07,7.54894e+07,21.8934,21.8934,21.8934,16.8904,0,1.38016,0,1.03912e+08
09/18/2009 16:00,9,18,5,16,0,32.2,59,0,1.83545e+07,7.46794e+07,21.8956,21.8956,21.8956,16.8904,0,1.32741,0,9.99833e+07
09/18/2009 17:00,9,18,5,17,0,31.1,63,0,1.77455e+07,7.38997e+07,21.8989,21.8989,21.8989,16.8904,0,1.27724,0,9.6269e+07
09/18/2009 18:00,9,18,5,18,0,29.4,70,0,1.37809e+07,4.89683e+07,21.8994,21.8994,21.8994,16.8904,0,0.959699,0,7.23415e+07
09/18/2009 19:00,9,18,5,19,0,28.3,74,0,0,2.28739e+07,21.8974,21.8974,21.8974,21.8974,0,0,0,0
09/18/2009 20:00,9,18,5,20,0,28.3,77,0,0,2.28739e+07,21.8974,21.8974,21.8974,21.8974,0,0,0,0
09/18/2009 21:00,9,18,5,21,0,27.8,82,0,0,1.97521e+07,21.8974,21.8974,21.8974,21.8974,0,0,0,0
09/18/2009 22:00,9,18,5,22,0,27.2,85,0,0,1.97521e+07,21.8974,21.8974,21.8974,21.8974,0,0,0,0
09/18/2009 23:00,9,18,5,23,0,26.7,88,0,0,1.69425e+07,21.8974,21.8974,21.8974,21.8974,0,0,0,0
09/19/2009 00:00,9,19,6,0,0,26.1,88,0,0,1.53816e+07,21.8974,21.8974,21.8974,21.8974,0,0,0,0
09/19/2009 01:00,9,19,6,1,0,26.1,88,0,0,2.07703e+07,21.8974,21.8974,21.8974,21.8974,0,0,0,0
09/19/2009 02:00,9,19,6,2,0,26.1,88,0,0,2.07703e+07,21.8974,21.8974,21.8974,21.8974,0,0,0,0
09/19/2009 03:00,9,19,6,3,0,26.1,88,0,0,2.07703e+07,21.8974,21.8974,21.8974,21.8974,0,0,0,0
09/19/2009 04:00,9,19,6,4,0,25.6,91,0,0,2.07703e+07,21.8974,21.8974,21.8974,21.8974,0,0,0,0
09/19/2009 05:00,9,19,6,5,0,25,91,0,0,2.07703e+07,21.8974,21.8974,21.8974,21.8974,0,0,0,0
09/19/2009 06:00,9,19,6,6,0,25,91,0,0,2.23312e+07,21.8974,21.8974,21.8974,21.8974,0,0,0,0
09/19/2009 07:00,9,19,6,7,0,25.6,88,0,1.37131e+07,3.7037e+07,22.1911,22.1911,22.1911,16.8904,0,0.959282,0,7.68738e+07
09/19/2009 08:00,9,19,6,8,0,27.2,79,0,1.42583e+07,4.36322e+07,22.0597,22.0597,22.0597,16.8904,0,0.993684,0,7.72999e+07
09/19/2009 09:00,9,19,6,9,0,28.3,70,0,1.84001e+07,7.47293e+07,21.9943,21.9943,21.9943,16.8904,0,1.32855,0,1.02041e+08
09/19/2009 10:00,9,19,6,10,0,31.1,57,0,1.84292e+07,7.47697e+07,21.9617,21.9617,21.9617,16.8904,0,1.332,0,1.01657e+08
09/19/2009 11:00,9,19,6,11,0,31.7,55,0,1.83754e+07,7.47066e+07,21.9297,21.9297,21.9297,16.8904,0,1.32944,0,1.0082e+08
09/19/2009 12:00,9,19,6,12,0,32.8,52,0,1.80596e+07,7.43079e+07,21.9127,21.9127,21.9127,16.8904,0,1.30527,0,9.86522e+07
09/19/2009 13:00,9,19,6,13,0,33.9,43,0,1.71307e+07,6.86996e+07,21.904,21.904,21.904,16.8904,0,1.22929,0,9.2749e+07
09/19/2009 14:00,9,19,6,14,0,34.4,44,0,1.80234e+07,7.42617e+07,21.8889,21.8889,21.8889,16.8904,0,1.30215,0,9.79497e+07
09/19/2009 15:00,9,19,6,15,0,34.4,44,0,1.87436e+07,7.518e+07,21.8904,21.8904,21.8904,16.8904,0,1.36005,0,1.02335e+08
09/19/2009 16:00,9,19,6,16,0,33.3,47,0,1.84073e+07,7.47466e+07,21.8913,21.8913,21.8913,16.8904,0,1.33127,0,1.00189e+08
09/19/2009 17:00,9,19,6,17,0,32.8,49,0,1.82506e+07,7.45452e+07,21.8936,21.8936,21.8936,16.8904,0,1.31798,0,9.9233e+07
09/19/2009 18:00,9,19,6,18,0,31.1,55,0,1.42069e+07,4.95066e+07,21.8928,21.8928,21.8928,16.8904,0,0.992264,0,7.46986e+07
09/19/2009 19:00,9,19,6,19,0,28.9,63,0,0,2.28739e+07,21.8898,21.8898,21.8898,21.8898,0,0,0,0
09/19/2009 20:00,9,19,6,20,0,28.3,72,0,0,2.28739e+07,21.8898,21.8898,21.8898,21.8898,0,0,0,0
09/19/2009 21:00,9,19,6,21,0,27.2,77,0,0,1.97521e+07,21.8898,21.8898,21.8898,21.8898,0,0,0,0
09/19/2009 22:00,9,19,6,22,0,26.7,82,0,0,1.97521e+07,21.8898,21.8898,21.8898,21.8898,0,0,0,0
09/19/2009 23:00,9,19,6,23,0,26.1,82,0,0,1.69425e+07,21.8898,21.8898,21.8898,21.8898,0,0,0,0
09/20/2009 00:00,9,20,0,0,0,25.6,85,0,0,1.53816e+07,21.8898,21.8898,21.8898,21.8898,0,0,0,0
09/20/2009 01:00,9,20,0,1,0,25.6,85,0,0,2.07703e+07,21.8898,21.8898,21.8898,21.8898,0,0,0,0
09/20/2009 02:00,9,20,0,2,0,25,88,0,0,2.07703e+07,21.8898,21.8898,21.8898,21.8898,0,0,0,0
09/20/2009 03:00,9,20,0,3,0,24.4,91,0,0,2.07703e+07,21.8898,21.8898,21.8898,21.8898,0,0,0,0
09/20/2009 04:00,9,20,0,4,0,25,88,0,0,2.07703e+07,21.8898,21.8898,21.8898,21.8898,0,0,0,0
09/20/2009 05:00,9,20,0,5,0,25,88,0,0,2.07703e+07,21.8898,21.8898,21.8898,21.8898,0,0,0,0
09/20/2009 06:00,9,20,0,6,0,24.4,91,0,0,2.23312e+07,21.8898,21.8898,21.8898,21.8898,0,0,0,0
09/20/2009 07:00,9,20,0,7,0,25,91,0,1.29337e+07,3.60571e+07,22.1511,22.1511,22.1511,16.8904,0,0.900298,0,7.15575e+07
09/20/2009 08:00,9,20,0,8,0,27.2,82,0,1.34668e+07,4.26304e+07,22.0408,22.0408,22.0408,16.8904,0,0.931814,0,7.22219e+07
09/20/2009 09:00,9,20,0,9,0,28.9,72,0,1.73193e+07,7.33473e+07,21.9856,21.9856,21.9856,16.8904,0,1.24003,0,9.50823e+07
09/20/2009 10:00,9,20,0,10,0,31.1,59,0,1.83501e+07,7.46689e+07,21.9562,21.9562,21.9562,16.8904,0,1.32556,0,1.01054e+08
09/20/2009 11:00,9,20,0,11,0,31.1,57,0,1.80335e+07,7.42684e+07,21.9261,21.9261,21.9261,16.8904,0,1.30105,0,9.85974e+07
09/20/2009 12:00,9,20,0,12,0,33.3,49,0,1.7987e+07,7.42135e+07,21.9082,21.9082,21.9082,16.8904,0,1.29875,0,9.80709e+07
09/20/2009 13:00,9,20,0,13,0,34.4,41,0,1.70872e+07,6.86437e+07,21.8987,21.8987,21.8987,16.8904,0,1.22556,0,9.23694e+07
09/20/2009 14:00,9,20,0,14,0,35,39,0,1.81815e+07,7.44648e+07,21.8873,21.8873,21.8873,16.8904,0,1.31538,0,9.89136e+07
09/20/2009 15:00,9,20,0,15,0,35,39,0,1.85081e+07,7.48782e+07,21.8883,21.8883,21.8883,16.8904,0,1.34053,0,1.00825e+08
09/20/2009 16:00,9,20,0,16,0,34.4,49,0,1.86926e+07,7.51131e+07,21.8885,21.8885,21.8885,16.8904,0,1.35505,0,1.01921e+08
09/20/2009 17:00,9,20,0,17,0,32.2,56,0,1.80633e+07,7.43058e+07,21.8923,21.8923,21.8923,16.8904,0,1.30265,0,9.80549e+07
09/20/2009 18:00,9,20,0,18,0,30,63,0,1.36014e+07,4.87414e+07,21.8906,21.8906,21.8906,16.8904,0,0.94547,0,7.11447e+07
09/20/2009 19:00,9,20,0,19,0,28.9,65,0,0,2.28739e+07,21.8858,21.8858,21.8858,21.8858,0,0,0,0
09/20/2009 20:00,9,20,0,20,0,27.8,72,0,0,2.28739e+07,21.8858,21.8858,21.8858,21.8858,0,0,0,0
09/20/2009 21:00,9,20,0,21,0,26.7,79,0,0,1.97521e+07,21.8858,21.8858,21.8858,21.8858,0,0,0,0
09/20/2009 22:00,9,20,0,22,0,26.1,82,0,0,1.97521e+07,21.8858,21.8858,21.8858,21.8858,0,0,0,0
09/20/2009 23:00,9,20,0,23,0,25.6,82,0,0,1.69425e+07,21.8858,21.8858,21.8858,21.8858,0,0,0,0
09/21/2009 00:00,9,21,1,0,0,25,85,0,0,1.53816e+07,21.8858,21.8858,21.8858,21.8858,0,0,0,0
09/21/2009 01:00,9,21,1,1,0,25,88,0,0,2.07703e+07,21.8858,21.8858,21.8858,21.8858,0,0,0,0
09/21/2009 02:00,9,21,1,2,0,22.8,94,0,0,2.07703e+07,21.8858,21.8858,21.8858,21.8858,0,0,0,0
09/21/2009 03:00,9,21,1,3,0,22.2,94,0,0,2.07703e+07,21.8858,21.8858,21.8858,21.8858,0,0,0,0
09/21/2009 04:00,9,21,1,4,0,21.7,93,0,0,2.07703e+07,21.8858,21.8858,21.8858,21.8858,0,0,0,0
09/21/2009 05:00,9,21,1,5,0,21.7,93,0,0,2.07703e+07,21.8858,21.8858,21.8858,21.8858,0,0,0,0
09/21/2009 06:00,9,21,1,6,0,21.1,97,0,0,2.23312e+07,21.8858,21.8858,21.8858,21.8858,0,0,0,0
09/21/2009 07:00,9,21,1,7,0,22.2,94,0,1.13616e+07,3.40886e+07,22.0612,22.0612,22.0612,16.8904,0,0.783542,0,6.1181e+07
09/21/2009 08:00,9,21,1,8,0,26.1,85,0,1.27245e+07,4.17021e+07,21.9785,21.9785,21.9785,16.8904,0,0.87684,0,6.71387e+07
09/21/2009 09:00,9,21,1,9,0,29.4,67,0,1.73935e+07,7.3449e+07,21.9408,21.9408,21.9408,16.8904,0,1.24774,0,9.48323e+07
09/21/2009 10:00,9,21,1,10,0,31.1,59,0,1.78448e+07,7.40273e+07,21.923,21.923,21.923,16.8904,0,1.28531,0,9.73431e+07
09/21/2009 11:00,9,21,1,11,0,31.1,59,0,1.76051e+07,7.37216e+07,21.9142,21.9142,21.9142,16.8904,0,1.26612,0,9.57216e+07
09/21/2009 12:00,9,21,1,12,0,32.8,50,0,1.75163e+07,7.36124e+07,21.9048,21.9048,21.9048,16.8904,0,1.26031,0,9.51045e+07
09/21/2009 13:00,9,21,1,13,0,32.8,49,0,1.67363e+07,6.81964e+07,21.8973,21.8973,21.8973,16.8904,0,1.19716,0,9.02044e+07
09/21/2009 14:00,9,21,1,14,0,33.3,50,0,1.77725e+07,7.39417e+07,21.8878,21.8878,21.8878,16.8904,0,1.28173,0,9.63929e+07
09/21/2009 15:00,9,21,1,15,0,33.3,50,0,1.75046e+07,7.35933e+07,21.8913,21.8913,21.8913,16.8904,0,1.25787,0,9.46649e+07
09/21/2009 16:00,9,21,1,16,0,32.8,52,0,1.75565e+07,7.36579e+07,21.894,21.894,21.894,16.8904,0,1.26146,0,9.49848e+07
09/21/2009 17:00,9,21,1,17,0,32.2,56,0,1.76961e+07,7.38349e+07,21.8975,21.8975,21.8975,16.8904,0,1.27214,0,9.58564e+07
09/21/2009 18:00,9,21,1,18,0,30.6,63,0,1.383e+07,4.90293e+07,21.8968,21.8968,21.8968,16.8904,0,0.962611,0,7.25234e+07
09/21/2009 19:00,9,21,1,19,0,28.9,67,0,0,2.28739e+07,21.8938,21.8938,21.8938,21.8938,0,0,0,0
09/21/2009 20:00,9,21,1,20,0,27.8,72,0,0,2.28739e+07,21.8938,21.8938,21.8938,21.8938,0,0,0,0
09/21/2009 21:00,9,21,1,21,0,27.2,77,0,0,1.97521e+07,21.8938,21.8938,21.8938,21.8938,0,0,0,0
09/21/2009 22:00,9,21,1,22,0,26.7,79,0,0,1.97521e+07,21.8938,21.8938,21.8938,21.8938,0,0,0,0
09/21/2009 23:00,9,21,1,23,0,26.1,82,0,0,1.69425e+07,21.8938,21.8938,21.8938,21.8938,0,0,0,0
09/22/2009 00:00,9,22,2,0,0,23.9,90,0,0,1.53816e+07,21.8938,21.8938,21.8938,21.8938,0,0,0,0
09/22/2009 01:00,9,22,2,1,0,23.9,90,0,0,2.07703e+07,21.8938,21.8938,21.8938,21.8938,0,0,0,0
09/22/2009 02:00,9,22,2,2,0,23.3,94,0,0,2.07703e+07,21.8938,21.8938,21.8938,21.8938,0,0,0,0
09/22/2009 03:00,9,22,2,3,0,22.8,94,0,0,2.07703e+07,21.8938,21.8938,21.8938,21.8938,0,0,0,0
09/22/2009 04:00,9,22,2,4,0,22.2,94,0,0,2.07703e+07,21.8938,21.8938,21.8938,21.8938,0,0,0,0
09/22/2009 05:00,9,22,2,5,0,21.7,93,0,0,2.07703e+07,21.8938,21.8938,21.8938,21.8938,0,0,0,0
09/22/2009 06:00,9,22,2,6,0,21.7,97,0,0,2.23312e+07,21.8938,21.8938,21.8938,21.8938,0,0,0,0
09/22/2009 07:00,9,22,2,7,0,23.3,90,0,1.15832e+07,3.43658e+07,22.0553,22.0553,22.0553,16.8904,0,0.799666,0,6.23631e+07
09/22/2009 08:00,9,22,2,8,0,27.2,79,0,1.47295e+07,4.42407e+07,22.0112,22.0112,22.0112,16.8904,0,1.03417,0,7.97166e+07
09/22/2009 09:00,9,22,2,9,0,28.9,72,0,1.74611e+07,7.3534e+07,21.9593,21.9593,21.9593,16.8904,0,1.25283,0,9.55683e+07
09/22/2009 10:00,9,22,2,10,0,31.1,61,0,1.77963e+07,7.39641e+07,21.9308,21.9308,21.9308,16.8904,0,1.28098,0,9.71675e+07
09/22/2009 11:00,9,22,2,11,0,32.8,50,0,1.78252e+07,7.40048e+07,21.9118,21.9118,21.9118,16.8904,0,1.28469,0,9.70794e+07
09/22/2009 12:00,9,22,2,12,0,33.3,49,0,1.73812e+07,7.34375e+07,21.9072,21.9072,21.9072,16.8904,0,1.24852,0,9.42588e+07
09/22/2009 13:00,9,22,2,13,0,33.9,49,0,1.66094e+07,6.80328e+07,21.9003,21.9003,21.9003,16.8904,0,1.18629,0,8.94373e+07
09/22/2009 14:00,9,22,2,14,0,34.4,46,0,1.78176e+07,7.39992e+07,21.8888,21.8888,21.8888,16.8904,0,1.28535,0,9.66837e+07
09/22/2009 15:00,9,22,2,15,0,35,44,0,1.83322e+07,7.46523e+07,21.8896,21.8896,21.8896,16.8904,0,1.32568,0,9.97347e+07
09/22/2009 16:00,9,22,2,16,0,33.3,52,0,1.75075e+07,7.35957e+07,21.8907,21.8907,21.8907,16.8904,0,1.25759,0,9.46315e+07
09/22/2009 17:00,9,22,2,17,0,32.8,54,0,1.78905e+07,7.40838e+07,21.8955,21.8955,21.8955,16.8904,0,1.288,0,9.70124e+07
09/22/2009 18:00,9,22,2,18,0,31.1,61,0,1.41058e+07,4.93788e+07,21.8942,21.8942,21.8942,16.8904,0,0.984129,0,7.41061e+07
09/22/2009 19:00,9,22,2,19,0,29.4,67,0,0,2.28739e+07,21.891,21.891,21.891,21.891,0,0,0,0
09/22/2009 20:00,9,22,2,20,0,28.3,74,0,0,2.28739e+07,21.891,21.891,21.891,21.891,0,0,0,0
09/22/2009 21:00,9,22,2,21,0,27.8,77,0,0,1.97521e+07,21.891,21.891,21.891,21.891,0,0,0,0
09/22/2009 22:00,9,22,2,22,0,26.7,82,0,0,1.97521e+07,21.891,21.891,21.891,21.891,0,0,0,0
09/22/2009 23:00,9,22,2,23,0,26.1,85,0,0,1.69425e+07,21.891,21.891,21.891,21.891,0,0,0,0
09/23/2009 00:00,9,23,3,0,0,25.6,88,0,0,1.53816e+07,21.891,21.891,21.891,21.891,0,0,0,0
09/23/2009 01:00,9,23,3,1,0,25.6,88,0,0,1.42679e+07,21.891,21.891,21.891,21.891,0,0,0,0
09/23/2009 02:00,9,23,3,2,0,25,91,0,0,1.42679e+07,21.891,21.891,21.891,21.891,0,0,0,0
09/23/2009 03:00,9,23,3,3,0,24.4,91,0,0,1.42679e+07,21.891,21.891,21.891,21.891,0,0,0,0
09/23/2009 04:00,9,23,3,4,0,24.4,91,0,0,1.42679e+07,21.891,21.891,21.891,21.891,0,0,0,0
09/23/2009 05:00,9,23,3,5,0,23.3,97,0,0,1.42679e+07,21.891,21.891,21.891,21.891,0,0,0,0
09/23/2009 06:00,9,23,3,6,0,24.4,91,0,0,1.42679e+07,21.891,21.891,21.891,21.891,0,0,0,0
09/23/2009 07:00,9,23,3,7,0,23.9,90,0,0,1.20098e+07,21.891,21.891,21.891,21.891,0,0,0,0
09/23/2009 08:00,9,23,3,8,0,27.2,79,0,0,1.20098e+07,21.891,21.891,21.891,21.891,0,0,0,0
09/23/2009 09:00,9,23,3,9,0,29.4,70,0,395538,1.2482e+07,22.0591,22.0591,22.0591,16.8904,0,0.0224652,0,1.75253e+06
09/23/2009 10:00,9,23,3,10,0,30,61,0,0,1.20098e+07,22.2168,22.2168,22.2168,22.2168,0,0,0,0
09/23/2009 11:00,9,23,3,11,0,31.1,55,0,0,1.20098e+07,22.2168,22.2168,22.2168,22.2168,0,0,0,0
09/23/2009 12:00,9,23,3,12,0,32.8,49,0,0,1.20098e+07,22.2168,22.2168,22.2168,22.2168,0,0,0,0
09/23/2009 13:00,9,23,3,13,0,33.9,44,0,0,1.20098e+07,22.2168,22.2168,22.2168,22.2168,0,0,0,0
09/23/2009 14:00,9,23,3,14,0,35,40,0,0,1.20098e+07,22.2168,22.2168,22.2168,22.2168,0,0,0,0
09/23/2009 15:00,9,23,3,15,0,33.9,44,0,0,1.20098e+07,22.2168,22.2168,22.2168,22.2168,0,0,0,0
09/23/2009 16:00,9,23,3,16,0,33.3,54,0,627677,1.27657e+07,22.3499,22.3499,22.3499,16.8904,0,0.0373143,0,3.06556e+06
09/23/2009 17:00,9,23,3,17,0,32.2,56,0,520675,1.26346e+07,22.464,22.464,22.464,16.8904,0,0.0303065,0,2.54187e+06
09/23/2009 18:00,9,23,3,18,0,30.6,63,0,0,1.20098e+07,22.4817,22.4817,22.4817,22.4817,0,0,0,0
09/23/2009 19:00,9,23,3,19,0,28.9,70,0,0,1.53816e+07,22.4817,22.4817,22.4817,22.4817,0,0,0,0
09/23/2009 20:00,9,23,3,20,0,28.3,72,0,0,1.53816e+07,22.4817,22.4817,22.4817,22.4817,0,0,0,0
09/23/2009 21:00,9,23,3,21,0,27.2,79,0,0,1.53816e+07,22.4817,22.4817,22.4817,22.4817,0,0,0,0
09/23/2009 22:00,9,23,3,22,0,26.1,85,0,0,1.53816e+07,22.4817,22.4817,22.4817,22.4817,0,0,0,0
09/23/2009 23:00,9,23,3,23,0,26.1,85,0,0,1.53816e+07,22.4817,22.4817,22.4817,22.4817,0,0,0,0
09/24/2009 00:00,9,24,4,0,0,25.6,88,0,0,1.53816e+07,22.4817,22.4817,22.4817,22.4817,0,0,0,0
09/24/2009 01:00,9,24,4,1,0,25.6,88,0,0,1.42679e+07,22.4817,22.4817,22.4817,22.4817,0,0,0,0
09/24/2009 02:00,9,24,4,2,0,24.4,91,0,0,1.42679e+07,22.4817,22.4817,22.4817,22.4817,0,0,0,0
09/24/2009 03:00,9,24,4,3,0,23.9,94,0,0,1.42679e+07,22.4817,22.4817,22.4817,22.4817,0,0,0,0
09/24/2009 04:00,9,24,4,4,0,23.9,94,0,0,1.42679e+07,22.4817,22.4817,22.4817,22.4817,0,0,0,0
09/24/2009 05:00,9,24,4,5,0,23.3,94,0,0,1.42679e+07,22.4817,22.4817,22.4817,22.4817,0,0,0,0
09/24/2009 06:00,9,24,4,6,0,23.3,94,0,0,1.42679e+07,22.4817,22.4817,22.4817,22.4817,0,0,0,0
09/24/2009 07:00,9,24,4,7,0,23.9,94,0,0,1.20098e+07,22.4817,22.4817,22.4817,22.4817,0,0,0,0
09/24/2009 08:00,9,24,4,8,0,26.7,82,0,234437,1.22888e+07,22.5101,22.5101,22.5101,18.7542,0,0.013045,0,1.10486e+06
09/24/2009 09:00,9,24,4,9,0,28.9,72,0,0,1.20098e+07,22.5494,22.5494,22.5494,22.5494,0,0,0,0
09/24/2009 10:00,9,24,4,10,0,29.4,67,0,0,1.20098e+07,22.5494,22.5494,22.5494,22.5494,0,0,0,0
09/24/2009 11:00,9,24,4,11,0,30,65,0,0,1.20098e+07,22.5494,22.5494,22.5494,22.5494,0,0,0,0
09/24/2009 12:00,9,24,4,12,0,32.8,54,0,0,1.20098e+07,22.5494,22.5494,22.5494,22.5494,0,0,0,0
09/24/2009 13:00,9,24,4,13,0,26.7,91,0,0,1.20098e+07,22.5494,22.5494,22.5494,22.5494,0,0,0,0
09/24/2009 14:00,9,24,4,14,0,28.3,74,0,0,1.20098e+07,22.5494,22.5494,22.5494,22.5494,0,0,0,0
09/24/2009 15:00,9,24,4,15,0,32.2,58,0,0,1.20098e+07,22.5494,22.5494,22.5494,22.5494,0,0,0,0
09/24/2009 16:00,9,24,4,16,0,27.8,79,0,0,1.20098e+07,22.5494,22.5494,22.5494,22.5494,0,0,0,0
09/24/2009 17:00,9,24,4,17,0,30.6,65,0,0,1.20098e+07,22.5494,22.5494,22.5494,22.5494,0,0,0,0
09/24/2009 18:00,9,24,4,18,0,28.9,72,0,0,1.20098e+07,22.5494,22.5494,22.5494,22.5494,0,0,0,0
09/24/2009 19:00,9,24,4,19,0,27.2,79,0,0,1.53816e+07,22.5494,22.5494,22.5494,22.5494,0,0,0,0
09/24/2009 20:00,9,24,4,20,0,26.7,82,0,0,1.53816e+07,22.5494,22.5494,22.5494,22.5494,0,0,0,0
09/24/2009 21:00,9,24,4,21,0,26.1,88,0,0,1.53816e+07,22.5494,22.5494,22.5494,22.5494,0,0,0,0
09/24/2009 22:00,9,24,4,22,0,25.6,91,0,0,1.53816e+07,22.5494,22.5494,22.5494,22.5494,0,0,0,0
09/24/2009 23:00,9,24,4,23,0,23.9,94,0,0,1.53816e+07,22.5494,22.5494,22.5494,22.5494,0,0,0,0
09/25/2009 00:00,9,25,5,0,0,23.3,94,0,0,1.53816e+07,22.5494,22.5494,22.5494,22.5494,0,0,0,0
09/25/2009 01:00,9,25,5,1,0,22.8,94,0,0,2.07703e+07,22.5494,22.5494,22.5494,22.5494,0,0,0,0
09/25/2009 02:00,9,25,5,2,0,21.7,93,0,0,2.07703e+07,22.5494,22.5494,22.5494,22.5494,0,0,0,0
09/25/2009 03:00,9,25,5,3,0,21.1,93,0,0,2.07703e+07,22.5494,22.5494,22.5494,22.5494,0,0,0,0
09/25/2009 04:00,9,25,5,4,0,20.6,93,0,0,2.07703e+07,22.5494,22.5494,22.5494,22.5494,0,0,0,0
09/25/2009 05:00,9,25,5,5,0,20,93,0,0,2.07703e+07,22.5494,22.5494,22.5494,22.5494,0,0,0,0
09/25/2009 06:00,9,25,5,6,0,19.4,93,0,0,2.23312e+07,22.5494,22.5494,22.5494,22.5494,0,0,0,0
09/25/2009 07:00,9,25,5,7,0,20,87,0,1.19348e+07,3.4817e+07,22.2662,22.2662,22.2662,16.8904,0,0.829402,0,6.77763e+07
09/25/2009 08:00,9,25,5,8,0,22.8,71,0,1.58201e+07,4.56113e+07,22.1322,22.1322,22.1322,16.8904,0,1.11661,0,8.80802e+07
09/25/2009 09:00,9,25,5,9,0,25,62,0,1.96125e+07,7.62839e+07,22.0385,22.0385,22.0385,16.8904,0,1.42937,0,1.10739e+08
09/25/2009 10:00,9,25,5,10,0,28.3,48,0,1.93266e+07,7.59231e+07,21.9815,21.9815,21.9815,16.8904,0,1.40744,0,1.07837e+08
09/25/2009 11:00,9,25,5,11,0,30.6,40,0,1.87726e+07,7.52165e+07,21.9415,21.9415,21.9415,16.8904,0,1.3628,0,1.03594e+08
09/25/2009 12:00,9,25,5,12,0,31.7,35,0,1.82698e+07,7.45784e+07,21.9222,21.9222,21.9222,16.8904,0,1.32321,0,1.00197e+08
09/25/2009 13:00,9,25,5,13,0,33.3,29,0,1.7328e+07,6.89536e+07,21.9085,21.9085,21.9085,16.8904,0,1.24619,0,9.41076e+07
09/25/2009 14:00,9,25,5,14,0,33.9,27,0,1.82068e+07,7.44989e+07,21.8907,21.8907,21.8907,16.8904,0,1.31816,0,9.91892e+07
09/25/2009 15:00,9,25,5,15,0,35,24,0,1.89026e+07,7.53847e+07,21.8872,21.8872,21.8872,16.8904,0,1.37348,0,1.0328e+08
09/25/2009 16:00,9,25,5,16,0,34.4,21,0,1.89312e+07,7.54201e+07,21.8843,21.8843,21.8843,16.8904,0,1.37508,0,1.03341e+08
09/25/2009 17:00,9,25,5,17,0,33.9,23,0,1.84955e+07,7.48612e+07,21.8841,21.8841,21.8841,16.8904,0,1.33868,0,1.00601e+08
09/25/2009 18:00,9,25,5,18,0,32.2,27,0,1.44123e+07,4.9768e+07,21.8811,21.8811,21.8811,16.8904,0,1.00862,0,7.57512e+07
09/25/2009 19:00,9,25,5,19,0,26.7,42,0,0,2.28739e+07,21.8774,21.8774,21.8774,21.8774,0,0,0,0
09/25/2009 20:00,9,25,5,20,0,24.4,50,0,0,2.28739e+07,21.8774,21.8774,21.8774,21.8774,0,0,0,0
09/25/2009 21:00,9,25,5,21,0,21.7,61,0,0,1.97521e+07,21.8774,21.8774,21.8774,21.8774,0,0,0,0
09/25/2009 22:00,9,25,5,22,0,20.6,66,0,0,1.97521e+07,21.8774,21.8774,21.8774,21.8774,0,0,0,0
09/25/2009 23:00,9,25,5,23,0,21.1,64,0,0,1.69425e+07,21.8774,21.8774,21.8774,21.8774,0,0,0,0
09/26/2009 00:00,9,26,6,0,0,20.6,66,0,0,1.53816e+07,21.8774,21.8774,21.8774,21.8774,0,0,0,0
09/26/2009 01:00,9,26,6,1,0,20.6,68,0,0,2.07703e+07,21.8774,21.8774,21.8774,21.8774,0,0,0,0
09/26/2009 02:00,9,26,6,2,0,18.3,78,0,0,2.07703e+07,21.8774,21.8774,21.8774,21.8774,0,0,0,0
09/26/2009 03:00,9,26,6,3,0,17.8,81,0,0,2.07703e+07,21.8774,21.8774,21.8774,21.8774,0,0,0,0
09/26/2009 04:00,9,26,6,4,0,17.8,84,0,0,2.07703e+07,21.8774,21.8774,21.8774,21.8774,0,0,0,0
09/26/2009 05:00,9,26,6,5,0,17.8,87,0,0,2.07703e+07,21.8774,21.8774,21.8774,21.8774,0,0,0,0
09/26/2009 06:00,9,26,6,6,0,17.2,93,0,0,2.23312e+07,21.8774,21.8774,21.8774,21.8774,0,0,0,0
09/26/2009 07:00,9,26,6,7,0,17.8,97,0,7.65474e+06,2.94874e+07,21.9573,21.9573,21.9573,16.8904,0,0.52017,0,3.97373e+07
09/26/2009 08:00,9,26,6,8,0,20.6,87,0,9.66911e+06,3.7867e+07,21.9262,21.9262,21.9262,16.8904,0,0.647593,0,4.9076e+07
09/26/2009 09:00,9,26,6,9,0,23.3,79,0,1.54175e+07,7.09348e+07,21.9139,21.9139,21.9139,16.8904,0,1.08928,0,8.23468e+07
09/26/2009 10:00,9,26,6,10,0,26.7,69,0,1.62963e+07,7.20544e+07,21.9101,21.9101,21.9101,16.8904,0,1.16025,0,8.76449e+07
09/26/2009 11:00,9,26,6,11,0,31.1,47,0,1.66047e+07,7.24476e+07,21.906,21.906,21.906,16.8904,0,1.1855,0,8.94801e+07
09/26/2009 12:00,9,26,6,12,0,32.2,35,0,1.63517e+07,7.21292e+07,21.9013,21.9013,21.9013,16.8904,0,1.16651,0,8.79648e+07
09/26/2009 13:00,9,26,6,13,0,33.3,31,0,1.54513e+07,6.65623e+07,21.8956,21.8956,21.8956,16.8904,0,1.09433,0,8.24271e+07
09/26/2009 14:00,9,26,6,14,0,34.4,30,0,1.68194e+07,7.27266e+07,21.8853,21.8853,21.8853,16.8904,0,1.20458,0,9.05455e+07
09/26/2009 15:00,9,26,6,15,0,33.9,30,0,1.75039e+07,7.35946e+07,21.8876,21.8876,21.8876,16.8904,0,1.25802,0,9.46056e+07
09/26/2009 16:00,9,26,6,16,0,33.9,31,0,1.76232e+07,7.37462e+07,21.8878,21.8878,21.8878,16.8904,0,1.26714,0,9.52942e+07
09/26/2009 17:00,9,26,6,17,0,33.3,33,0,1.74132e+07,7.34776e+07,21.8896,21.8896,21.8896,16.8904,0,1.24975,0,9.40215e+07
09/26/2009 18:00,9,26,6,18,0,31.1,39,0,1.32134e+07,4.82518e+07,21.8875,21.8875,21.8875,16.8904,0,0.915142,0,6.88196e+07
09/26/2009 19:00,9,26,6,19,0,28.9,46,0,0,2.28739e+07,21.8843,21.8843,21.8843,21.8843,0,0,0,0
09/26/2009 20:00,9,26,6,20,0,27.2,54,0,0,2.28739e+07,21.8843,21.8843,21.8843,21.8843,0,0,0,0
09/26/2009 21:00,9,26,6,21,0,27.2,63,0,0,1.97521e+07,21.8843,21.8843,21.8843,21.8843,0,0,0,0
09/26/2009 22:00,9,26,6,22,0,24.4,74,0,0,1.97521e+07,21.8843,21.8843,21.8843,21.8843,0,0,0,0
09/26/2009 23:00,9,26,6,23,0,23.3,82,0,0,1.69425e+07,21.8843,21.8843,21.8843,21.8843,0,0,0,0
09/27/2009 00:00,9,27,0,0,0,22.2,87,0,0,1.53816e+07,21.8843,21.8843,21.8843,21.8843,0,0,0,0
09/27/2009 01:00,9,27,0,1,0,21.7,87,0,0,2.07703e+07,21.8843,21.8843,21.8843,21.8843,0,0,0,0
09/27/2009 02:00,9,27,0,2,0,21.7,87,0,0,2.07703e+07,21.8843,21.8843,21.8843,21.8843,0,0,0,0
09/27/2009 03:00,9,27,0,3,0,21.1,90,0,0,2.07703e+07,21.8843,21.8843,21.8843,21.8843,0,0,0,0
09/27/2009 04:00,9,27,0,4,0,20.6,93,0,0,2.07703e+07,21.8843,21.8843,21.8843,21.8843,0,0,0,0
09/27/2009 05:00,9,27,0,5,0,20,93,0,0,2.07703e+07,21.8843,21.8843,21.8843,21.8843,0,0,0,0
09/27/2009 06:00,9,27,0,6,0,20,100,0,0,2.23312e+07,21.8843,21.8843,21.8843,21.8843,0,0,0,0
09/27/2009 07:00,9,27,0,7,0,20,97,0,9.14379e+06,3.13293e+07,22.0052,22.0052,22.0052,16.8904,0,0.624037,0,4.816e+07
09/27/2009 08:00,9,27,0,8,0,22.2,90,0,1.0766e+07,3.92403e+07,21.9512,21.9512,21.9512,16.8904,0,0.728583,0,5.54874e+07
09/27/2009 09:00,9,27,0,9,0,26.7,69,0,1.60829e+07,7.178e+07,21.9286,21.9286,21.9286,16.8904,0,1.14209,0,8.65915e+07
09/27/2009 10:00,9,27,0,10,0,28.9,61,0,1.66517e+07,7.25048e+07,21.92,21.92,21.92,16.8904,0,1.18817,0,8.99321e+07
09/27/2009 11:00,9,27,0,11,0,31.1,50,0,1.69089e+07,7.28334e+07,21.9115,21.9115,21.9115,16.8904,0,1.20948,0,9.13894e+07
09/27/2009 12:00,9,27,0,12,0,31.7,42,0,1.67359e+07,7.26186e+07,21.9055,21.9055,21.9055,16.8904,0,1.19745,0,9.03732e+07
09/27/2009 13:00,9,27,0,13,0,32.8,38,0,1.60019e+07,6.72612e+07,21.895,21.895,21.895,16.8904,0,1.13791,0,8.56995e+07
09/27/2009 14:00,9,27,0,14,0,32.8,35,0,1.7111e+07,7.30973e+07,21.8877,21.8877,21.8877,16.8904,0,1.22784,0,9.2337e+07
09/27/2009 15:00,9,27,0,15,0,33.3,34,0,1.75811e+07,7.36918e+07,21.8894,21.8894,21.8894,16.8904,0,1.264,0,9.50889e+07
09/27/2009 16:00,9,27,0,16,0,32.8,35,0,1.74818e+07,7.3563e+07,21.8905,21.8905,21.8905,16.8904,0,1.25514,0,9.44445e+07
09/27/2009 17:00,9,27,0,17,0,31.1,45,0,1.70836e+07,7.30542e+07,21.8923,21.8923,21.8923,16.8904,0,1.22244,0,9.20158e+07
09/27/2009 18:00,9,27,0,18,0,29.4,51,0,1.29499e+07,4.79184e+07,21.8921,21.8921,21.8921,16.8904,0,0.894749,0,6.73471e+07
09/27/2009 19:00,9,27,0,19,0,27.8,57,0,0,2.28739e+07,21.8896,21.8896,21.8896,21.8896,0,0,0,0
09/27/2009 20:00,9,27,0,20,0,26.7,60,0,0,2.28739e+07,21.8896,21.8896,21.8896,21.8896,0,0,0,0
09/27/2009 21:00,9,27,0,21,0,25.6,69,0,0,1.97521e+07,21.8896,21.8896,21.8896,21.8896,0,0,0,0
09/27/2009 22:00,9,27,0,22,0,25,71,0,0,1.97521e+07,21.8896,21.8896,21.8896,21.8896,0,0,0,0
09/27/2009 23:00,9,27,0,23,0,23.9,79,0,0,1.69425e+07,21.8896,21.8896,21.8896,21.8896,0,0,0,0
09/28/2009 00:00,9,28,1,0,0,22.2,84,0,0,1.53816e+07,21.8896,21.8896,21.8896,21.8896,0,0,0,0
09/28/2009 01:00,9,28,1,1,0,21.1,87,0,0,2.07703e+07,21.8896,21.8896,21.8896,21.8896,0,0,0,0
09/28/2009 02:00,9,28,1,2,0,20,93,0,0,2.07703e+07,21.8896,21.8896,21.8896,21.8896,0,0,0,0
09/28/2009 03:00,9,28,1,3,0,18.9,93,0,0,2.07703e+07,21.8896,21.8896,21.8896,21.8896,0,0,0,0
09/28/2009 04:00,9,28,1,4,0,18.9,90,0,0,2.07703e+07,21.8896,21.8896,21.8896,21.8896,0,0,0,0
09/28/2009 05:00,9,28,1,5,0,18.9,93,0,0,2.07703e+07,21.8896,21.8896,21.8896,21.8896,0,0,0,0
09/28/2009 06:00,9,28,1,6,0,18.9,90,0,0,2.23312e+07,21.8896,21.8896,21.8896,21.8896,0,0,0,0
09/28/2009 07:00,9,28,1,7,0,20,87,0,9.59719e+06,3.1891e+07,22.0017,22.0017,22.0017,16.8904,0,0.655794,0,5.05703e+07
09/28/2009 08:00,9,28,1,8,0,24.4,76,0,1.3099e+07,4.21801e+07,21.9677,21.9677,21.9677,16.8904,0,0.907615,0,6.93606e+07
09/28/2009 09:00,9,28,1,9,0,27.8,67,0,1.67301e+07,7.261e+07,21.9343,21.9343,21.9343,16.8904,0,1.19606,0,9.07871e+07
09/28/2009 10:00,9,28,1,10,0,29.4,57,0,1.73531e+07,7.34065e+07,21.9183,21.9183,21.9183,16.8904,0,1.24738,0,9.43829e+07
09/28/2009 11:00,9,28,1,11,0,31.1,43,0,1.70295e+07,7.2995e+07,21.9079,21.9079,21.9079,16.8904,0,1.22173,0,9.22499e+07
09/28/2009 12:00,9,28,1,12,0,31.1,43,0,1.7186e+07,7.32065e+07,21.9003,21.9003,21.9003,16.8904,0,1.23825,0,9.33557e+07
09/28/2009 13:00,9,28,1,13,0,32.8,35,0,1.64208e+07,6.78086e+07,21.8938,21.8938,21.8938,16.8904,0,1.17602,0,8.85494e+07
09/28/2009 14:00,9,28,1,14,0,33.3,34,0,1.7635e+07,7.3779e+07,21.8835,21.8835,21.8835,16.8904,0,1.27437,0,9.57563e+07
09/28/2009 15:00,9,28,1,15,0,33.9,30,0,1.83777e+07,7.47212e+07,21.8856,21.8856,21.8856,16.8904,0,1.33262,0,1.00176e+08
09/28/2009 16:00,9,28,1,16,0,33.3,32,0,1.81716e+07,7.44525e+07,21.8851,21.8851,21.8851,16.8904,0,1.31396,0,9.87626e+07
09/28/2009 17:00,9,28,1,17,0,31.1,47,0,1.78498e+07,7.40387e+07,21.888,21.888,21.888,16.8904,0,1.28659,0,9.67612e+07
09/28/2009 18:00,9,28,1,18,0,30,46,0,1.36113e+07,4.87558e+07,21.8896,21.8896,21.8896,16.8904,0,0.946338,0,7.11946e+07
09/28/2009 19:00,9,28,1,19,0,27.8,55,0,0,2.28739e+07,21.8872,21.8872,21.8872,21.8872,0,0,0,0
09/28/2009 20:00,9,28,1,20,0,26.7,60,0,0,2.28739e+07,21.8872,21.8872,21.8872,21.8872,0,0,0,0
09/28/2009 21:00,9,28,1,21,0,26.1,65,0,0,1.97521e+07,21.8872,21.8872,21.8872,21.8872,0,0,0,0
09/28/2009 22:00,9,28,1,22,0,25,74,0,0,1.97521e+07,21.8872,21.8872,21.8872,21.8872,0,0,0,0
09/28/2009 23:00,9,28,1,23,0,25,76,0,0,1.69425e+07,21.8872,21.8872,21.8872,21.8872,0,0,0,0
09/29/2009 00:00,9,29,2,0,0,24.4,79,0,0,1.53816e+07,21.8872,21.8872,21.8872,21.8872,0,0,0,0
09/29/2009 01:00,9,29,2,1,0,23.3,87,0,0,2.07703e+07,21.8872,21.8872,21.8872,21.8872,0,0,0,0
09/29/2009 02:00,9,29,2,2,0,23.3,87,0,0,2.07703e+07,21.8872,21.8872,21.8872,21.8872,0,0,0,0
09/29/2009 03:00,9,29,2,3,0,22.2,90,0,0,2.07703e+07,21.8872,21.8872,21.8872,21.8872,0,0,0,0
09/29/2009 04:00,9,29,2,4,0,22.2,90,0,0,2.07703e+07,21.8872,21.8872,21.8872,21.8872,0,0,0,0
09/29/2009 05:00,9,29,2,5,0,21.1,93,0,0,2.07703e+07,21.8872,21.8872,21.8872,21.8872,0,0,0,0
09/29/2009 06:00,9,29,2,6,0,21.7,93,0,0,2.23312e+07,21.8872,21.8872,21.8872,21.8872,0,0,0,0
09/29/2009 07:00,9,29,2,7,0,22.8,94,0,1.07726e+07,3.33532e+07,22.0604,22.0604,22.0604,16.8904,0,0.740264,0,5.77652e+07
09/29/2009 08:00,9,29,2,8,0,26.7,79,0,1.2601e+07,4.1547e+07,21.9965,21.9965,21.9965,16.8904,0,0.867558,0,6.66633e+07
09/29/2009 09:00,9,29,2,9,0,29.4,67,0,1.74227e+07,7.3487e+07,21.9572,21.9572,21.9572,16.8904,0,1.25051,0,9.53506e+07
09/29/2009 10:00,9,29,2,10,0,29.4,63,0,1.6897e+07,7.28159e+07,21.9362,21.9362,21.9362,16.8904,0,1.20784,0,9.17159e+07
09/29/2009 11:00,9,29,2,11,0,32.2,52,0,1.6996e+07,7.29448e+07,21.9187,21.9187,21.9187,16.8904,0,1.21675,0,9.20723e+07
09/29/2009 12:00,9,29,2,12,0,31.1,53,0,1.65007e+07,7.2314e+07,21.9114,21.9114,21.9114,16.8904,0,1.17689,0,8.89249e+07
09/29/2009 13:00,9,29,2,13,0,27.8,67,0,1.58809e+07,6.7111e+07,21.9074,21.9074,21.9074,16.8904,0,1.12948,0,8.52763e+07
09/29/2009 14:00,9,29,2,14,0,27.2,69,0,1.65098e+07,7.2327e+07,21.9009,21.9009,21.9009,16.8904,0,1.17798,0,8.8822e+07
09/29/2009 15:00,9,29,2,15,0,28.9,53,0,1.73071e+07,7.33446e+07,21.8995,21.8995,21.8995,16.8904,0,1.24257,0,9.3666e+07
09/29/2009 16:00,9,29,2,16,0,28.3,61,0,1.69124e+07,7.28375e+07,21.8989,21.8989,21.8989,16.8904,0,1.20946,0,9.11595e+07
09/29/2009 17:00,9,29,2,17,0,27.8,63,0,1.5737e+07,7.13407e+07,21.9004,21.9004,21.9004,16.8904,0,1.11506,0,8.40693e+07
09/29/2009 18:00,9,29,2,18,0,26.7,65,0,1.20629e+07,4.68019e+07,21.8979,21.8979,21.8979,16.8904,0,0.82746,0,6.23555e+07
09/29/2009 19:00,9,29,2,19,0,26.1,72,0,0,2.28739e+07,21.8941,21.8941,21.8941,21.8941,0,0,0,0
09/29/2009 20:00,9,29,2,20,0,26.1,74,0,0,2.28739e+07,21.8941,21.8941,21.8941,21.8941,0,0,0,0
09/29/2009 21:00,9,29,2,21,0,24.4,85,0,0,1.97521e+07,21.8941,21.8941,21.8941,21.8941,0,0,0,0
09/29/2009 22:00,9,29,2,22,0,22.2,90,0,0,1.97521e+07,21.8941,21.8941,21.8941,21.8941,0,0,0,0
09/29/2009 23:00,9,29,2,23,0,21.7,93,0,0,1.69425e+07,21.8941,21.8941,21.8941,21.8941,0,0,0,0
09/30/2009 00:00,9,30,3,0,0,21.7,90,0,0,1.53816e+07,21.8941,21.8941,21.8941,21.8941,0,0,0,0
09/30/2009 01:00,9,30,3,1,0,20.6,93,0,0,1.42679e+07,21.8941,21.8941,21.8941,21.8941,0,0,0,0
09/30/2009 02:00,9,30,3,2,0,20,97,0,0,1.42679e+07,21.8941,21.8941,21.8941,21.8941,0,0,0,0
09/30/2009 03:00,9,30,3,3,0,20.6,97,0,0,1.42679e+07,21.8941,21.8941,21.8941,21.8941,0,0,0,0
09/30/2009 04:00,9,30,3,4,0,20.6,97,0,0,1.42679e+07,21.8941,21.8941,21.8941,21.8941,0,0,0,0
09/30/2009 05:00,9,30,3,5,0,20.6,97,0,0,1.42679e+07,21.8941,21.8941,21.8941,21.8941,0,0,0,0
09/30/2009 06:00,9,30,3,6,0,20.6,97,0,0,1.42679e+07,21.8941,21.8941,21.8941,21.8941,0,0,0,0
09/30/2009 07:00,9,30,3,7,0,20.6,97,0,0,1.20098e+07,21.8941,21.8941,21.8941,21.8941,0,0,0,0
09/30/2009 08:00,9,30,3,8,0,21.7,93,0,0,1.20098e+07,21.8941,21.8941,21.8941,21.8941,0,0,0,0
09/30/2009 09:00,9,30,3,9,0,22.2,90,0,0,1.20098e+07,21.8941,21.8941,21.8941,21.8941,0,0,0,0
09/30/2009 10:00,9,30,3,10,0,22.8,90,0,0,1.20098e+07,21.8941,21.8941,21.8941,21.8941,0,0,0,0
09/30/2009 11:00,9,30,3,11,0,23.3,82,0,0,1.20098e+07,21.8941,21.8941,21.8941,21.8941,0,0,0,0
09/30/2009 12:00,9,30,3,12,0,23.9,82,0,0,1.20098e+07,21.8941,21.8941,21.8941,21.8941,0,0,0,0
09/30/2009 13:00,9,30,3,13,0,25,76,0,0,1.20098e+07,21.8941,21.8941,21.8941,21.8941,0,0,0,0
09/30/2009 14:00,9,30,3,14,0,25.6,74,0,0,1.20098e+07,21.8941,21.8941,21.8941,21.8941,0,0,0,0
09/30/2009 15:00,9,30,3,15,0,26.1,69,0,0,1.20098e+07,21.8941,21.8941,21.8941,21.8941,0,0,0,0
09/30/2009 16:00,9,30,3,16,0,26.7,67,0,0,1.20098e+07,21.8941,21.8941,21.8941,21.8941,0,0,0,0
09/30/2009 17:00,9,30,3,17,0,26.1,65,0,0,1.20098e+07,21.8941,21.8941,21.8941,21.8941,0,0,0,0
09/30/2009 18:00,9,30,3,18,0,25.6,72,0,0,1.20098e+07,21.8941,21.8941,21.8941,21.8941,0,0,0,0
09/30/2009 19:00,9,30,3,19,0,25,76,0,0,1.53816e+07,21.8941,21.8941,21.8941,21.8941,0,0,0,0
09/30/2009 20:00,9,30,3,20,0,22.8,87,0,0,1.53816e+07,21.8941,21.8941,21.8941,21.8941,0,0,0,0
09/30/2009 21:00,9,30,3,21,0,22.8,87,0,0,1.53816e+07,21.8941,21.8941,21.8941,21.8941,0,0,0,0
09/30/2009 22:00,9,30,3,22,0,23.3,90,0,0,1.53816e+07,21.8941,21.8941,21.8941,21.8941,0,0,0,0
09/30/2009 23:00,9,30,3,23,0,23.7,90,0,0,1.53816e+07,21.8941,21.8941,21.8941,21.8941,0,0,0,0
10/01/2009 00:00,10,1,4,0,0,24.2,90,0,0,1.53816e+07,21.8941,21.8941,21.8941,21.8941,0,0,0,0
10/01/2009 01:00,10,1,4,1,0,24.7,82,0,0,1.42679e+07,21.8941,21.8941,21.8941,21.8941,0,0,0,0
10/01/2009 02:00,10,1,4,2,0,25.2,82,0,0,1.42679e+07,21.8941,21.8941,21.8941,21.8941,0,0,0,0
10/01/2009 03:00,10,1,4,3,0,25.6,82,0,0,1.42679e+07,21.8941,21.8941,21.8941,21.8941,0,0,0,0
10/01/2009 04:00,10,1,4,4,0,26.1,82,0,0,1.42679e+07,21.8941,21.8941,21.8941,21.8941,0,0,0,0
10/01/2009 05:00,10,1,4,5,0,25,88,0,0,1.42679e+07,21.8941,21.8941,21.8941,21.8941,0,0,0,0
10/01/2009 06:00,10,1,4,6,0,25,88,0,0,1.42679e+07,21.8941,21.8941,21.8941,21.8941,0,0,0,0
10/01/2009 07:00,10,1,4,7,0,25,88,0,0,1.20098e+07,21.8941,21.8941,21.8941,21.8941,0,0,0,0
10/01/2009 08:00,10,1,4,8,0,28.3,74,0,0,1.20098e+07,21.8941,21.8941,21.8941,21.8941,0,0,0,0
10/01/2009 09:00,10,1,4,9,0,30,68,0,0,1.20098e+07,21.8941,21.8941,21.8941,21.8941,0,0,0,0
10/01/2009 10:00,10,1,4,10,0,31.1,61,0,0,1.20098e+07,21.8941,21.8941,21.8941,21.8941,0,0,0,0
10/01/2009 11:00,10,1,4,11,0,31.1,61,0,0,1.20098e+07,21.8941,21.8941,21.8941,21.8941,0,0,0,0
10/01/2009 12:00,10,1,4,12,0,32.8,58,0,0,1.20098e+07,21.8941,21.8941,21.8941,21.8941,0,0,0,0
10/01/2009 13:00,10,1,4,13,0,33.3,56,0,0,1.20098e+07,21.8941,21.8941,21.8941,21.8941,0,0,0,0
10/01/2009 14:00,10,1,4,14,0,33.3,56,0,0,1.20098e+07,21.8941,21.8941,21.8941,21.8941,0,0,0,0
10/01/2009 15:00,10,1,4,15,0,33.3,56,0,0,1.20098e+07,21.8941,21.8941,21.8941,21.8941,0,0,0,0
10/01/2009 16:00,10,1,4,16,0,32.2,57,0,0,1.20098e+07,21.8941,21.8941,21.8941,21.8941,0,0,0,0
10/01/2009 17:00,10,1,4,17,0,31.1,59,0,0,1.20098e+07,21.8941,21.8941,21.8941,21.8941,0,0,0,0
10/01/2009 18:00,10,1,4,18,0,30,63,0,0,1.20098e+07,21.8941,21.8941,21.8941,21.8941,0,0,0,0
10/01/2009 19:00,10,1,4,19,0,28.9,67,0,0,1.53816e+07,21.8941,21.8941,21.8941,21.8941,0,0,0,0
10/01/2009 20:00,10,1,4,20,0,27.8,74,0,0,1.53816e+07,21.8941,21.8941,21.8941,21.8941,0,0,0,0
10/01/2009 21:00,10,1,4,21,0,27.2,77,0,0,1.53816e+07,21.8941,21.8941,21.8941,21.8941,0,0,0,0
10/01/2009 22:00,10,1,4,22,0,26.1,82,0,0,1.53816e+07,21.8941,21.8941,21.8941,21.8941,0,0,0,0
10/01/2009 23:00,10,1,4,23,0,25.6,88,0,0,1.53816e+07,21.8941,21.8941,21.8941,21.8941,0,0,0,0
10/02/2009 00:00,10,2,5,0,0,25,91,0,0,1.53816e+07,21.8941,21.8941,21.8941,21.8941,0,0,0,0
10/02/2009 01:00,10,2,5,1,0,24.4,87,0,0,2.07703e+07,21.8941,21.8941,21.8941,21.8941,0,0,0,0
10/02/2009 02:00,10,2,5,2,0,25,88,0,0,2.07703e+07,21.8941,21.8941,21.8941,21.8941,0,0,0,0
10/02/2009 03:00,10,2,5,3,0,25,88,0,0,2.07703e+07,21.8941,21.8941,21.8941,21.8941,0,0,0,0
10/02/2009 04:00,10,2,5,4,0,23.9,90,0,0,2.07703e+07,21.8941,21.8941,21.8941,21.8941,0,0,0,0
10/02/2009 05:00,10,2,5,5,0,23.9,90,0,0,2.07703e+07,21.8941,21.8941,21.8941,21.8941,0,0,0,0
10/02/2009 06:00,10,2,5,6,0,23.3,90,0,0,2.23312e+07,21.8941,21.8941,21.8941,21.8941,0,0,0,0
10/02/2009 07:00,10,2,5,7,0,23.9,90,0,1.17645e+07,3.45894e+07,22.3214,22.3214,22.3214,16.8904,0,0.81161,0,6.67021e+07
10/02/2009 08:00,10,2,5,8,0,27.8,79,0,1.23419e+07,4.12247e+07,22.1546,22.1546,22.1546,16.8904,0,0.848281,0,6.71988e+07
10/02/2009 09:00,10,2,5,9,0,28.3,80,0,1.48514e+07,7.02033e+07,22.0639,22.0639,22.0639,16.8904,0,1.04027,0,8.09887e+07
10/02/2009 10:00,10,2,5,10,0,30.6,75,0,1.58611e+07,7.14911e+07,22.0166,22.0166,22.0166,16.8904,0,1.1222,0,8.65788e+07
10/02/2009 11:00,10,2,5,11,0,31.1,65,0,1.62683e+07,7.20224e+07,21.9691,21.9691,21.9691,16.8904,0,1.15903,0,8.85845e+07
10/02/2009 12:00,10,2,5,12,0,27.8,69,0,1.43979e+07,6.96368e+07,21.9557,21.9557,21.9557,16.8904,0,1.0072,0,7.67753e+07
10/02/2009 13:00,10,2,5,13,0,25.6,74,0,1.319e+07,6.36883e+07,21.9458,21.9458,21.9458,16.8904,0,0.913187,0,6.94724e+07
10/02/2009 14:00,10,2,5,14,0,28.3,72,0,1.51159e+07,7.05529e+07,21.931,21.931,21.931,16.8904,0,1.06556,0,8.08267e+07
10/02/2009 15:00,10,2,5,15,0,29.4,67,0,1.48375e+07,7.01977e+07,21.9217,21.9217,21.9217,16.8904,0,1.04281,0,7.89559e+07
10/02/2009 16:00,10,2,5,16,0,26.7,74,0,1.39701e+07,6.90976e+07,21.9213,21.9213,21.9213,16.8904,0,0.974393,0,7.37702e+07
10/02/2009 17:00,10,2,5,17,0,25.6,77,0,1.34778e+07,6.84754e+07,21.9241,21.9241,21.9241,16.8904,0,0.936174,0,7.09166e+07
10/02/2009 18:00,10,2,5,18,0,23.9,82,0,9.61975e+06,4.37369e+07,21.9249,21.9249,21.9249,16.8904,0,0.643937,0,4.87865e+07
10/02/2009 19:00,10,2,5,19,0,23.9,79,0,0,2.28739e+07,21.9223,21.9223,21.9223,21.9223,0,0,0,0
10/02/2009 20:00,10,2,5,20,0,22.2,84,0,0,2.28739e+07,21.9223,21.9223,21.9223,21.9223,0,0,0,0
10/02/2009 21:00,10,2,5,21,0,21.7,87,0,0,1.97521e+07,21.9223,21.9223,21.9223,21.9223,0,0,0,0
10/02/2009 22:00,10,2,5,22,0,21.7,87,0,0,1.97521e+07,21.9223,21.9223,21.9223,21.9223,0,0,0,0
10/02/2009 23:00,10,2,5,23,0,21.7,84,0,0,1.69425e+07,21.9223,21.9223,21.9223,21.9223,0,0,0,0
10/03/2009 00:00,10,3,6,0,0,21.7,79,0,0,1.53816e+07,21.9223,21.9223,21.9223,21.9223,0,0,0,0
10/03/2009 01:00,10,3,6,1,0,20.6,76,0,0,2.07703e+07,21.9223,21.9223,21.9223,21.9223,0,0,0,0
10/03/2009 02:00,10,3,6,2,0,19.4,78,0,0,2.07703e+07,21.9223,21.9223,21.9223,21.9223,0,0,0,0
10/03/2009 03:00,10,3,6,3,0,18.9,78,0,0,2.07703e+07,21.9223,21.9223,21.9223,21.9223,0,0,0,0
10/03/2009 04:00,10,3,6,4,0,18.3,73,0,0,2.07703e+07,21.9223,21.9223,21.9223,21.9223,0,0,0,0
10/03/2009 05:00,10,3,6,5,0,17.2,81,0,0,2.07703e+07,21.9223,21.9223,21.9223,21.9223,0,0,0,0
10/03/2009 06:00,10,3,6,6,0,16.7,78,0,0,2.23312e+07,21.9223,21.9223,21.9223,21.9223,0,0,0,0
10/03/2009 07:00,10,3,6,7,0,16.1,78,0,5.5385e+06,2.68395e+07,22.0205,22.0205,22.0205,16.8904,0,0.363025,0,2.80265e+07
10/03/2009 08:00,10,3,6,8,0,17.8,65,0,6.84958e+06,3.4361e+07,21.9822,21.9822,21.9822,16.8904,0,0.444499,0,3.40594e+07
10/03/2009 09:00,10,3,6,9,0,19.4,55,0,1.20613e+07,6.66939e+07,21.9599,21.9599,21.9599,16.8904,0,0.828223,0,6.31849e+07
10/03/2009 10:00,10,3,6,10,0,20.6,51,0,1.32388e+07,6.81844e+07,21.9463,21.9463,21.9463,16.8904,0,0.92063,0,7.00471e+07
10/03/2009 11:00,10,3,6,11,0,21.7,48,0,1.30233e+07,6.79138e+07,21.9332,21.9332,21.9332,16.8904,0,0.904696,0,6.86554e+07
10/03/2009 12:00,10,3,6,12,0,22.8,48,0,1.30772e+07,6.79896e+07,21.9255,21.9255,21.9255,16.8904,0,0.911428,0,6.90609e+07
10/03/2009 13:00,10,3,6,13,0,23.3,48,0,1.23511e+07,6.26526e+07,21.9165,21.9165,21.9165,16.8904,0,0.855629,0,6.47164e+07
10/03/2009 14:00,10,3,6,14,0,23.9,45,0,1.35648e+07,6.86014e+07,21.9061,21.9061,21.9061,16.8904,0,0.947702,0,7.15325e+07
10/03/2009 15:00,10,3,6,15,0,24.4,43,0,1.3152e+07,6.80689e+07,21.9065,21.9065,21.9065,16.8904,0,0.912118,0,6.88528e+07
10/03/2009 16:00,10,3,6,16,0,23.9,43,0,1.37169e+07,6.87824e+07,21.9083,21.9083,21.9083,16.8904,0,0.955595,0,7.21602e+07
10/03/2009 17:00,10,3,6,17,0,23.3,41,0,1.32828e+07,6.82323e+07,21.9096,21.9096,21.9096,16.8904,0,0.921331,0,6.95912e+07
10/03/2009 18:00,10,3,6,18,0,21.1,47,0,8.9809e+06,4.29412e+07,21.908,21.908,21.908,16.8904,0,0.597213,0,4.50953e+07
10/03/2009 19:00,10,3,6,19,0,17.2,65,0,0,2.28739e+07,21.905,21.905,21.905,21.905,0,0,0,0
10/03/2009 20:00,10,3,6,20,0,16.7,63,0,0,2.28739e+07,21.905,21.905,21.905,21.905,0,0,0,0
10/03/2009 21:00,10,3,6,21,0,16.1,67,0,0,1.97521e+07,21.905,21.905,21.905,21.905,0,0,0,0
10/03/2009 22:00,10,3,6,22,0,15.6,67,0,0,1.97521e+07,21.905,21.905,21.905,21.905,0,0,0,0
10/03/2009 23:00,10,3,6,23,0,14.4,72,0,0,1.69425e+07,21.905,21.905,21.905,21.905,0,0,0,0
10/04/2009 00:00,10,4,0,0,0,13.9,78,0,0,1.53816e+07,21.905,21.905,21.905,21.905,0,0,0,0
10/04/2009 01:00,10,4,0,1,0,12.2,86,0,0,2.07703e+07,21.905,21.905,21.905,21.905,0,0,0,0
10/04/2009 02:00,10,4,0,2,0,12.2,86,0,0,2.07703e+07,21.905,21.905,21.905,21.905,0,0,0,0
10/04/2009 03:00,10,4,0,3,0,11.7,90,0,0,2.07703e+07,21.905,21.905,21.905,21.905,0,0,0,0
10/04/2009 04:00,10,4,0,4,0,11.7,90,0,0,2.07703e+07,21.905,21.905,21.905,21.905,0,0,0,0
10/04/2009 05:00,10,4,0,5,0,11.7,90,0,0,2.07703e+07,21.905,21.905,21.905,21.905,0,0,0,0
10/04/2009 06:00,10,4,0,6,0,11.7,90,0,0,2.23312e+07,21.905,21.905,21.905,21.905,0,0,0,0
10/04/2009 07:00,10,4,0,7,0,12.2,80,0,2.76869e+06,2.34119e+07,21.9453,21.9453,21.9453,16.8904,0,0.169093,0,1.28574e+07
10/04/2009 08:00,10,4,0,8,0,15,67,0,4.21812e+06,3.11127e+07,21.9046,21.9046,21.9046,16.8904,0,0.262666,0,1.98202e+07
10/04/2009 09:00,10,4,0,9,0,18.3,56,0,9.44271e+06,6.34141e+07,21.9038,21.9038,21.9038,16.8904,0,0.633277,0,4.77775e+07
10/04/2009 10:00,10,4,0,10,0,20.6,49,0,1.07982e+07,6.51133e+07,21.9138,21.9138,21.9138,16.8904,0,0.734695,0,5.55404e+07
10/04/2009 11:00,10,4,0,11,0,21.7,48,0,1.13989e+07,6.58728e+07,21.9189,21.9189,21.9189,16.8904,0,0.781812,0,5.91617e+07
10/04/2009 12:00,10,4,0,12,0,23.3,45,0,1.16356e+07,6.61752e+07,21.9226,21.9226,21.9226,16.8904,0,0.801399,0,6.06891e+07
10/04/2009 13:00,10,4,0,13,0,23.9,40,0,1.07917e+07,6.06942e+07,21.9168,21.9168,21.9168,16.8904,0,0.737905,0,5.58158e+07
10/04/2009 14:00,10,4,0,14,0,24.4,37,0,1.22262e+07,6.69152e+07,21.9117,21.9117,21.9117,16.8904,0,0.845169,0,6.38653e+07
10/04/2009 15:00,10,4,0,15,0,25.6,35,0,1.31096e+07,6.80233e+07,21.9153,21.9153,21.9153,16.8904,0,0.910791,0,6.88729e+07
10/04/2009 16:00,10,4,0,16,0,25,32,0,1.30535e+07,6.79489e+07,21.9166,21.9166,21.9166,16.8904,0,0.905125,0,6.84624e+07
10/04/2009 17:00,10,4,0,17,0,24.4,35,0,1.24009e+07,6.71217e+07,21.9175,21.9175,21.9175,16.8904,0,0.85374,0,6.45866e+07
10/04/2009 18:00,10,4,0,18,0,21.7,43,0,7.6548e+06,4.12902e+07,21.9171,21.9171,21.9171,16.8904,0,0.501582,0,3.79423e+07
10/04/2009 19:00,10,4,0,19,0,17.2,68,0,0,2.28739e+07,21.9143,21.9143,21.9143,21.9143,0,0,0,0
10/04/2009 20:00,10,4,0,20,0,15.6,78,0,0,2.28739e+07,21.9143,21.9143,21.9143,21.9143,0,0,0,0
10/04/2009 21:00,10,4,0,21,0,15,84,0,0,1.97521e+07,21.9143,21.9143,21.9143,21.9143,0,0,0,0
10/04/2009 22:00,10,4,0,22,0,14.4,84,0,0,1.97521e+07,21.9143,21.9143,21.9143,21.9143,0,0,0,0
10/04/2009 23:00,10,4,0,23,0,13.9,83,0,0,1.69425e+07,21.9143,21.9143,21.9143,21.9143,0,0,0,0
10/05/2009 00:00,10,5,1,0,0,13.3,87,0,0,1.53816e+07,21.9143,21.9143,21.9143,21.9143,0,0,0,0
10/05/2009 01:00,10,5,1,1,0,12.8,90,0,0,2.07703e+07,21.9143,21.9143,21.9143,21.9143,0,0,0,0
10/05/2009 02:00,10,5,1,2,0,12.2,90,0,0,2.07703e+07,21.9143,21.9143,21.9143,21.9143,0,0,0,0
10/05/2009 03:00,10,5,1,3,0,11.7,93,0,0,2.07703e+07,21.9143,21.9143,21.9143,21.9143,0,0,0,0
10/05/2009 04:00,10,5,1,4,0,12.8,93,0,0,2.07703e+07,21.9143,21.9143,21.9143,21.9143,0,0,0,0
10/05/2009 05:00,10,5,1,5,0,12.8,86,0,0,2.07703e+07,21.9143,21.9143,21.9143,21.9143,0,0,0,0
10/05/2009 06:00,10,5,1,6,0,12.8,86,0,0,2.23312e+07,21.9143,21.9143,21.9143,21.9143,0,0,0,0
10/05/2009 07:00,10,5,1,7,0,13.9,80,0,2.4352e+06,2.30002e+07,21.9605,21.9605,21.9605,16.8904,0,0.145863,0,1.11239e+07
10/05/2009 08:00,10,5,1,8,0,17.8,65,0,3.49257e+06,3.02176e+07,21.9315,21.9315,21.9315,16.8904,0,0.212739,0,1.61388e+07
10/05/2009 09:00,10,5,1,9,0,21.1,57,0,8.10161e+06,6.17364e+07,21.9321,21.9321,21.9321,16.8904,0,0.534143,0,4.0526e+07
10/05/2009 10:00,10,5,1,10,0,23.9,54,0,1.00861e+07,6.42156e+07,21.9394,21.9394,21.9394,16.8904,0,0.679927,0,5.16619e+07
10/05/2009 11:00,10,5,1,11,0,26.1,52,0,1.07935e+07,6.51073e+07,21.9417,21.9417,21.9417,16.8904,0,0.734479,0,5.58321e+07
10/05/2009 12:00,10,5,1,12,0,26.7,51,0,1.12398e+07,6.56766e+07,21.9398,21.9398,21.9398,16.8904,0,0.771009,0,5.85867e+07
10/05/2009 13:00,10,5,1,13,0,27.8,46,0,1.02689e+07,6.00344e+07,21.9329,21.9329,21.9329,16.8904,0,0.697399,0,5.29211e+07
10/05/2009 14:00,10,5,1,14,0,28.3,43,0,1.20337e+07,6.66732e+07,21.9261,21.9261,21.9261,16.8904,0,0.830493,0,6.29361e+07
10/05/2009 15:00,10,5,1,15,0,28.3,43,0,1.29207e+07,6.77854e+07,21.9266,21.9266,21.9266,16.8904,0,0.896261,0,6.79266e+07
10/05/2009 16:00,10,5,1,16,0,27.2,47,0,1.29747e+07,6.78502e+07,21.9276,21.9276,21.9276,16.8904,0,0.899174,0,6.81608e+07
10/05/2009 17:00,10,5,1,17,0,26.7,51,0,1.26299e+07,6.74125e+07,21.9276,21.9276,21.9276,16.8904,0,0.871716,0,6.60799e+07
10/05/2009 18:00,10,5,1,18,0,24.4,58,0,8.08262e+06,4.18238e+07,21.925,21.925,21.925,16.8904,0,0.532379,0,4.03353e+07
10/05/2009 19:00,10,5,1,19,0,22.8,69,0,0,2.28739e+07,21.9215,21.9215,21.9215,21.9215,0,0,0,0
10/05/2009 20:00,10,5,1,20,0,21.7,73,0,0,2.28739e+07,21.9215,21.9215,21.9215,21.9215,0,0,0,0
10/05/2009 21:00,10,5,1,21,0,21.7,73,0,0,1.97521e+07,21.9215,21.9215,21.9215,21.9215,0,0,0,0
10/05/2009 22:00,10,5,1,22,0,21.1,73,0,0,1.97521e+07,21.9215,21.9215,21.9215,21.9215,0,0,0,0
10/05/2009 23:00,10,5,1,23,0,21.1,73,0,0,1.69425e+07,21.9215,21.9215,21.9215,21.9215,0,0,0,0
10/06/2009 00:00,10,6,2,0,0,19.4,81,0,0,1.53816e+07,21.9215,21.9215,21.9215,21.9215,0,0,0,0
10/06/2009 01:00,10,6,2,1,0,18.9,81,0,0,2.07703e+07,21.9215,21.9215,21.9215,21.9215,0,0,0,0
10/06/2009 02:00,10,6,2,2,0,17.8,84,0,0,2.07703e+07,21.9215,21.9215,21.9215,21.9215,0,0,0,0
10/06/2009 03:00,10,6,2,3,0,16.1,90,0,0,2.07703e+07,21.9215,21.9215,21.9215,21.9215,0,0,0,0
10/06/2009 04:00,10,6,2,4,0,16.7,90,0,0,2.07703e+07,21.9215,21.9215,21.9215,21.9215,0,0,0,0
10/06/2009 05:00,10,6,2,5,0,16.7,84,0,0,2.07703e+07,21.9215,21.9215,21.9215,21.9215,0,0,0,0
10/06/2009 06:00,10,6,2,6,0,17.2,78,0,0,2.23312e+07,21.9215,21.9215,21.9215,21.9215,0,0,0,0
10/06/2009 07:00,10,6,2,7,0,17.8,75,0,3.61804e+06,2.44628e+07,22.0187,22.0187,22.0187,16.8904,0,0.22845,0,1.76149e+07
10/06/2009 08:00,10,6,2,8,0,18.9,70,0,4.07291e+06,3.09287e+07,21.9932,21.9932,21.9932,16.8904,0,0.25138,0,1.93034e+07
10/06/2009 09:00,10,6,2,9,0,20,66,0,8.74853e+06,6.254e+07,21.9816,21.9816,21.9816,16.8904,0,0.580414,0,4.44693e+07
10/06/2009 10:00,10,6,2,10,0,21.7,61,0,9.59084e+06,6.35904e+07,21.9752,21.9752,21.9752,16.8904,0,0.641736,0,4.91056e+07
10/06/2009 11:00,10,6,2,11,0,25.6,49,0,1.22922e+07,6.69903e+07,21.9655,21.9655,21.9655,16.8904,0,0.847718,0,6.47434e+07
10/06/2009 12:00,10,6,2,12,0,26.7,44,0,1.22204e+07,6.69036e+07,21.9514,21.9514,21.9514,16.8904,0,0.843529,0,6.4245e+07
10/06/2009 13:00,10,6,2,13,0,28.3,38,0,1.15834e+07,6.16852e+07,21.9366,21.9366,21.9366,16.8904,0,0.796507,0,6.04866e+07
10/06/2009 14:00,10,6,2,14,0,28.9,37,0,1.30101e+07,6.79029e+07,21.926,21.926,21.926,16.8904,0,0.905125,0,6.85893e+07
10/06/2009 15:00,10,6,2,15,0,28.9,38,0,1.35577e+07,6.85875e+07,21.9227,21.9227,21.9227,16.8904,0,0.944968,0,7.15629e+07
10/06/2009 16:00,10,6,2,16,0,27.8,38,0,1.34724e+07,6.8476e+07,21.9232,21.9232,21.9232,16.8904,0,0.937063,0,7.09702e+07
10/06/2009 17:00,10,6,2,17,0,26.7,45,0,1.24835e+07,6.72231e+07,21.9225,21.9225,21.9225,16.8904,0,0.859542,0,6.509e+07
10/06/2009 18:00,10,6,2,18,0,23.9,56,0,7.8543e+06,4.15376e+07,21.9216,21.9216,21.9216,16.8904,0,0.515869,0,3.90579e+07
10/06/2009 19:00,10,6,2,19,0,20,76,0,0,2.28739e+07,21.9187,21.9187,21.9187,21.9187,0,0,0,0
10/06/2009 20:00,10,6,2,20,0,20,78,0,0,2.28739e+07,21.9187,21.9187,21.9187,21.9187,0,0,0,0
10/06/2009 21:00,10,6,2,21,0,18.9,84,0,0,1.97521e+07,21.9187,21.9187,21.9187,21.9187,0,0,0,0
10/06/2009 22:00,10,6,2,22,0,18.3,87,0,0,1.97521e+07,21.9187,21.9187,21.9187,21.9187,0,0,0,0
10/06/2009 23:00,10,6,2,23,0,18.3,87,0,0,1.69425e+07,21.9187,21.9187,21.9187,21.9187,0,0,0,0
10/07/2009 00:00,10,7,3,0,0,17.8,90,0,0,1.53816e+07,21.9187,21.9187,21.9187,21.9187,0,0,0,0
10/07/2009 01:00,10,7,3,1,0,17.8,90,0,0,1.42679e+07,21.9187,21.9187,21.9187,21.9187,0,0,0,0
10/07/2009 02:00,10,7,3,2,0,17.2,90,0,0,1.42679e+07,21.9187,21.9187,21.9187,21.9187,0,0,0,0
10/07/2009 03:00,10,7,3,3,0,16.7,93,0,0,1.42679e+07,21.9187,21.9187,21.9187,21.9187,0,0,0,0
10/07/2009 04:00,10,7,3,4,0,16.7,93,0,0,1.42679e+07,21.9187,21.9187,21.9187,21.9187,0,0,0,0
10/07/2009 05:00,10,7,3,5,0,16.7,93,0,0,1.42679e+07,21.9187,21.9187,21.9187,21.9187,0,0,0,0
10/07/2009 06:00,10,7,3,6,0,18.3,84,0,0,1.42679e+07,21.9187,21.9187,21.9187,21.9187,0,0,0,0
10/07/2009 07:00,10,7,3,7,0,19.4,84,0,0,1.20098e+07,21.9187,21.9187,21.9187,21.9187,0,0,0,0
10/07/2009 08:00,10,7,3,8,0,22.2,76,0,0,1.20098e+07,21.9187,21.9187,21.9187,21.9187,0,0,0,0
10/07/2009 09:00,10,7,3,9,0,24.4,71,0,0,1.20098e+07,21.9187,21.9187,21.9187,21.9187,0,0,0,0
10/07/2009 10:00,10,7,3,10,0,27.2,65,0,0,1.20098e+07,21.9187,21.9187,21.9187,21.9187,0,0,0,0
10/07/2009 11:00,10,7,3,11,0,27.2,65,0,0,1.20098e+07,21.9187,21.9187,21.9187,21.9187,0,0,0,0
10/07/2009 12:00,10,7,3,12,0,25.6,71,0,0,1.20098e+07,21.9187,21.9187,21.9187,21.9187,0,0,0,0
10/07/2009 13:00,10,7,3,13,0,26.1,72,0,0,1.20098e+07,21.9187,21.9187,21.9187,21.9187,0,0,0,0
10/07/2009 14:00,10,7,3,14,0,27.2,69,0,0,1.20098e+07,21.9187,21.9187,21.9187,21.9187,0,0,0,0
10/07/2009 15:00,10,7,3,15,0,27.2,72,0,0,1.20098e+07,21.9187,21.9187,21.9187,21.9187,0,0,0,0
10/07/2009 16:00,10,7,3,16,0,26.7,72,0,0,1.20098e+07,21.9187,21.9187,21.9187,21.9187,0,0,0,0
10/07/2009 17:00,10,7,3,17,0,26.7,72,0,0,1.20098e+07,21.9187,21.9187,21.9187,21.9187,0,0,0,0
10/07/2009 18:00,10,7,3,18,0,26.7,69,0,0,1.20098e+07,21.9187,21.9187,21.9187,21.9187,0,0,0,0
10/07/2009 19:00,10,7,3,19,0,25.6,74,0,0,1.53816e+07,21.9187,21.9187,21.9187,21.9187,0,0,0,0
10/07/2009 20:00,10,7,3,20,0,25,76,0,0,1.53816e+07,21.9187,21.9187,21.9187,21.9187,0,0,0,0
10/07/2009 21:00,10,7,3,21,0,24.4,76,0,0,1.53816e+07,21.9187,21.9187,21.9187,21.9187,0,0,0,0
10/07/2009 22:00,10,7,3,22,0,23.9,79,0,0,1.53816e+07,21.9187,21.9187,21.9187,21.9187,0,0,0,0
10/07/2009 23:00,10,7,3,23,0,23.3,84,0,0,1.53816e+07,21.9187,21.9187,21.9187,21.9187,0,0,0,0
10/08/2009 00:00,10,8,4,0,0,23.3,84,0,0,1.53816e+07,21.9187,21.9187,21.9187,21.9187,0,0,0,0
10/08/2009 01:00,10,8,4,1,0,23.3,84,0,0,1.42679e+07,21.9187,21.9187,21.9187,21.9187,0,0,0,0
10/08/2009 02:00,10,8,4,2,0,22.8,87,0,0,1.42679e+07,21.9187,21.9187,21.9187,21.9187,0,0,0,0
10/08/2009 03:00,10,8,4,3,0,22.8,87,0,0,1.42679e+07,21.9187,21.9187,21.9187,21.9187,0,0,0,0
10/08/2009 04:00,10,8,4,4,0,23.3,87,0,0,1.42679e+07,21.9187,21.9187,21.9187,21.9187,0,0,0,0
10/08/2009 05:00,10,8,4,5,0,23.9,85,0,0,1.42679e+07,21.9187,21.9187,21.9187,21.9187,0,0,0,0
10/08/2009 06:00,10,8,4,6,0,23.9,85,0,0,1.42679e+07,21.9187,21.9187,21.9187,21.9187,0,0,0,0
10/08/2009 07:00,10,8,4,7,0,23.9,85,0,0,1.20098e+07,21.9187,21.9187,21.9187,21.9187,0,0,0,0
10/08/2009 08:00,10,8,4,8,0,26.1,79,0,0,1.20098e+07,21.9187,21.9187,21.9187,21.9187,0,0,0,0
10/08/2009 09:00,10,8,4,9,0,27.8,74,0,0,1.20098e+07,21.9187,21.9187,21.9187,21.9187,0,0,0,0
10/08/2009 10:00,10,8,4,10,0,28.9,65,0,0,1.20098e+07,21.9187,21.9187,21.9187,21.9187,0,0,0,0
10/08/2009 11:00,10,8,4,11,0,30,59,0,0,1.20098e+07,21.9187,21.9187,21.9187,21.9187,0,0,0,0
10/08/2009 12:00,10,8,4,12,0,31.7,52,0,0,1.20098e+07,21.9187,21.9187,21.9187,21.9187,0,0,0,0
10/08/2009 13:00,10,8,4,13,0,32.2,50,0,0,1.20098e+07,21.9187,21.9187,21.9187,21.9187,0,0,0,0
10/08/2009 14:00,10,8,4,14,0,32.8,50,0,0,1.20098e+07,21.9187,21.9187,21.9187,21.9187,0,0,0,0
10/08/2009 15:00,10,8,4,15,0,32.2,50,0,0,1.20098e+07,21.9187,21.9187,21.9187,21.9187,0,0,0,0
10/08/2009 16:00,10,8,4,16,0,32.2,52,0,0,1.20098e+07,21.9187,21.9187,21.9187,21.9187,0,0,0,0
10/08/2009 17:00,10,8,4,17,0,31.7,50,0,0,1.20098e+07,21.9187,21.9187,21.9187,21.9187,0,0,0,0
10/08/2009 18:00,10,8,4,18,0,28.9,65,0,0,1.20098e+07,21.9187,21.9187,21.9187,21.9187,0,0,0,0
10/08/2009 19:00,10,8,4,19,0,27.8,67,0,0,1.53816e+07,21.9187,21.9187,21.9187,21.9187,0,0,0,0
10/08/2009 20:00,10,8,4,20,0,27.2,69,0,0,1.53816e+07,21.9187,21.9187,21.9187,21.9187,0,0,0,0
10/08/2009 21:00,10,8,4,21,0,25.6,82,0,0,1.53816e+07,21.9187,21.9187,21.9187,21.9187,0,0,0,0
10/08/2009 22:00,10,8,4,22,0,25.6,67,0,0,1.53816e+07,21.9187,21.9187,21.9187,21.9187,0,0,0,0
10/08/2009 23:00,10,8,4,23,0,23.9,66,0,0,1.53816e+07,21.9187,21.9187,21.9187,21.9187,0,0,0,0
10/09/2009 00:00,10,9,5,0,0,22.8,66,0,0,1.53816e+07,21.9187,21.9187,21.9187,21.9187,0,0,0,0
10/09/2009 01:00,10,9,5,1,0,21.7,57,0,0,2.07703e+07,21.9187,21.9187,21.9187,21.9187,0,0,0,0
10/09/2009 02:00,10,9,5,2,0,20,57,0,0,2.07703e+07,21.9187,21.9187,21.9187,21.9187,0,0,0,0
10/09/2009 03:00,10,9,5,3,0,19.4,53,0,0,2.07703e+07,21.9187,21.9187,21.9187,21.9187,0,0,0,0
10/09/2009 04:00,10,9,5,4,0,18.3,56,0,0,2.07703e+07,21.9187,21.9187,21.9187,21.9187,0,0,0,0
10/09/2009 05:00,10,9,5,5,0,17.2,58,0,0,2.07703e+07,21.9187,21.9187,21.9187,21.9187,0,0,0,0
10/09/2009 06:00,10,9,5,6,0,16.7,60,0,0,2.23312e+07,21.9187,21.9187,21.9187,21.9187,0,0,0,0
10/09/2009 07:00,10,9,5,7,0,16.7,60,0,5.22006e+06,2.64331e+07,22.0548,22.0548,22.0548,16.8904,0,0.33689,0,2.61713e+07
10/09/2009 08:00,10,9,5,8,0,17.8,58,0,6.0952e+06,3.34236e+07,22.0081,22.0081,22.0081,16.8904,0,0.390529,0,3.00765e+07
10/09/2009 09:00,10,9,5,9,0,17.8,56,0,1.13269e+07,6.57662e+07,21.9867,21.9867,21.9867,16.8904,0,0.771149,0,5.91418e+07
10/09/2009 10:00,10,9,5,10,0,22.2,44,0,1.28363e+07,6.76744e+07,21.9678,21.9678,21.9678,16.8904,0,0.888806,0,6.79123e+07
10/09/2009 11:00,10,9,5,11,0,22.8,41,0,1.20916e+07,6.67295e+07,21.9473,21.9473,21.9473,16.8904,0,0.829958,0,6.31603e+07
10/09/2009 12:00,10,9,5,12,0,23.9,39,0,1.22234e+07,6.68998e+07,21.9394,21.9394,21.9394,16.8904,0,0.841483,0,6.39371e+07
10/09/2009 13:00,10,9,5,13,0,26.1,36,0,1.2412e+07,6.2736e+07,21.9246,21.9246,21.9246,16.8904,0,0.862143,0,6.53152e+07
10/09/2009 14:00,10,9,5,14,0,26.7,33,0,1.33144e+07,6.82857e+07,21.9153,21.9153,21.9153,16.8904,0,0.92832,0,7.01989e+07
10/09/2009 15:00,10,9,5,15,0,26.7,34,0,1.36561e+07,6.87075e+07,21.915,21.915,21.915,16.8904,0,0.951538,0,7.19495e+07
10/09/2009 16:00,10,9,5,16,0,26.7,34,0,1.32986e+07,6.82515e+07,21.9157,21.9157,21.9157,16.8904,0,0.922465,0,6.97611e+07
10/09/2009 17:00,10,9,5,17,0,25.6,34,0,1.20323e+07,6.66542e+07,21.9173,21.9173,21.9173,16.8904,0,0.825341,0,6.24361e+07
10/09/2009 18:00,10,9,5,18,0,22.8,50,0,8.62007e+06,4.24903e+07,21.916,21.916,21.916,16.8904,0,0.570772,0,4.31672e+07
10/09/2009 19:00,10,9,5,19,0,18.9,68,0,0,2.28739e+07,21.913,21.913,21.913,21.913,0,0,0,0
10/09/2009 20:00,10,9,5,20,0,17.2,73,0,0,2.28739e+07,21.913,21.913,21.913,21.913,0,0,0,0
10/09/2009 21:00,10,9,5,21,0,18.3,65,0,0,1.97521e+07,21.913,21.913,21.913,21.913,0,0,0,0
10/09/2009 22:00,10,9,5,22,0,17.8,68,0,0,1.97521e+07,21.913,21.913,21.913,21.913,0,0,0,0
10/09/2009 23:00,10,9,5,23,0,15.6,84,0,0,1.69425e+07,21.913,21.913,21.913,21.913,0,0,0,0
10/10/2009 00:00,10,10,6,0,0,15,84,0,0,1.53816e+07,21.913,21.913,21.913,21.913,0,0,0,0
10/10/2009 01:00,10,10,6,1,0,15.6,78,0,0,2.07703e+07,21.913,21.913,21.913,21.913,0,0,0,0
10/10/2009 02:00,10,10,6,2,0,17.2,70,0,0,2.07703e+07,21.913,21.913,21.913,21.913,0,0,0,0
10/10/2009 03:00,10,10,6,3,0,17.8,68,0,0,2.07703e+07,21.913,21.913,21.913,21.913,0,0,0,0
10/10/2009 04:00,10,10,6,4,0,18.3,65,0,0,2.07703e+07,21.913,21.913,21.913,21.913,0,0,0,0
10/10/2009 05:00,10,10,6,5,0,17.8,65,0,0,2.07703e+07,21.913,21.913,21.913,21.913,0,0,0,0
10/10/2009 06:00,10,10,6,6,0,17.2,68,0,0,2.23312e+07,21.913,21.913,21.913,21.913,0,0,0,0
10/10/2009 07:00,10,10,6,7,0,17.2,68,0,3.46807e+06,2.42783e+07,21.9552,21.9552,21.9552,16.8904,0,0.218316,0,1.66358e+07
10/10/2009 08:00,10,10,6,8,0,18.3,68,0,3.95511e+06,3.07852e+07,21.9186,21.9186,21.9186,16.8904,0,0.243922,0,1.84574e+07
10/10/2009 09:00,10,10,6,9,0,19.4,68,0,8.34449e+06,6.20406e+07,21.9154,21.9154,21.9154,16.8904,0,0.552431,0,4.17753e+07
10/10/2009 10:00,10,10,6,10,0,19.4,76,0,8.89086e+06,6.27203e+07,21.9261,21.9261,21.9261,16.8904,0,0.591741,0,4.48428e+07
10/10/2009 11:00,10,10,6,11,0,18.3,87,0,9.53342e+06,6.35211e+07,21.9405,21.9405,21.9405,16.8904,0,0.638381,0,4.85155e+07
10/10/2009 12:00,10,10,6,12,0,20,84,0,1.00227e+07,6.41323e+07,21.9462,21.9462,21.9462,16.8904,0,0.674297,0,5.13033e+07
10/10/2009 13:00,10,10,6,13,0,22.2,76,0,9.68593e+06,5.9291e+07,21.9446,21.9446,21.9446,16.8904,0,0.649966,0,4.94355e+07
10/10/2009 14:00,10,10,6,14,0,23.3,71,0,1.06575e+07,6.4927e+07,21.9349,21.9349,21.9349,16.8904,0,0.721397,0,5.47635e+07
10/10/2009 15:00,10,10,6,15,0,21.7,73,0,1.04285e+07,6.46403e+07,21.937,21.937,21.937,16.8904,0,0.704403,0,5.34954e+07
10/10/2009 16:00,10,10,6,16,0,21.7,76,0,1.02965e+07,6.4475e+07,21.9401,21.9401,21.9401,16.8904,0,0.694631,0,5.27864e+07
10/10/2009 17:00,10,10,6,17,0,21.1,76,0,1.01838e+07,6.4334e+07,21.9456,21.9456,21.9456,16.8904,0,0.686262,0,5.22065e+07
10/10/2009 18:00,10,10,6,18,0,20,81,0,6.48467e+06,3.98374e+07,21.9489,21.9489,21.9489,16.8904,0,0.418489,0,3.18572e+07
10/10/2009 19:00,10,10,6,19,0,19.4,84,0,0,2.28739e+07,21.9492,21.9492,21.9492,21.9492,0,0,0,0
10/10/2009 20:00,10,10,6,20,0,19.4,84,0,0,2.28739e+07,21.9492,21.9492,21.9492,21.9492,0,0,0,0
10/10/2009 21:00,10,10,6,21,0,18.9,90,0,0,1.97521e+07,21.9492,21.9492,21.9492,21.9492,0,0,0,0
10/10/2009 22:00,10,10,6,22,0,18.9,90,0,0,1.97521e+07,21.9492,21.9492,21.9492,21.9492,0,0,0,0
10/10/2009 23:00,10,10,6,23,0,18.9,90,0,0,1.69425e+07,21.9492,21.9492,21.9492,21.9492,0,0,0,0
10/11/2009 00:00,10,11,0,0,0,19.4,90,0,0,1.53816e+07,21.9492,21.9492,21.9492,21.9492,0,0,0,0
10/11/2009 01:00,10,11,0,1,0,19.4,90,0,0,2.07703e+07,21.9492,21.9492,21.9492,21.9492,0,0,0,0
10/11/2009 02:00,10,11,0,2,0,19.4,90,0,0,2.07703e+07,21.9492,21.9492,21.9492,21.9492,0,0,0,0
10/11/2009 03:00,10,11,0,3,0,19.4,90,0,0,2.07703e+07,21.9492,21.9492,21.9492,21.9492,0,0,0,0
10/11/2009 04:00,10,11,0,4,0,18.9,90,0,0,2.07703e+07,21.9492,21.9492,21.9492,21.9492,0,0,0,0
10/11/2009 05:00,10,11,0,5,0,18.9,90,0,0,2.07703e+07,21.9492,21.9492,21.9492,21.9492,0,0,0,0
10/11/2009 06:00,10,11,0,6,0,18.9,87,0,0,2.23312e+07,21.9492,21.9492,21.9492,21.9492,0,0,0,0
10/11/2009 07:00,10,11,0,7,0,18.3,90,0,3.52689e+06,2.43489e+07,22.0694,22.0694,22.0694,16.8904,0,0.22172,0,1.72612e+07
10/11/2009 08:00,10,11,0,8,0,18.3,84,0,3.59122e+06,3.03357e+07,22.0565,22.0565,22.0565,16.8904,0,0.218657,0,1.69989e+07
10/11/2009 09:00,10,11,0,9,0,17.8,81,0,8.4946e+06,6.22211e+07,22.0443,22.0443,22.0443,16.8904,0,0.56131,0,4.35345e+07
10/11/2009 10:00,10,11,0,10,0,18.9,76,0,9.13198e+06,6.30157e+07,22.0257,22.0257,22.0257,16.8904,0,0.607658,0,4.69592e+07
10/11/2009 11:00,10,11,0,11,0,20,73,0,9.63595e+06,6.36454e+07,22.0096,22.0096,22.0096,16.8904,0,0.644738,0,4.96692e+07
10/11/2009 12:00,10,11,0,12,0,17.2,78,0,9.60172e+06,6.36039e+07,21.9963,21.9963,21.9963,16.8904,0,0.642651,0,4.9379e+07
10/11/2009 13:00,10,11,0,13,0,18.3,73,0,8.65102e+06,5.79956e+07,21.984,21.984,21.984,16.8904,0,0.573123,0,4.39308e+07
10/11/2009 14:00,10,11,0,14,0,20,66,0,9.92206e+06,6.40054e+07,21.9651,21.9651,21.9651,16.8904,0,0.666541,0,5.09025e+07
10/11/2009 15:00,10,11,0,15,0,21.1,59,0,1.15315e+07,6.6027e+07,21.9558,21.9558,21.9558,16.8904,0,0.787704,0,6.0045e+07
10/11/2009 16:00,10,11,0,16,0,22.2,46,0,1.18156e+07,6.63847e+07,21.9473,21.9473,21.9473,16.8904,0,0.809061,0,6.15694e+07
10/11/2009 17:00,10,11,0,17,0,20.6,53,0,9.90634e+06,6.39872e+07,21.9451,21.9451,21.9451,16.8904,0,0.665834,0,5.06477e+07
10/11/2009 18:00,10,11,0,18,0,19.4,50,0,5.94926e+06,3.91756e+07,21.943,21.943,21.943,16.8904,0,0.381277,0,2.89903e+07
10/11/2009 19:00,10,11,0,19,0,17.2,52,0,0,2.28739e+07,21.9397,21.9397,21.9397,21.9397,0,0,0,0
10/11/2009 20:00,10,11,0,20,0,15.6,58,0,0,2.28739e+07,21.9397,21.9397,21.9397,21.9397,0,0,0,0
10/11/2009 21:00,10,11,0,21,0,15,58,0,0,1.97521e+07,21.9397,21.9397,21.9397,21.9397,0,0,0,0
10/11/2009 22:00,10,11,0,22,0,13.9,60,0,0,1.97521e+07,21.9397,21.9397,21.9397,21.9397,0,0,0,0
10/11/2009 23:00,10,11,0,23,0,11.7,69,0,0,1.69425e+07,21.9397,21.9397,21.9397,21.9397,0,0,0,0
10/12/2009 00:00,10,12,1,0,0,10.6,74,0,0,1.53816e+07,21.9397,21.9397,21.9397,21.9397,0,0,0,0
10/12/2009 01:00,10,12,1,1,0,10,77,0,0,2.07703e+07,21.9397,21.9397,21.9397,21.9397,0,0,0,0
10/12/2009 02:00,10,12,1,2,0,9.4,71,0,0,2.07703e+07,21.9397,21.9397,21.9397,21.9397,0,0,0,0
10/12/2009 03:00,10,12,1,3,0,8.9,74,0,0,2.07703e+07,21.9397,21.9397,21.9397,21.9397,0,0,0,0
10/12/2009 04:00,10,12,1,4,0,8.9,74,0,0,2.07703e+07,21.9397,21.9397,21.9397,21.9397,0,0,0,0
10/12/2009 05:00,10,12,1,5,0,7.2,80,0,0,2.07703e+07,21.9397,21.9397,21.9397,21.9397,0,0,0,0
10/12/2009 06:00,10,12,1,6,0,6.7,80,0,0,2.23312e+07,21.9397,21.9397,21.9397,21.9397,0,0,0,0
10/12/2009 07:00,10,12,1,7,0,7.2,74,0,1.13044e+06,2.14409e+07,21.9928,21.9928,21.9928,16.8904,0,0.0707451,0,5.42627e+06
10/12/2009 08:00,10,12,1,8,0,11.1,61,0,2.55423e+06,2.90909e+07,21.8803,21.8803,21.8803,16.8904,0,0.157241,0,1.18005e+07
10/12/2009 09:00,10,12,1,9,0,13.9,47,0,7.23728e+06,6.06736e+07,21.8397,21.8397,21.8397,16.8904,0,0.475486,0,3.54153e+07
10/12/2009 10:00,10,12,1,10,0,16.7,37,0,8.40175e+06,6.2122e+07,21.8617,21.8617,21.8617,16.8904,0,0.559388,0,4.18491e+07
10/12/2009 11:00,10,12,1,11,0,18.3,29,0,8.81322e+06,6.26371e+07,21.8913,21.8913,21.8913,16.8904,0,0.590272,0,4.44235e+07
10/12/2009 12:00,10,12,1,12,0,19.4,28,0,9.18698e+06,6.31094e+07,21.9114,21.9114,21.9114,16.8904,0,0.619527,0,4.68117e+07
10/12/2009 13:00,10,12,1,13,0,21.7,26,0,8.70834e+06,5.80918e+07,21.9142,21.9142,21.9142,16.8904,0,0.584951,0,4.42235e+07
10/12/2009 14:00,10,12,1,14,0,21.7,24,0,1.01268e+07,6.42825e+07,21.9125,21.9125,21.9125,16.8904,0,0.688055,0,5.20012e+07
10/12/2009 15:00,10,12,1,15,0,21.1,23,0,1.09076e+07,6.52549e+07,21.9183,21.9183,21.9183,16.8904,0,0.74385,0,5.6282e+07
10/12/2009 16:00,10,12,1,16,0,20.6,25,0,1.09514e+07,6.53066e+07,21.921,21.921,21.921,16.8904,0,0.745947,0,5.64714e+07
10/12/2009 17:00,10,12,1,17,0,20,27,0,1.05859e+07,6.48448e+07,21.9231,21.9231,21.9231,16.8904,0,0.71747,0,5.43387e+07
10/12/2009 18:00,10,12,1,18,0,16.1,35,0,5.80962e+06,3.90062e+07,21.9221,21.9221,21.9221,16.8904,0,0.372035,0,2.8171e+07
10/12/2009 19:00,10,12,1,19,0,11.7,66,0,0,2.28739e+07,21.9171,21.9171,21.9171,21.9171,0,0,0,0
10/12/2009 20:00,10,12,1,20,0,8.3,80,0,0,2.28739e+07,21.9171,21.9171,21.9171,21.9171,0,0,0,0
10/12/2009 21:00,10,12,1,21,0,7.8,83,0,0,1.97521e+07,21.9171,21.9171,21.9171,21.9171,0,0,0,0
10/12/2009 22:00,10,12,1,22,0,6.7,86,0,0,1.97521e+07,21.9171,21.9171,21.9171,21.9171,0,0,0,0
10/12/2009 23:00,10,12,1,23,0,6.1,89,0,0,1.69425e+07,21.9171,21.9171,21.9171,21.9171,0,0,0,0
10/13/2009 00:00,10,13,2,0,0,5.6,89,0,0,1.53816e+07,21.9171,21.9171,21.9171,21.9171,0,0,0,0
10/13/2009 01:00,10,13,2,1,0,5,89,0,0,2.07703e+07,21.9171,21.9171,21.9171,21.9171,0,0,0,0
10/13/2009 02:00,10,13,2,2,0,4.4,93,0,0,2.07703e+07,21.9171,21.9171,21.9171,21.9171,0,0,0,0
10/13/2009 03:00,10,13,2,3,0,3.9,93,0,0,2.07703e+07,21.9171,21.9171,21.9171,21.9171,0,0,0,0
10/13/2009 04:00,10,13,2,4,0,3.3,93,0,0,2.07703e+07,21.9171,21.9171,21.9171,21.9171,0,0,0,0
10/13/2009 05:00,10,13,2,5,0,3.3,93,0,0,2.07703e+07,21.9171,21.9171,21.9171,21.9171,0,0,0,0
10/13/2009 06:00,10,13,2,6,0,3.3,89,0,0,2.23312e+07,21.9171,21.9171,21.9171,21.9171,0,0,0,0
10/13/2009 07:00,10,13,2,7,0,3.9,93,0,751738,2.09794e+07,21.9696,21.9696,21.9696,16.8904,0,0.0460985,0,3.51914e+06
10/13/2009 08:00,10,13,2,8,0,8.3,77,0,2.30302e+06,2.87943e+07,21.9675,21.9675,21.9675,16.8904,0,0.14362,0,1.09721e+07
10/13/2009 09:00,10,13,2,9,0,15.6,58,0,7.12033e+06,6.05272e+07,21.96,21.96,21.96,16.8904,0,0.46657,0,3.55956e+07
10/13/2009 10:00,10,13,2,10,0,19.4,42,0,8.45077e+06,6.21826e+07,21.9647,21.9647,21.9647,16.8904,0,0.562596,0,4.29608e+07
10/13/2009 11:00,10,13,2,11,0,21.7,26,0,9.01108e+06,6.28827e+07,21.9656,21.9656,21.9656,16.8904,0,0.604101,0,4.6138e+07
10/13/2009 12:00,10,13,2,12,0,22.8,24,0,9.18755e+06,6.31087e+07,21.9629,21.9629,21.9629,16.8904,0,0.618965,0,4.72489e+07
10/13/2009 13:00,10,13,2,13,0,23.9,25,0,8.49538e+06,5.78252e+07,21.952,21.952,21.952,16.8904,0,0.568959,0,4.33385e+07
10/13/2009 14:00,10,13,2,14,0,24.4,23,0,1.01101e+07,6.42594e+07,21.9472,21.9472,21.9472,16.8904,0,0.685924,0,5.21983e+07
10/13/2009 15:00,10,13,2,15,0,24.4,23,0,1.09568e+07,6.53159e+07,21.9478,21.9478,21.9478,16.8904,0,0.747169,0,5.68656e+07
10/13/2009 16:00,10,13,2,16,0,25,21,0,1.11671e+07,6.55765e+07,21.9486,21.9486,21.9486,16.8904,0,0.761665,0,5.79774e+07
10/13/2009 17:00,10,13,2,17,0,22.8,33,0,1.06009e+07,6.48629e+07,21.9439,21.9439,21.9439,16.8904,0,0.718238,0,5.46213e+07
10/13/2009 18:00,10,13,2,18,0,16.1,65,0,5.46541e+06,3.85803e+07,21.9409,21.9409,21.9409,16.8904,0,0.347911,0,2.64428e+07
10/13/2009 19:00,10,13,2,19,0,12.2,72,0,0,2.28739e+07,21.9363,21.9363,21.9363,21.9363,0,0,0,0
10/13/2009 20:00,10,13,2,20,0,11.7,77,0,0,2.28739e+07,21.9363,21.9363,21.9363,21.9363,0,0,0,0
10/13/2009 21:00,10,13,2,21,0,11.7,77,0,0,1.97521e+07,21.9363,21.9363,21.9363,21.9363,0,0,0,0
10/13/2009 22:00,10,13,2,22,0,8.9,89,0,0,1.97521e+07,21.9363,21.9363,21.9363,21.9363,0,0,0,0
10/13/2009 23:00,10,13,2,23,0,8.3,93,0,0,1.69425e+07,21.9363,21.9363,21.9363,21.9363,0,0,0,0
10/14/2009 00:00,10,14,3,0,0,7.8,93,0,0,1.53816e+07,21.9363,21.9363,21.9363,21.9363,0,0,0,0
10/14/2009 01:00,10,14,3,1,0,7.2,93,0,0,1.42679e+07,21.9363,21.9363,21.9363,21.9363,0,0,0,0
10/14/2009 02:00,10,14,3,2,0,6.1,93,0,0,1.42679e+07,21.9363,21.9363,21.9363,21.9363,0,0,0,0
10/14/2009 03:00,10,14,3,3,0,5.6,93,0,0,1.42679e+07,21.9363,21.9363,21.9363,21.9363,0,0,0,0
10/14/2009 04:00,10,14,3,4,0,5.6,93,0,0,1.42679e+07,21.9363,21.9363,21.9363,21.9363,0,0,0,0
10/14/2009 05:00,10,14,3,5,0,5.6,93,0,0,1.42679e+07,21.9363,21.9363,21.9363,21.9363,0,0,0,0
10/14/2009 06:00,10,14,3,6,0,5,93,0,0,1.42679e+07,21.9363,21.9363,21.9363,21.9363,0,0,0,0
10/14/2009 07:00,10,14,3,7,0,5.6,93,0,0,1.20098e+07,21.9363,21.9363,21.9363,21.9363,0,0,0,0
10/14/2009 08:00,10,14,3,8,0,11.1,83,0,0,1.20098e+07,21.9363,21.9363,21.9363,21.9363,0,0,0,0
10/14/2009 09:00,10,14,3,9,0,16.7,63,0,0,1.20098e+07,21.9363,21.9363,21.9363,21.9363,0,0,0,0
10/14/2009 10:00,10,14,3,10,0,21.7,46,0,0,1.20098e+07,21.9363,21.9363,21.9363,21.9363,0,0,0,0
10/14/2009 11:00,10,14,3,11,0,23.9,36,0,0,1.20098e+07,21.9363,21.9363,21.9363,21.9363,0,0,0,0
10/14/2009 12:00,10,14,3,12,0,25,30,0,0,1.20098e+07,21.9363,21.9363,21.9363,21.9363,0,0,0,0
10/14/2009 13:00,10,14,3,13,0,25.6,29,0,0,1.20098e+07,21.9363,21.9363,21.9363,21.9363,0,0,0,0
10/14/2009 14:00,10,14,3,14,0,26.7,25,0,0,1.20098e+07,21.9363,21.9363,21.9363,21.9363,0,0,0,0
10/14/2009 15:00,10,14,3,15,0,26.1,27,0,0,1.20098e+07,21.9363,21.9363,21.9363,21.9363,0,0,0,0
10/14/2009 16:00,10,14,3,16,0,25,36,0,0,1.20098e+07,21.9363,21.9363,21.9363,21.9363,0,0,0,0
10/14/2009 17:00,10,14,3,17,0,23.9,37,0,0,1.20098e+07,21.9363,21.9363,21.9363,21.9363,0,0,0,0
10/14/2009 18:00,10,14,3,18,0,19.4,49,0,0,1.20098e+07,21.9363,21.9363,21.9363,21.9363,0,0,0,0
10/14/2009 19:00,10,14,3,19,0,16.7,63,0,0,1.53816e+07,21.9363,21.9363,21.9363,21.9363,0,0,0,0
10/14/2009 20:00,10,14,3,20,0,13.9,78,0,0,1.53816e+07,21.9363,21.9363,21.9363,21.9363,0,0,0,0
10/14/2009 21:00,10,14,3,21,0,12.2,86,0,0,1.53816e+07,21.9363,21.9363,21.9363,21.9363,0,0,0,0
10/14/2009 22:00,10,14,3,22,0,12.2,86,0,0,1.53816e+07,21.9363,21.9363,21.9363,21.9363,0,0,0,0
10/14/2009 23:00,10,14,3,23,0,11.1,93,0,0,1.53816e+07,21.9363,21.9363,21.9363,21.9363,0,0,0,0
10/15/2009 00:00,10,15,4,0,0,10.6,93,0,0,1.53816e+07,21.9363,21.9363,21.9363,21.9363,0,0,0,0
10/15/2009 01:00,10,15,4,1,0,10,93,0,0,1.42679e+07,21.9363,21.9363,21.9363,21.9363,0,0,0,0
10/15/2009 02:00,10,15,4,2,0,8.9,96,0,0,1.42679e+07,21.9363,21.9363,21.9363,21.9363,0,0,0,0
10/15/2009 03:00,10,15,4,3,0,8.9,93,0,0,1.42679e+07,21.9363,21.9363,21.9363,21.9363,0,0,0,0
10/15/2009 04:00,10,15,4,4,0,8.3,96,0,0,1.42679e+07,21.9363,21.9363,21.9363,21.9363,0,0,0,0
10/15/2009 05:00,10,15,4,5,0,8.3,96,0,0,1.42679e+07,21.9363,21.9363,21.9363,21.9363,0,0,0,0
10/15/2009 06:00,10,15,4,6,0,8.3,96,0,0,1.42679e+07,21.9363,21.9363,21.9363,21.9363,0,0,0,0
10/15/2009 07:00,10,15,4,7,0,10.6,93,0,0,1.20098e+07,21.9363,21.9363,21.9363,21.9363,0,0,0,0
10/15/2009 08:00,10,15,4,8,0,16.1,81,0,0,1.20098e+07,21.9363,21.9363,21.9363,21.9363,0,0,0,0
10/15/2009 09:00,10,15,4,9,0,21.1,61,0,0,1.20098e+07,21.9363,21.9363,21.9363,21.9363,0,0,0,0
10/15/2009 10:00,10,15,4,10,0,23.3,55,0,0,1.20098e+07,21.9363,21.9363,21.9363,21.9363,0,0,0,0
10/15/2009 11:00,10,15,4,11,0,25,52,0,0,1.20098e+07,21.9363,21.9363,21.9363,21.9363,0,0,0,0
10/15/2009 12:00,10,15,4,12,0,25.6,49,0,0,1.20098e+07,21.9363,21.9363,21.9363,21.9363,0,0,0,0
10/15/2009 13:00,10,15,4,13,0,27.2,44,0,0,1.20098e+07,21.9363,21.9363,21.9363,21.9363,0,0,0,0
10/15/2009 14:00,10,15,4,14,0,28.3,41,0,0,1.20098e+07,21.9363,21.9363,21.9363,21.9363,0,0,0,0
10/15/2009 15:00,10,15,4,15,0,28.9,40,0,0,1.20098e+07,21.9363,21.9363,21.9363,21.9363,0,0,0,0
10/15/2009 16:00,10,15,4,16,0,27.2,46,0,0,1.20098e+07,21.9363,21.9363,21.9363,21.9363,0,0,0,0
10/15/2009 17:00,10,15,4,17,0,25,54,0,0,1.20098e+07,21.9363,21.9363,21.9363,21.9363,0,0,0,0
10/15/2009 18:00,10,15,4,18,0,21.7,73,0,0,1.20098e+07,21.9363,21.9363,21.9363,21.9363,0,0,0,0
10/15/2009 19:00,10,15,4,19,0,18.9,81,0,0,1.53816e+07,21.9363,21.9363,21.9363,21.9363,0,0,0,0
10/15/2009 20:00,10,15,4,20,0,21.7,55,0,0,1.53816e+07,21.9363,21.9363,21.9363,21.9363,0,0,0,0
10/15/2009 21:00,10,15,4,21,0,20.6,47,0,0,1.53816e+07,21.9363,21.9363,21.9363,21.9363,0,0,0,0
10/15/2009 22:00,10,15,4,22,0,19.4,49,0,0,1.53816e+07,21.9363,21.9363,21.9363,21.9363,0,0,0,0
10/15/2009 23:00,10,15,4,23,0,17.8,54,0,0,1.53816e+07,21.9363,21.9363,21.9363,21.9363,0,0,0,0
10/16/2009 00:00,10,16,5,0,0,17.2,52,0,0,1.53816e+07,21.9363,21.9363,21.9363,21.9363,0,0,0,0
10/16/2009 01:00,10,16,5,1,0,15,58,0,0,2.07703e+07,21.9363,21.9363,21.9363,21.9363,0,0,0,0
10/16/2009 02:00,10,16,5,2,0,13.3,64,0,0,2.07703e+07,21.9363,21.9363,21.9363,21.9363,0,0,0,0
10/16/2009 03:00,10,16,5,3,0,12.2,64,0,0,2.07703e+07,21.9363,21.9363,21.9363,21.9363,0,0,0,0
10/16/2009 04:00,10,16,5,4,0,11.1,66,0,0,2.07703e+07,21.9363,21.9363,21.9363,21.9363,0,0,0,0
10/16/2009 05:00,10,16,5,5,0,10,69,0,0,2.07703e+07,21.9363,21.9363,21.9363,21.9363,0,0,0,0
10/16/2009 06:00,10,16,5,6,0,8.3,77,0,0,2.23312e+07,21.9363,21.9363,21.9363,21.9363,0,0,0,0
10/16/2009 07:00,10,16,5,7,0,8.3,77,0,444933,2.06034e+07,21.9665,21.9665,21.9665,16.8904,0,0.0254522,0,1.94259e+06
10/16/2009 08:00,10,16,5,8,0,12.2,59,0,1.40954e+06,2.76958e+07,21.9152,21.9152,21.9152,16.8904,0,0.0833128,0,6.29188e+06
10/16/2009 09:00,10,16,5,9,0,15.6,52,0,6.22404e+06,5.94159e+07,21.8542,21.8542,21.8542,16.8904,0,0.40318,0,3.01185e+07
10/16/2009 10:00,10,16,5,10,0,17.8,40,0,7.80368e+06,6.13795e+07,21.8762,21.8762,21.8762,16.8904,0,0.51659,0,3.87608e+07
10/16/2009 11:00,10,16,5,11,0,19.4,36,0,8.35174e+06,6.20627e+07,21.8986,21.8986,21.8986,16.8904,0,0.556674,0,4.19555e+07
10/16/2009 12:00,10,16,5,12,0,20.6,32,0,8.94012e+06,6.2804e+07,21.9196,21.9196,21.9196,16.8904,0,0.602028,0,4.55635e+07
10/16/2009 13:00,10,16,5,13,0,22.2,28,0,8.32357e+06,5.7613e+07,21.9201,21.9201,21.9201,16.8904,0,0.556984,0,4.21589e+07
10/16/2009 14:00,10,16,5,14,0,23.3,25,0,9.97494e+06,6.40946e+07,21.9169,21.9169,21.9169,16.8904,0,0.677226,0,5.12275e+07
10/16/2009 15:00,10,16,5,15,0,23.9,22,0,1.0857e+07,6.51933e+07,21.924,21.924,21.924,16.8904,0,0.740474,0,5.60901e+07
10/16/2009 16:00,10,16,5,16,0,23.9,20,0,1.12428e+07,6.56749e+07,21.9276,21.9276,21.9276,16.8904,0,0.768288,0,5.82387e+07
10/16/2009 17:00,10,16,5,17,0,22.8,24,0,1.05047e+07,6.47418e+07,21.9334,21.9334,21.9334,16.8904,0,0.710962,0,5.39553e+07
10/16/2009 18:00,10,16,5,18,0,15.6,54,0,5.28704e+06,3.83592e+07,21.9355,21.9355,21.9355,16.8904,0,0.335421,0,2.54658e+07
10/16/2009 19:00,10,16,5,19,0,12.2,67,0,0,2.28739e+07,21.932,21.932,21.932,21.932,0,0,0,0
10/16/2009 20:00,10,16,5,20,0,10.6,71,0,0,2.28739e+07,21.932,21.932,21.932,21.932,0,0,0,0
10/16/2009 21:00,10,16,5,21,0,10,80,0,0,1.97521e+07,21.932,21.932,21.932,21.932,0,0,0,0
10/16/2009 22:00,10,16,5,22,0,8.9,83,0,0,1.97521e+07,21.932,21.932,21.932,21.932,0,0,0,0
10/16/2009 23:00,10,16,5,23,0,7.8,83,0,0,1.69425e+07,21.932,21.932,21.932,21.932,0,0,0,0
10/17/2009 00:00,10,17,6,0,0,7.2,86,0,0,1.53816e+07,21.932,21.932,21.932,21.932,0,0,0,0
10/17/2009 01:00,10,17,6,1,0,6.1,89,0,0,2.07703e+07,21.932,21.932,21.932,21.932,0,0,0,0
10/17/2009 02:00,10,17,6,2,0,6.7,89,0,0,2.07703e+07,21.932,21.932,21.932,21.932,0,0,0,0
10/17/2009 03:00,10,17,6,3,0,6.1,89,0,0,2.07703e+07,21.932,21.932,21.932,21.932,0,0,0,0
10/17/2009 04:00,10,17,6,4,0,6.1,89,0,0,2.07703e+07,21.932,21.932,21.932,21.932,0,0,0,0
10/17/2009 05:00,10,17,6,5,0,5.6,89,0,0,2.07703e+07,21.932,21.932,21.932,21.932,0,0,0,0
10/17/2009 06:00,10,17,6,6,0,5.6,89,0,0,2.23312e+07,21.932,21.932,21.932,21.932,0,0,0,0
10/17/2009 07:00,10,17,6,7,0,6.7,89,0,724772,2.09462e+07,21.9781,21.9781,21.9781,16.8904,0,0.0442451,0,3.38388e+06
10/17/2009 08:00,10,17,6,8,0,12.2,80,0,1.85564e+06,2.82387e+07,21.9514,21.9514,21.9514,16.8904,0,0.111877,0,8.51499e+06
10/17/2009 09:00,10,17,6,9,0,17.2,63,0,6.76885e+06,6.00868e+07,21.9324,21.9324,21.9324,16.8904,0,0.440404,0,3.34164e+07
10/17/2009 10:00,10,17,6,10,0,21.7,49,0,8.52642e+06,6.22743e+07,21.9437,21.9437,21.9437,16.8904,0,0.567305,0,4.31408e+07
10/17/2009 11:00,10,17,6,11,0,23.3,43,0,9.18704e+06,6.3101e+07,21.9518,21.9518,21.9518,16.8904,0,0.616535,0,4.69604e+07
10/17/2009 12:00,10,17,6,12,0,24.4,37,0,9.50078e+06,6.34984e+07,21.9542,21.9542,21.9542,16.8904,0,0.641422,0,4.88784e+07
10/17/2009 13:00,10,17,6,13,0,25.6,34,0,8.87804e+06,5.83009e+07,21.9452,21.9452,21.9452,16.8904,0,0.596327,0,4.53614e+07
10/17/2009 14:00,10,17,6,14,0,26.1,30,0,1.04135e+07,6.46386e+07,21.9397,21.9397,21.9397,16.8904,0,0.708239,0,5.38162e+07
10/17/2009 15:00,10,17,6,15,0,26.7,36,0,1.12303e+07,6.56576e+07,21.9407,21.9407,21.9407,16.8904,0,0.767239,0,5.83107e+07
10/17/2009 16:00,10,17,6,16,0,25,42,0,1.10583e+07,6.54373e+07,21.9427,21.9427,21.9427,16.8904,0,0.752819,0,5.72369e+07
10/17/2009 17:00,10,17,6,17,0,23.3,48,0,1.02399e+07,6.44071e+07,21.9435,21.9435,21.9435,16.8904,0,0.690554,0,5.25114e+07
10/17/2009 18:00,10,17,6,18,0,20.6,57,0,5.4975e+06,3.86178e+07,21.9443,21.9443,21.9443,16.8904,0,0.349784,0,2.66028e+07
10/17/2009 19:00,10,17,6,19,0,18.3,68,0,0,2.28739e+07,21.9423,21.9423,21.9423,21.9423,0,0,0,0
10/17/2009 20:00,10,17,6,20,0,15.6,78,0,0,2.28739e+07,21.9423,21.9423,21.9423,21.9423,0,0,0,0
10/17/2009 21:00,10,17,6,21,0,13.9,87,0,0,1.97521e+07,21.9423,21.9423,21.9423,21.9423,0,0,0,0
10/17/2009 22:00,10,17,6,22,0,12.8,90,0,0,1.97521e+07,21.9423,21.9423,21.9423,21.9423,0,0,0,0
10/17/2009 23:00,10,17,6,23,0,12.8,90,0,0,1.69425e+07,21.9423,21.9423,21.9423,21.9423,0,0,0,0
10/18/2009 00:00,10,18,0,0,0,12.8,90,0,0,1.53816e+07,21.9423,21.9423,21.9423,21.9423,0,0,0,0
10/18/2009 01:00,10,18,0,1,0,11.7,93,0,0,2.07703e+07,21.9423,21.9423,21.9423,21.9423,0,0,0,0
10/18/2009 02:00,10,18,0,2,0,12.2,93,0,0,2.07703e+07,21.9423,21.9423,21.9423,21.9423,0,0,0,0
10/18/2009 03:00,10,18,0,3,0,11.1,93,0,0,2.07703e+07,21.9423,21.9423,21.9423,21.9423,0,0,0,0
10/18/2009 04:00,10,18,0,4,0,11.1,93,0,0,2.07703e+07,21.9423,21.9423,21.9423,21.9423,0,0,0,0
10/18/2009 05:00,10,18,0,5,0,10.6,93,0,0,2.07703e+07,21.9423,21.9423,21.9423,21.9423,0,0,0,0
10/18/2009 06:00,10,18,0,6,0,10,93,0,0,2.23312e+07,21.9423,21.9423,21.9423,21.9423,0,0,0,0
10/18/2009 07:00,10,18,0,7,0,11.1,93,0,1.37486e+06,2.172e+07,21.9882,21.9882,21.9882,16.8904,0,0.0808455,0,6.19963e+06
10/18/2009 08:00,10,18,0,8,0,15.6,87,0,3.62598e+06,3.03977e+07,21.9556,21.9556,21.9556,16.8904,0,0.226261,0,1.72465e+07
10/18/2009 09:00,10,18,0,9,0,22.2,66,0,8.63883e+06,6.24146e+07,21.9507,21.9507,21.9507,16.8904,0,0.575349,0,4.38134e+07
10/18/2009 10:00,10,18,0,10,0,25,58,0,1.00926e+07,6.4232e+07,21.9528,21.9528,21.9528,16.8904,0,0.682724,0,5.20122e+07
10/18/2009 11:00,10,18,0,11,0,27.2,49,0,1.06395e+07,6.49206e+07,21.9509,21.9509,21.9509,16.8904,0,0.724772,0,5.51943e+07
10/18/2009 12:00,10,18,0,12,0,27.8,49,0,1.07228e+07,6.50311e+07,21.9485,21.9485,21.9485,16.8904,0,0.733079,0,5.58011e+07
10/18/2009 13:00,10,18,0,13,0,28.9,44,0,1.01076e+07,5.98369e+07,21.9412,21.9412,21.9412,16.8904,0,0.686684,0,5.21934e+07
10/18/2009 14:00,10,18,0,14,0,29.4,43,0,1.14583e+07,6.59473e+07,21.9311,21.9311,21.9311,16.8904,0,0.786029,0,5.96258e+07
10/18/2009 15:00,10,18,0,15,0,30,39,0,1.25192e+07,6.7281e+07,21.9312,21.9312,21.9312,16.8904,0,0.865831,0,6.56803e+07
10/18/2009 16:00,10,18,0,16,0,29.4,40,0,1.24982e+07,6.72497e+07,21.9298,21.9298,21.9298,16.8904,0,0.862584,0,6.54156e+07
10/18/2009 17:00,10,18,0,17,0,27.8,46,0,1.20613e+07,6.6696e+07,21.9296,21.9296,21.9296,16.8904,0,0.8281,0,6.27976e+07
10/18/2009 18:00,10,18,0,18,0,24.4,58,0,7.27193e+06,4.08151e+07,21.9285,21.9285,21.9285,16.8904,0,0.474148,0,3.59482e+07
10/18/2009 19:00,10,18,0,19,0,22.2,68,0,0,2.28739e+07,21.9257,21.9257,21.9257,21.9257,0,0,0,0
10/18/2009 20:00,10,18,0,20,0,19.4,81,0,0,2.28739e+07,21.9257,21.9257,21.9257,21.9257,0,0,0,0
10/18/2009 21:00,10,18,0,21,0,18.9,81,0,0,1.97521e+07,21.9257,21.9257,21.9257,21.9257,0,0,0,0
10/18/2009 22:00,10,18,0,22,0,16.7,90,0,0,1.97521e+07,21.9257,21.9257,21.9257,21.9257,0,0,0,0
10/18/2009 23:00,10,18,0,23,0,15.6,93,0,0,1.69425e+07,21.9257,21.9257,21.9257,21.9257,0,0,0,0
10/19/2009 00:00,10,19,1,0,0,15.6,90,0,0,1.53816e+07,21.9257,21.9257,21.9257,21.9257,0,0,0,0
10/19/2009 01:00,10,19,1,1,0,15,93,0,0,2.07703e+07,21.9257,21.9257,21.9257,21.9257,0,0,0,0
10/19/2009 02:00,10,19,1,2,0,13.9,100,0,0,2.07703e+07,21.9257,21.9257,21.9257,21.9257,0,0,0,0
10/19/2009 03:00,10,19,1,3,0,13.9,93,0,0,2.07703e+07,21.9257,21.9257,21.9257,21.9257,0,0,0,0
10/19/2009 04:00,10,19,1,4,0,12.8,93,0,0,2.07703e+07,21.9257,21.9257,21.9257,21.9257,0,0,0,0
10/19/2009 05:00,10,19,1,5,0,12.2,93,0,0,2.07703e+07,21.9257,21.9257,21.9257,21.9257,0,0,0,0
10/19/2009 06:00,10,19,1,6,0,12.2,93,0,0,2.23312e+07,21.9257,21.9257,21.9257,21.9257,0,0,0,0
10/19/2009 07:00,10,19,1,7,0,12.8,93,0,2.43005e+06,2.29911e+07,21.9979,21.9979,21.9979,16.8904,0,0.144664,0,1.11077e+07
10/19/2009 08:00,10,19,1,8,0,17.2,90,0,3.89411e+06,3.07116e+07,21.9903,21.9903,21.9903,16.8904,0,0.239887,0,1.84106e+07
10/19/2009 09:00,10,19,1,9,0,22.2,76,0,9.44032e+06,6.34069e+07,21.9795,21.9795,21.9795,16.8904,0,0.631665,0,4.83758e+07
10/19/2009 10:00,10,19,1,10,0,25.6,67,0,1.11625e+07,6.55676e+07,21.9708,21.9708,21.9708,16.8904,0,0.761019,0,5.81825e+07
10/19/2009 11:00,10,19,1,11,0,27.8,56,0,1.16856e+07,6.62293e+07,21.9571,21.9571,21.9571,16.8904,0,0.802137,0,6.11606e+07
10/19/2009 12:00,10,19,1,12,0,28.9,48,0,1.18524e+07,6.64458e+07,21.9459,21.9459,21.9459,16.8904,0,0.817075,0,6.21619e+07
10/19/2009 13:00,10,19,1,13,0,30,39,0,1.11747e+07,6.11749e+07,21.9338,21.9338,21.9338,16.8904,0,0.766497,0,5.81753e+07
10/19/2009 14:00,10,19,1,14,0,30.6,39,0,1.266e+07,6.74613e+07,21.9274,21.9274,21.9274,16.8904,0,0.878099,0,6.65599e+07
10/19/2009 15:00,10,19,1,15,0,30.6,37,0,1.32857e+07,6.82446e+07,21.9262,21.9262,21.9262,16.8904,0,0.924045,0,7.00264e+07
10/19/2009 16:00,10,19,1,16,0,30,37,0,1.26653e+07,6.74538e+07,21.9275,21.9275,21.9275,16.8904,0,0.873865,0,6.62405e+07
10/19/2009 17:00,10,19,1,17,0,28.3,43,0,1.17017e+07,6.62379e+07,21.9282,21.9282,21.9282,16.8904,0,0.799776,0,6.0633e+07
10/19/2009 18:00,10,19,1,18,0,25,54,0,7.41433e+06,4.09908e+07,21.9287,21.9287,21.9287,16.8904,0,0.484359,0,3.67238e+07
10/19/2009 19:00,10,19,1,19,0,22.2,64,0,0,2.28739e+07,21.9262,21.9262,21.9262,21.9262,0,0,0,0
10/19/2009 20:00,10,19,1,20,0,21.1,66,0,0,2.28739e+07,21.9262,21.9262,21.9262,21.9262,0,0,0,0
10/19/2009 21:00,10,19,1,21,0,20,71,0,0,1.97521e+07,21.9262,21.9262,21.9262,21.9262,0,0,0,0
10/19/2009 22:00,10,19,1,22,0,17.8,84,0,0,1.97521e+07,21.9262,21.9262,21.9262,21.9262,0,0,0,0
10/19/2009 23:00,10,19,1,23,0,15.6,90,0,0,1.69425e+07,21.9262,21.9262,21.9262,21.9262,0,0,0,0
10/20/2009 00:00,10,20,2,0,0,15.6,90,0,0,1.53816e+07,21.9262,21.9262,21.9262,21.9262,0,0,0,0
10/20/2009 01:00,10,20,2,1,0,15,90,0,0,2.07703e+07,21.9262,21.9262,21.9262,21.9262,0,0,0,0
10/20/2009 02:00,10,20,2,2,0,14.4,90,0,0,2.07703e+07,21.9262,21.9262,21.9262,21.9262,0,0,0,0
10/20/2009 03:00,10,20,2,3,0,13.9,90,0,0,2.07703e+07,21.9262,21.9262,21.9262,21.9262,0,0,0,0
10/20/2009 04:00,10,20,2,4,0,12.8,90,0,0,2.07703e+07,21.9262,21.9262,21.9262,21.9262,0,0,0,0
10/20/2009 05:00,10,20,2,5,0,12.8,93,0,0,2.07703e+07,21.9262,21.9262,21.9262,21.9262,0,0,0,0
10/20/2009 06:00,10,20,2,6,0,12.8,93,0,0,2.23312e+07,21.9262,21.9262,21.9262,21.9262,0,0,0,0
10/20/2009 07:00,10,20,2,7,0,14.4,90,0,2.84915e+06,2.68887e+07,21.9952,21.9952,21.9952,16.8904,0,0.176246,0,1.35272e+07
10/20/2009 08:00,10,20,2,8,0,16.7,93,0,4.71753e+06,3.17291e+07,21.9791,21.9791,21.9791,16.8904,0,0.297031,0,2.2746e+07
10/20/2009 09:00,10,20,2,9,0,21.7,79,0,9.98379e+06,6.40876e+07,21.9655,21.9655,21.9655,16.8904,0,0.672187,0,5.13373e+07
10/20/2009 10:00,10,20,2,10,0,25,62,0,1.13324e+07,6.57808e+07,21.9583,21.9583,21.9583,16.8904,0,0.773876,0,5.90199e+07
10/20/2009 11:00,10,20,2,11,0,26.7,58,0,1.16871e+07,6.62286e+07,21.949,21.949,21.949,16.8904,0,0.801558,0,6.10189e+07
10/20/2009 12:00,10,20,2,12,0,27.8,51,0,1.20391e+07,6.66815e+07,21.9427,21.9427,21.9427,16.8904,0,0.831571,0,6.32248e+07
10/20/2009 13:00,10,20,2,13,0,28.9,44,0,1.10602e+07,6.10239e+07,21.9314,21.9314,21.9314,16.8904,0,0.755744,0,5.73319e+07
10/20/2009 14:00,10,20,2,14,0,29.4,43,0,1.25663e+07,6.73405e+07,21.9235,21.9235,21.9235,16.8904,0,0.870147,0,6.59072e+07
10/20/2009 15:00,10,20,2,15,0,29.4,35,0,1.34575e+07,6.84624e+07,21.9252,21.9252,21.9252,16.8904,0,0.937586,0,7.1038e+07
10/20/2009 16:00,10,20,2,16,0,28.3,37,0,1.34005e+07,6.83862e+07,21.9254,21.9254,21.9254,16.8904,0,0.931713,0,7.05959e+07
10/20/2009 17:00,10,20,2,17,0,26.7,34,0,1.24639e+07,6.71992e+07,21.9235,21.9235,21.9235,16.8904,0,0.858085,0,6.49936e+07
10/20/2009 18:00,10,20,2,18,0,23.3,60,0,7.75395e+06,4.14128e+07,21.922,21.922,21.922,16.8904,0,0.508531,0,3.85056e+07
10/20/2009 19:00,10,20,2,19,0,22.2,71,0,0,2.28739e+07,21.9187,21.9187,21.9187,21.9187,0,0,0,0
10/20/2009 20:00,10,20,2,20,0,21.7,81,0,0,2.28739e+07,21.9187,21.9187,21.9187,21.9187,0,0,0,0
10/20/2009 21:00,10,20,2,21,0,21.7,84,0,0,1.97521e+07,21.9187,21.9187,21.9187,21.9187,0,0,0,0
10/20/2009 22:00,10,20,2,22,0,21.7,87,0,0,1.97521e+07,21.9187,21.9187,21.9187,21.9187,0,0,0,0
10/20/2009 23:00,10,20,2,23,0,21.1,90,0,0,1.69425e+07,21.9187,21.9187,21.9187,21.9187,0,0,0,0
10/21/2009 00:00,10,21,3,0,0,21.1,90,0,0,1.53816e+07,21.9187,21.9187,21.9187,21.9187,0,0,0,0
10/21/2009 01:00,10,21,3,1,0,21.1,93,0,0,1.42679e+07,21.9187,21.9187,21.9187,21.9187,0,0,0,0
10/21/2009 02:00,10,21,3,2,0,20.6,93,0,0,1.42679e+07,21.9187,21.9187,21.9187,21.9187,0,0,0,0
10/21/2009 03:00,10,21,3,3,0,19.4,93,0,0,1.42679e+07,21.9187,21.9187,21.9187,21.9187,0,0,0,0
10/21/2009 04:00,10,21,3,4,0,19.4,93,0,0,1.42679e+07,21.9187,21.9187,21.9187,21.9187,0,0,0,0
10/21/2009 05:00,10,21,3,5,0,19.4,93,0,0,1.42679e+07,21.9187,21.9187,21.9187,21.9187,0,0,0,0
10/21/2009 06:00,10,21,3,6,0,19.4,93,0,0,1.42679e+07,21.9187,21.9187,21.9187,21.9187,0,0,0,0
10/21/2009 07:00,10,21,3,7,0,20,93,0,0,1.53816e+07,21.9187,21.9187,21.9187,21.9187,0,0,0,0
10/21/2009 08:00,10,21,3,8,0,20,90,0,0,1.20098e+07,21.9187,21.9187,21.9187,21.9187,0,0,0,0
10/21/2009 09:00,10,21,3,9,0,23.3,82,0,0,1.20098e+07,21.9187,21.9187,21.9187,21.9187,0,0,0,0
10/21/2009 10:00,10,21,3,10,0,25,71,0,0,1.20098e+07,21.9187,21.9187,21.9187,21.9187,0,0,0,0
10/21/2009 11:00,10,21,3,11,0,27.2,65,0,0,1.20098e+07,21.9187,21.9187,21.9187,21.9187,0,0,0,0
10/21/2009 12:00,10,21,3,12,0,27.8,61,0,0,1.20098e+07,21.9187,21.9187,21.9187,21.9187,0,0,0,0
10/21/2009 13:00,10,21,3,13,0,28.3,59,0,0,1.20098e+07,21.9187,21.9187,21.9187,21.9187,0,0,0,0
10/21/2009 14:00,10,21,3,14,0,26.7,58,0,0,1.20098e+07,21.9187,21.9187,21.9187,21.9187,0,0,0,0
10/21/2009 15:00,10,21,3,15,0,27.8,56,0,0,1.20098e+07,21.9187,21.9187,21.9187,21.9187,0,0,0,0
10/21/2009 16:00,10,21,3,16,0,27.2,58,0,0,1.20098e+07,21.9187,21.9187,21.9187,21.9187,0,0,0,0
10/21/2009 17:00,10,21,3,17,0,25,69,0,0,1.20098e+07,21.9187,21.9187,21.9187,21.9187,0,0,0,0
10/21/2009 18:00,10,21,3,18,0,23.3,69,0,0,1.20098e+07,21.9187,21.9187,21.9187,21.9187,0,0,0,0
10/21/2009 19:00,10,21,3,19,0,22.2,71,0,0,1.53816e+07,21.9187,21.9187,21.9187,21.9187,0,0,0,0
10/21/2009 20:00,10,21,3,20,0,21.7,76,0,0,1.53816e+07,21.9187,21.9187,21.9187,21.9187,0,0,0,0
10/21/2009 21:00,10,21,3,21,0,21.7,79,0,0,1.53816e+07,21.9187,21.9187,21.9187,21.9187,0,0,0,0
10/21/2009 22:00,10,21,3,22,0,21.1,84,0,0,1.53816e+07,21.9187,21.9187,21.9187,21.9187,0,0,0,0
10/21/2009 23:00,10,21,3,23,0,19.4,93,0,0,1.53816e+07,21.9187,21.9187,21.9187,21.9187,0,0,0,0
10/22/2009 00:00,10,22,4,0,0,19.4,93,0,0,1.53816e+07,21.9187,21.9187,21.9187,21.9187,0,0,0,0
10/22/2009 01:00,10,22,4,1,0,19.4,90,0,0,1.42679e+07,21.9187,21.9187,21.9187,21.9187,0,0,0,0
10/22/2009 02:00,10,22,4,2,0,20.6,90,0,0,1.42679e+07,21.9187,21.9187,21.9187,21.9187,0,0,0,0
10/22/2009 03:00,10,22,4,3,0,20.6,90,0,0,1.42679e+07,21.9187,21.9187,21.9187,21.9187,0,0,0,0
10/22/2009 04:00,10,22,4,4,0,20,90,0,0,1.42679e+07,21.9187,21.9187,21.9187,21.9187,0,0,0,0
10/22/2009 05:00,10,22,4,5,0,20,90,0,0,1.42679e+07,21.9187,21.9187,21.9187,21.9187,0,0,0,0
10/22/2009 06:00,10,22,4,6,0,19.4,93,0,0,1.42679e+07,21.9187,21.9187,21.9187,21.9187,0,0,0,0
10/22/2009 07:00,10,22,4,7,0,18.3,90,0,0,1.53816e+07,21.9187,21.9187,21.9187,21.9187,0,0,0,0
10/22/2009 08:00,10,22,4,8,0,20.6,84,0,0,1.20098e+07,21.9187,21.9187,21.9187,21.9187,0,0,0,0
10/22/2009 09:00,10,22,4,9,0,22.8,76,0,0,1.20098e+07,21.9187,21.9187,21.9187,21.9187,0,0,0,0
10/22/2009 10:00,10,22,4,10,0,23.9,71,0,0,1.20098e+07,21.9187,21.9187,21.9187,21.9187,0,0,0,0
10/22/2009 11:00,10,22,4,11,0,23.9,71,0,0,1.20098e+07,21.9187,21.9187,21.9187,21.9187,0,0,0,0
10/22/2009 12:00,10,22,4,12,0,22.8,76,0,0,1.20098e+07,21.9187,21.9187,21.9187,21.9187,0,0,0,0
10/22/2009 13:00,10,22,4,13,0,22.2,79,0,0,1.20098e+07,21.9187,21.9187,21.9187,21.9187,0,0,0,0
10/22/2009 14:00,10,22,4,14,0,21.1,84,0,0,1.20098e+07,21.9187,21.9187,21.9187,21.9187,0,0,0,0
10/22/2009 15:00,10,22,4,15,0,20.6,90,0,0,1.20098e+07,21.9187,21.9187,21.9187,21.9187,0,0,0,0
10/22/2009 16:00,10,22,4,16,0,21.1,84,0,0,1.20098e+07,21.9187,21.9187,21.9187,21.9187,0,0,0,0
10/22/2009 17:00,10,22,4,17,0,21.1,84,0,0,1.20098e+07,21.9187,21.9187,21.9187,21.9187,0,0,0,0
10/22/2009 18:00,10,22,4,18,0,21.1,84,0,0,1.20098e+07,21.9187,21.9187,21.9187,21.9187,0,0,0,0
10/22/2009 19:00,10,22,4,19,0,20.6,84,0,0,1.53816e+07,21.9187,21.9187,21.9187,21.9187,0,0,0,0
10/22/2009 20:00,10,22,4,20,0,17.8,90,0,0,1.53816e+07,21.9187,21.9187,21.9187,21.9187,0,0,0,0
10/22/2009 21:00,10,22,4,21,0,17.8,93,0,0,1.53816e+07,21.9187,21.9187,21.9187,21.9187,0,0,0,0
10/22/2009 22:00,10,22,4,22,0,17.8,93,0,0,1.53816e+07,21.9187,21.9187,21.9187,21.9187,0,0,0,0
10/22/2009 23:00,10,22,4,23,0,17.2,97,0,0,1.53816e+07,21.9187,21.9187,21.9187,21.9187,0,0,0,0
10/23/2009 00:00,10,23,5,0,0,16.7,97,0,0,1.53816e+07,21.9187,21.9187,21.9187,21.9187,0,0,0,0
10/23/2009 01:00,10,23,5,1,0,16.7,93,0,0,2.07703e+07,21.9187,21.9187,21.9187,21.9187,0,0,0,0
10/23/2009 02:00,10,23,5,2,0,16.1,93,0,0,2.07703e+07,21.9187,21.9187,21.9187,21.9187,0,0,0,0
10/23/2009 03:00,10,23,5,3,0,16.1,93,0,0,2.07703e+07,21.9187,21.9187,21.9187,21.9187,0,0,0,0
10/23/2009 04:00,10,23,5,4,0,16.1,93,0,0,2.07703e+07,21.9187,21.9187,21.9187,21.9187,0,0,0,0
10/23/2009 05:00,10,23,5,5,0,16.1,93,0,0,2.07703e+07,21.9187,21.9187,21.9187,21.9187,0,0,0,0
10/23/2009 06:00,10,23,5,6,0,16.1,93,0,0,2.23312e+07,21.9187,21.9187,21.9187,21.9187,0,0,0,0
10/23/2009 07:00,10,23,5,7,0,16.7,90,0,1.95049e+06,2.5771e+07,22.0542,22.0542,22.0542,16.8904,0,0.111388,0,8.63675e+06
10/23/2009 08:00,10,23,5,8,0,17.8,90,0,2.56005e+06,2.90712e+07,22.1031,22.1031,22.1031,16.8904,0,0.149694,0,1.17424e+07
10/23/2009 09:00,10,23,5,9,0,20,87,0,8.07506e+06,6.16951e+07,22.1054,22.1054,22.1054,16.8904,0,0.529614,0,4.15637e+07
10/23/2009 10:00,10,23,5,10,0,22.8,82,0,9.57704e+06,6.35686e+07,22.0772,22.0772,22.0772,16.8904,0,0.639143,0,4.98896e+07
10/23/2009 11:00,10,23,5,11,0,25.6,71,0,1.13031e+07,6.57444e+07,22.0367,22.0367,22.0367,16.8904,0,0.771904,0,5.9782e+07
10/23/2009 12:00,10,23,5,12,0,27.2,58,0,1.07903e+07,6.50961e+07,22.0089,22.0089,22.0089,16.8904,0,0.73207,0,5.63894e+07
10/23/2009 13:00,10,23,5,13,0,28.3,49,0,1.05419e+07,6.03773e+07,21.9834,21.9834,21.9834,16.8904,0,0.7179,0,5.50232e+07
10/23/2009 14:00,10,23,5,14,0,28.9,49,0,1.19035e+07,6.65068e+07,21.953,21.953,21.953,16.8904,0,0.819734,0,6.24534e+07
10/23/2009 15:00,10,23,5,15,0,29.4,46,0,1.25068e+07,6.72598e+07,21.9427,21.9427,21.9427,16.8904,0,0.863282,0,6.56356e+07
10/23/2009 16:00,10,23,5,16,0,27.8,51,0,1.21964e+07,6.68635e+07,21.9367,21.9367,21.9367,16.8904,0,0.837899,0,6.36301e+07
10/23/2009 17:00,10,23,5,17,0,26.7,56,0,1.07677e+07,6.50647e+07,21.9377,21.9377,21.9377,16.8904,0,0.729324,0,5.53959e+07
10/23/2009 18:00,10,23,5,18,0,24.4,69,0,6.76628e+06,4.01862e+07,21.9396,21.9396,21.9396,16.8904,0,0.43821,0,3.32972e+07
10/23/2009 19:00,10,23,5,19,0,23.3,76,0,0,2.28739e+07,21.9378,21.9378,21.9378,21.9378,0,0,0,0
10/23/2009 20:00,10,23,5,20,0,22.2,82,0,0,2.28739e+07,21.9378,21.9378,21.9378,21.9378,0,0,0,0
10/23/2009 21:00,10,23,5,21,0,21.7,84,0,0,1.97521e+07,21.9378,21.9378,21.9378,21.9378,0,0,0,0
10/23/2009 22:00,10,23,5,22,0,21.7,84,0,0,1.97521e+07,21.9378,21.9378,21.9378,21.9378,0,0,0,0
10/23/2009 23:00,10,23,5,23,0,20.6,87,0,0,1.69425e+07,21.9378,21.9378,21.9378,21.9378,0,0,0,0
10/24/2009 00:00,10,24,6,0,0,20,87,0,0,1.53816e+07,21.9378,21.9378,21.9378,21.9378,0,0,0,0
10/24/2009 01:00,10,24,6,1,0,20,90,0,0,2.07703e+07,21.9378,21.9378,21.9378,21.9378,0,0,0,0
10/24/2009 02:00,10,24,6,2,0,20.6,90,0,0,2.07703e+07,21.9378,21.9378,21.9378,21.9378,0,0,0,0
10/24/2009 03:00,10,24,6,3,0,20.6,90,0,0,2.07703e+07,21.9378,21.9378,21.9378,21.9378,0,0,0,0
10/24/2009 04:00,10,24,6,4,0,20.6,90,0,0,2.07703e+07,21.9378,21.9378,21.9378,21.9378,0,0,0,0
10/24/2009 05:00,10,24,6,5,0,20.6,90,0,0,2.07703e+07,21.9378,21.9378,21.9378,21.9378,0,0,0,0
10/24/2009 06:00,10,24,6,6,0,20.6,93,0,0,2.23312e+07,21.9378,21.9378,21.9378,21.9378,0,0,0,0
10/24/2009 07:00,10,24,6,7,0,21.1,90,0,4.79495e+06,2.92731e+07,22.1002,22.1002,22.1002,16.8904,0,0.305467,0,2.39261e+07
10/24/2009 08:00,10,24,6,8,0,21.1,90,0,4.48887e+06,3.14383e+07,22.0782,22.0782,22.0782,16.8904,0,0.278982,0,2.178e+07
10/24/2009 09:00,10,24,6,9,0,21.7,84,0,9.75379e+06,6.37895e+07,22.0535,22.0535,22.0535,16.8904,0,0.652337,0,5.06848e+07
10/24/2009 10:00,10,24,6,10,0,22.2,84,0,1.03921e+07,6.45891e+07,22.0263,22.0263,22.0263,16.8904,0,0.699888,0,5.40932e+07
10/24/2009 11:00,10,24,6,11,0,23.3,82,0,1.07949e+07,6.5095e+07,22.0025,22.0025,22.0025,16.8904,0,0.730339,0,5.61851e+07
10/24/2009 12:00,10,24,6,12,0,23.9,79,0,1.03731e+07,6.4568e+07,21.9845,21.9845,21.9845,16.8904,0,0.699398,0,5.36156e+07
10/24/2009 13:00,10,24,6,13,0,23.9,82,0,9.33722e+06,5.88511e+07,21.97,21.97,21.97,16.8904,0,0.622977,0,4.76216e+07
10/24/2009 14:00,10,24,6,14,0,23.3,84,0,1.01756e+07,6.43229e+07,21.9507,21.9507,21.9507,16.8904,0,0.685376,0,5.21923e+07
10/24/2009 15:00,10,24,6,15,0,23.3,87,0,1.02448e+07,6.44098e+07,21.9469,21.9469,21.9469,16.8904,0,0.690658,0,5.25544e+07
10/24/2009 16:00,10,24,6,16,0,23.3,84,0,1.06084e+07,6.48645e+07,21.9514,21.9514,21.9514,16.8904,0,0.717498,0,5.46456e+07
10/24/2009 17:00,10,24,6,17,0,22.8,84,0,1.03334e+07,6.45208e+07,21.9534,21.9534,21.9534,16.8904,0,0.697279,0,5.3127e+07
10/24/2009 18:00,10,24,6,18,0,22.2,87,0,6.67653e+06,4.00746e+07,21.9541,21.9541,21.9541,16.8904,0,0.431879,0,3.29099e+07
10/24/2009 19:00,10,24,6,19,0,22.2,87,0,0,2.28739e+07,21.9541,21.9541,21.9541,21.9541,0,0,0,0
10/24/2009 20:00,10,24,6,20,0,21.1,87,0,0,2.28739e+07,21.9541,21.9541,21.9541,21.9541,0,0,0,0
10/24/2009 21:00,10,24,6,21,0,21.1,87,0,0,1.97521e+07,21.9541,21.9541,21.9541,21.9541,0,0,0,0
10/24/2009 22:00,10,24,6,22,0,21.1,87,0,0,1.97521e+07,21.9541,21.9541,21.9541,21.9541,0,0,0,0
10/24/2009 23:00,10,24,6,23,0,20.6,87,0,0,1.69425e+07,21.9541,21.9541,21.9541,21.9541,0,0,0,0
10/25/2009 00:00,10,25,0,0,0,19.4,87,0,0,1.53816e+07,21.9541,21.9541,21.9541,21.9541,0,0,0,0
10/25/2009 01:00,10,25,0,1,0,17.8,93,0,0,2.07703e+07,21.9541,21.9541,21.9541,21.9541,0,0,0,0
10/25/2009 02:00,10,25,0,2,0,17.8,97,0,0,2.07703e+07,21.9541,21.9541,21.9541,21.9541,0,0,0,0
10/25/2009 03:00,10,25,0,3,0,17.8,97,0,0,2.07703e+07,21.9541,21.9541,21.9541,21.9541,0,0,0,0
10/25/2009 04:00,10,25,0,4,0,18.3,93,0,0,2.07703e+07,21.9541,21.9541,21.9541,21.9541,0,0,0,0
10/25/2009 05:00,10,25,0,5,0,18.3,93,0,0,2.07703e+07,21.9541,21.9541,21.9541,21.9541,0,0,0,0
10/25/2009 06:00,10,25,0,6,0,18.3,93,0,0,2.23312e+07,21.9541,21.9541,21.9541,21.9541,0,0,0,0
10/25/2009 07:00,10,25,0,7,0,18.3,93,0,3.824e+06,2.80856e+07,22.0629,22.0629,22.0629,16.8904,0,0.241651,0,1.87935e+07
10/25/2009 08:00,10,25,0,8,0,18.3,97,0,3.69803e+06,3.04669e+07,22.0423,22.0423,22.0423,16.8904,0,0.225837,0,1.75089e+07
10/25/2009 09:00,10,25,0,9,0,18.9,93,0,8.93125e+06,6.27647e+07,22.0299,22.0299,22.0299,16.8904,0,0.592785,0,4.58474e+07
10/25/2009 10:00,10,25,0,10,0,20,90,0,9.55537e+06,6.35442e+07,22.0118,22.0118,22.0118,16.8904,0,0.638605,0,4.92175e+07
10/25/2009 11:00,10,25,0,11,0,22.8,76,0,1.08127e+07,6.51194e+07,21.9983,21.9983,21.9983,16.8904,0,0.732316,0,5.6292e+07
10/25/2009 12:00,10,25,0,12,0,24.4,69,0,1.13145e+07,6.57557e+07,21.9788,21.9788,21.9788,16.8904,0,0.772145,0,5.91267e+07
10/25/2009 13:00,10,25,0,13,0,25.6,62,0,1.06454e+07,6.04971e+07,21.9568,21.9568,21.9568,16.8904,0,0.722722,0,5.51037e+07
10/25/2009 14:00,10,25,0,14,0,26.1,58,0,1.11634e+07,6.55628e+07,21.9345,21.9345,21.9345,16.8904,0,0.759682,0,5.76649e+07
10/25/2009 15:00,10,25,0,15,0,26.1,58,0,1.16907e+07,6.62257e+07,21.9335,21.9335,21.9335,16.8904,0,0.799466,0,6.06732e+07
10/25/2009 16:00,10,25,0,16,0,25.6,58,0,1.20801e+07,6.67155e+07,21.934,21.934,21.934,16.8904,0,0.828833,0,6.29087e+07
10/25/2009 17:00,10,25,0,17,0,24.4,64,0,1.1025e+07,6.53877e+07,21.9352,21.9352,21.9352,16.8904,0,0.74876,0,5.68442e+07
10/25/2009 18:00,10,25,0,18,0,22.2,71,0,6.91585e+06,4.03718e+07,21.9348,21.9348,21.9348,16.8904,0,0.448937,0,3.40799e+07
10/25/2009 19:00,10,25,0,19,0,21.1,79,0,0,2.28739e+07,21.9318,21.9318,21.9318,21.9318,0,0,0,0
10/25/2009 20:00,10,25,0,20,0,20,81,0,0,2.28739e+07,21.9318,21.9318,21.9318,21.9318,0,0,0,0
10/25/2009 21:00,10,25,0,21,0,18.3,87,0,0,1.97521e+07,21.9318,21.9318,21.9318,21.9318,0,0,0,0
10/25/2009 22:00,10,25,0,22,0,17.2,90,0,0,1.97521e+07,21.9318,21.9318,21.9318,21.9318,0,0,0,0
10/25/2009 23:00,10,25,0,23,0,15.6,93,0,0,1.69425e+07,21.9318,21.9318,21.9318,21.9318,0,0,0,0
10/26/2009 00:00,10,26,1,0,0,15.6,93,0,0,1.53816e+07,21.9318,21.9318,21.9318,21.9318,0,0,0,0
10/26/2009 01:00,10,26,1,1,0,15,93,0,0,2.07703e+07,21.9318,21.9318,21.9318,21.9318,0,0,0,0
10/26/2009 02:00,10,26,1,2,0,14.4,96,0,0,2.07703e+07,21.9318,21.9318,21.9318,21.9318,0,0,0,0
10/26/2009 03:00,10,26,1,3,0,13.9,93,0,0,2.07703e+07,21.9318,21.9318,21.9318,21.9318,0,0,0,0
10/26/2009 04:00,10,26,1,4,0,13.3,93,0,0,2.07703e+07,21.9318,21.9318,21.9318,21.9318,0,0,0,0
10/26/2009 05:00,10,26,1,5,0,14.4,93,0,0,2.07703e+07,21.9318,21.9318,21.9318,21.9318,0,0,0,0
10/26/2009 06:00,10,26,1,6,0,13.9,93,0,0,2.23312e+07,21.9318,21.9318,21.9318,21.9318,0,0,0,0
10/26/2009 07:00,10,26,1,7,0,13.9,93,0,2.30415e+06,2.62262e+07,21.9981,21.9981,21.9981,16.8904,0,0.141634,0,1.08749e+07
10/26/2009 08:00,10,26,1,8,0,16.1,97,0,2.91653e+06,2.95097e+07,21.9822,21.9822,21.9822,16.8904,0,0.17404,0,1.33357e+07
10/26/2009 09:00,10,26,1,9,0,18.9,93,0,8.24806e+06,6.19163e+07,21.9814,21.9814,21.9814,16.8904,0,0.544032,0,4.16798e+07
10/26/2009 10:00,10,26,1,10,0,23.3,76,0,1.1146e+07,6.55486e+07,21.9751,21.9751,21.9751,16.8904,0,0.760375,0,5.81828e+07
10/26/2009 11:00,10,26,1,11,0,26.1,58,0,1.15708e+07,6.60865e+07,21.9574,21.9574,21.9574,16.8904,0,0.794043,0,6.05478e+07
10/26/2009 12:00,10,26,1,12,0,27.8,51,0,1.16253e+07,6.61606e+07,21.9453,21.9453,21.9453,16.8904,0,0.800082,0,6.08619e+07
10/26/2009 13:00,10,26,1,13,0,28.9,44,0,1.09715e+07,6.09214e+07,21.9333,21.9333,21.9333,16.8904,0,0.751863,0,5.70591e+07
10/26/2009 14:00,10,26,1,14,0,28.9,41,0,1.24163e+07,6.7155e+07,21.9275,21.9275,21.9275,16.8904,0,0.859764,0,6.51724e+07
10/26/2009 15:00,10,26,1,15,0,29.4,40,0,1.30676e+07,6.79695e+07,21.9269,21.9269,21.9269,16.8904,0,0.907329,0,6.87699e+07
10/26/2009 16:00,10,26,1,16,0,28.9,41,0,1.32793e+07,6.82346e+07,21.9274,21.9274,21.9274,16.8904,0,0.922765,0,6.99459e+07
10/26/2009 17:00,10,26,1,17,0,28.3,41,0,1.23177e+07,6.70152e+07,21.9264,21.9264,21.9264,16.8904,0,0.847025,0,6.41922e+07
10/26/2009 18:00,10,26,1,18,0,21.7,68,0,7.3615e+06,4.09256e+07,21.9239,21.9239,21.9239,16.8904,0,0.480671,0,3.64098e+07
10/26/2009 19:00,10,26,1,19,0,18.9,78,0,0,2.28739e+07,21.9186,21.9186,21.9186,21.9186,0,0,0,0
10/26/2009 20:00,10,26,1,20,0,16.7,87,0,0,2.28739e+07,21.9186,21.9186,21.9186,21.9186,0,0,0,0
10/26/2009 21:00,10,26,1,21,0,17.2,87,0,0,1.97521e+07,21.9186,21.9186,21.9186,21.9186,0,0,0,0
10/26/2009 22:00,10,26,1,22,0,16.7,90,0,0,1.97521e+07,21.9186,21.9186,21.9186,21.9186,0,0,0,0
10/26/2009 23:00,10,26,1,23,0,16.1,90,0,0,1.69425e+07,21.9186,21.9186,21.9186,21.9186,0,0,0,0
10/27/2009 00:00,10,27,2,0,0,15,93,0,0,1.53816e+07,21.9186,21.9186,21.9186,21.9186,0,0,0,0
10/27/2009 01:00,10,27,2,1,0,14.4,93,0,0,2.07703e+07,21.9186,21.9186,21.9186,21.9186,0,0,0,0
10/27/2009 02:00,10,27,2,2,0,14.4,93,0,0,2.07703e+07,21.9186,21.9186,21.9186,21.9186,0,0,0,0
10/27/2009 03:00,10,27,2,3,0,12.8,93,0,0,2.07703e+07,21.9186,21.9186,21.9186,21.9186,0,0,0,0
10/27/2009 04:00,10,27,2,4,0,13.3,93,0,0,2.07703e+07,21.9186,21.9186,21.9186,21.9186,0,0,0,0
10/27/2009 05:00,10,27,2,5,0,12.8,96,0,0,2.07703e+07,21.9186,21.9186,21.9186,21.9186,0,0,0,0
10/27/2009 06:00,10,27,2,6,0,12.2,96,0,0,2.23312e+07,21.9186,21.9186,21.9186,21.9186,0,0,0,0
10/27/2009 07:00,10,27,2,7,0,13.3,93,0,2.57643e+06,2.65545e+07,21.9814,21.9814,21.9814,16.8904,0,0.158119,0,1.2103e+07
10/27/2009 08:00,10,27,2,8,0,16.7,93,0,3.5644e+06,3.03047e+07,21.9635,21.9635,21.9635,16.8904,0,0.217303,0,1.65898e+07
10/27/2009 09:00,10,27,2,9,0,20.6,79,0,9.35732e+06,6.33024e+07,21.9575,21.9575,21.9575,16.8904,0,0.625506,0,4.7697e+07
10/27/2009 10:00,10,27,2,10,0,24.4,64,0,1.09121e+07,6.52522e+07,21.9545,21.9545,21.9545,16.8904,0,0.741987,0,5.65452e+07
10/27/2009 11:00,10,27,2,11,0,27.2,44,0,1.16751e+07,6.62154e+07,21.9464,21.9464,21.9464,16.8904,0,0.801226,0,6.09625e+07
10/27/2009 12:00,10,27,2,12,0,27.8,43,0,1.14857e+07,6.59777e+07,21.943,21.943,21.943,16.8904,0,0.787133,0,5.98501e+07
10/27/2009 13:00,10,27,2,13,0,28.9,40,0,1.08628e+07,6.07753e+07,21.935,21.935,21.935,16.8904,0,0.740652,0,5.62269e+07
10/27/2009 14:00,10,27,2,14,0,28.9,37,0,1.21728e+07,6.68436e+07,21.9227,21.9227,21.9227,16.8904,0,0.839723,0,6.3592e+07
10/27/2009 15:00,10,27,2,15,0,28.3,38,0,1.21377e+07,6.67907e+07,21.9212,21.9212,21.9212,16.8904,0,0.834174,0,6.31533e+07
10/27/2009 16:00,10,27,2,16,0,27.8,37,0,1.20709e+07,6.6704e+07,21.9223,21.9223,21.9223,16.8904,0,0.828256,0,6.27182e+07
10/27/2009 17:00,10,27,2,17,0,23.9,54,0,1.0768e+07,6.50667e+07,21.9267,21.9267,21.9267,16.8904,0,0.730035,0,5.5329e+07
10/27/2009 18:00,10,27,2,18,0,21.7,64,0,6.95067e+06,4.04156e+07,21.9296,21.9296,21.9296,16.8904,0,0.451594,0,3.42462e+07
10/27/2009 19:00,10,27,2,19,0,21.7,66,0,0,2.28739e+07,21.9285,21.9285,21.9285,21.9285,0,0,0,0
10/27/2009 20:00,10,27,2,20,0,20.6,76,0,0,2.28739e+07,21.9285,21.9285,21.9285,21.9285,0,0,0,0
10/27/2009 21:00,10,27,2,21,0,20.6,73,0,0,1.97521e+07,21.9285,21.9285,21.9285,21.9285,0,0,0,0
10/27/2009 22:00,10,27,2,22,0,20,78,0,0,1.97521e+07,21.9285,21.9285,21.9285,21.9285,0,0,0,0
10/27/2009 23:00,10,27,2,23,0,18.9,87,0,0,1.69425e+07,21.9285,21.9285,21.9285,21.9285,0,0,0,0
10/28/2009 00:00,10,28,3,0,0,19.4,87,0,0,1.53816e+07,21.9285,21.9285,21.9285,21.9285,0,0,0,0
10/28/2009 01:00,10,28,3,1,0,19.4,87,0,0,1.42679e+07,21.9285,21.9285,21.9285,21.9285,0,0,0,0
10/28/2009 02:00,10,28,3,2,0,19.4,87,0,0,1.42679e+07,21.9285,21.9285,21.9285,21.9285,0,0,0,0
10/28/2009 03:00,10,28,3,3,0,19.4,87,0,0,1.42679e+07,21.9285,21.9285,21.9285,21.9285,0,0,0,0
10/28/2009 04:00,10,28,3,4,0,19.4,87,0,0,1.42679e+07,21.9285,21.9285,21.9285,21.9285,0,0,0,0
10/28/2009 05:00,10,28,3,5,0,20,87,0,0,1.42679e+07,21.9285,21.9285,21.9285,21.9285,0,0,0,0
10/28/2009 06:00,10,28,3,6,0,20,87,0,0,1.42679e+07,21.9285,21.9285,21.9285,21.9285,0,0,0,0
10/28/2009 07:00,10,28,3,7,0,20,84,0,0,1.53816e+07,21.9285,21.9285,21.9285,21.9285,0,0,0,0
10/28/2009 08:00,10,28,3,8,0,21.7,73,0,0,1.20098e+07,21.9285,21.9285,21.9285,21.9285,0,0,0,0
10/28/2009 09:00,10,28,3,9,0,22.2,68,0,0,1.20098e+07,21.9285,21.9285,21.9285,21.9285,0,0,0,0
10/28/2009 10:00,10,28,3,10,0,26.1,52,0,0,1.20098e+07,21.9285,21.9285,21.9285,21.9285,0,0,0,0
10/28/2009 11:00,10,28,3,11,0,27.8,41,0,0,1.20098e+07,21.9285,21.9285,21.9285,21.9285,0,0,0,0
10/28/2009 12:00,10,28,3,12,0,28.9,34,0,0,1.20098e+07,21.9285,21.9285,21.9285,21.9285,0,0,0,0
10/28/2009 13:00,10,28,3,13,0,30,26,0,0,1.20098e+07,21.9285,21.9285,21.9285,21.9285,0,0,0,0
10/28/2009 14:00,10,28,3,14,0,29.4,31,0,0,1.20098e+07,21.9285,21.9285,21.9285,21.9285,0,0,0,0
10/28/2009 15:00,10,28,3,15,0,30.6,27,0,0,1.20098e+07,21.9285,21.9285,21.9285,21.9285,0,0,0,0
10/28/2009 16:00,10,28,3,16,0,30,31,0,0,1.20098e+07,21.9285,21.9285,21.9285,21.9285,0,0,0,0
10/28/2009 17:00,10,28,3,17,0,28.9,32,0,0,1.20098e+07,21.9285,21.9285,21.9285,21.9285,0,0,0,0
10/28/2009 18:00,10,28,3,18,0,22.8,55,0,0,1.20098e+07,21.9285,21.9285,21.9285,21.9285,0,0,0,0
10/28/2009 19:00,10,28,3,19,0,21.1,59,0,0,1.53816e+07,21.9285,21.9285,21.9285,21.9285,0,0,0,0
10/28/2009 20:00,10,28,3,20,0,21.7,57,0,0,1.53816e+07,21.9285,21.9285,21.9285,21.9285,0,0,0,0
10/28/2009 21:00,10,28,3,21,0,21.7,55,0,0,1.53816e+07,21.9285,21.9285,21.9285,21.9285,0,0,0,0
10/28/2009 22:00,10,28,3,22,0,17.2,78,0,0,1.53816e+07,21.9285,21.9285,21.9285,21.9285,0,0,0,0
10/28/2009 23:00,10,28,3,23,0,16.1,87,0,0,1.53816e+07,21.9285,21.9285,21.9285,21.9285,0,0,0,0
10/29/2009 00:00,10,29,4,0,0,16.1,84,0,0,1.53816e+07,21.9285,21.9285,21.9285,21.9285,0,0,0,0
10/29/2009 01:00,10,29,4,1,0,15.6,90,0,0,1.42679e+07,21.9285,21.9285,21.9285,21.9285,0,0,0,0
10/29/2009 02:00,10,29,4,2,0,15.6,90,0,0,1.42679e+07,21.9285,21.9285,21.9285,21.9285,0,0,0,0
10/29/2009 03:00,10,29,4,3,0,15.6,90,0,0,1.42679e+07,21.9285,21.9285,21.9285,21.9285,0,0,0,0
10/29/2009 04:00,10,29,4,4,0,13.9,96,0,0,1.42679e+07,21.9285,21.9285,21.9285,21.9285,0,0,0,0
10/29/2009 05:00,10,29,4,5,0,13.9,93,0,0,1.42679e+07,21.9285,21.9285,21.9285,21.9285,0,0,0,0
10/29/2009 06:00,10,29,4,6,0,14.4,90,0,0,1.42679e+07,21.9285,21.9285,21.9285,21.9285,0,0,0,0
10/29/2009 07:00,10,29,4,7,0,14.4,90,0,0,1.53816e+07,21.9285,21.9285,21.9285,21.9285,0,0,0,0
10/29/2009 08:00,10,29,4,8,0,16.1,93,0,0,1.20098e+07,21.9285,21.9285,21.9285,21.9285,0,0,0,0
10/29/2009 09:00,10,29,4,9,0,21.7,76,0,0,1.20098e+07,21.9285,21.9285,21.9285,21.9285,0,0,0,0
10/29/2009 10:00,10,29,4,10,0,25.6,60,0,0,1.20098e+07,21.9285,21.9285,21.9285,21.9285,0,0,0,0
10/29/2009 11:00,10,29,4,11,0,27.8,53,0,0,1.20098e+07,21.9285,21.9285,21.9285,21.9285,0,0,0,0
10/29/2009 12:00,10,29,4,12,0,29.4,45,0,0,1.20098e+07,21.9285,21.9285,21.9285,21.9285,0,0,0,0
10/29/2009 13:00,10,29,4,13,0,30,42,0,0,1.20098e+07,21.9285,21.9285,21.9285,21.9285,0,0,0,0
10/29/2009 14:00,10,29,4,14,0,30.6,39,0,0,1.20098e+07,21.9285,21.9285,21.9285,21.9285,0,0,0,0
10/29/2009 15:00,10,29,4,15,0,30.6,39,0,0,1.20098e+07,21.9285,21.9285,21.9285,21.9285,0,0,0,0
10/29/2009 16:00,10,29,4,16,0,29.4,41,0,0,1.20098e+07,21.9285,21.9285,21.9285,21.9285,0,0,0,0
10/29/2009 17:00,10,29,4,17,0,28.3,44,0,0,1.20098e+07,21.9285,21.9285,21.9285,21.9285,0,0,0,0
10/29/2009 18:00,10,29,4,18,0,25,56,0,0,1.20098e+07,21.9285,21.9285,21.9285,21.9285,0,0,0,0
10/29/2009 19:00,10,29,4,19,0,23.9,62,0,0,1.53816e+07,21.9285,21.9285,21.9285,21.9285,0,0,0,0
10/29/2009 20:00,10,29,4,20,0,22.2,64,0,0,1.53816e+07,21.9285,21.9285,21.9285,21.9285,0,0,0,0
10/29/2009 21:00,10,29,4,21,0,21.1,66,0,0,1.53816e+07,21.9285,21.9285,21.9285,21.9285,0,0,0,0
10/29/2009 22:00,10,29,4,22,0,19.4,76,0,0,1.53816e+07,21.9285,21.9285,21.9285,21.9285,0,0,0,0
10/29/2009 23:00,10,29,4,23,0,19.4,78,0,0,1.53816e+07,21.9285,21.9285,21.9285,21.9285,0,0,0,0
10/30/2009 00:00,10,30,5,0,0,17.8,87,0,0,1.53816e+07,21.9285,21.9285,21.9285,21.9285,0,0,0,0
10/30/2009 01:00,10,30,5,1,0,17.2,90,0,0,2.07703e+07,21.9285,21.9285,21.9285,21.9285,0,0,0,0
10/30/2009 02:00,10,30,5,2,0,16.1,90,0,0,2.07703e+07,21.9285,21.9285,21.9285,21.9285,0,0,0,0
10/30/2009 03:00,10,30,5,3,0,15.6,90,0,0,2.07703e+07,21.9285,21.9285,21.9285,21.9285,0,0,0,0
10/30/2009 04:00,10,30,5,4,0,15.6,93,0,0,2.07703e+07,21.9285,21.9285,21.9285,21.9285,0,0,0,0
10/30/2009 05:00,10,30,5,5,0,15,97,0,0,2.07703e+07,21.9285,21.9285,21.9285,21.9285,0,0,0,0
10/30/2009 06:00,10,30,5,6,0,15.6,93,0,0,2.23312e+07,21.9285,21.9285,21.9285,21.9285,0,0,0,0
10/30/2009 07:00,10,30,5,7,0,15.6,93,0,3.48507e+06,2.76708e+07,22.0253,22.0253,22.0253,16.8904,0,0.219292,0,1.69303e+07
10/30/2009 08:00,10,30,5,8,0,18.3,90,0,4.53721e+06,3.15014e+07,22.0065,22.0065,22.0065,16.8904,0,0.283275,0,2.18095e+07
10/30/2009 09:00,10,30,5,9,0,22.8,76,0,1.08396e+07,6.51606e+07,21.9898,21.9898,21.9898,16.8904,0,0.736268,0,5.65005e+07
10/30/2009 10:00,10,30,5,10,0,25.6,64,0,1.17519e+07,6.63099e+07,21.9753,21.9753,21.9753,16.8904,0,0.80627,0,6.16971e+07
10/30/2009 11:00,10,30,5,11,0,27.2,53,0,1.2209e+07,6.68875e+07,21.9587,21.9587,21.9587,16.8904,0,0.841962,0,6.42184e+07
10/30/2009 12:00,10,30,5,12,0,28.9,46,0,1.31938e+07,6.81536e+07,21.9422,21.9422,21.9422,16.8904,0,0.92523,0,7.03393e+07
10/30/2009 13:00,10,30,5,13,0,28.9,46,0,1.18029e+07,6.1965e+07,21.9331,21.9331,21.9331,16.8904,0,0.814252,0,6.17913e+07
10/30/2009 14:00,10,30,5,14,0,28.9,46,0,1.23574e+07,6.70725e+07,21.9198,21.9198,21.9198,16.8904,0,0.85272,0,6.45386e+07
10/30/2009 15:00,10,30,5,15,0,28.9,48,0,1.27246e+07,6.75319e+07,21.9227,21.9227,21.9227,16.8904,0,0.879723,0,6.66214e+07
10/30/2009 16:00,10,30,5,16,0,27.8,51,0,1.24599e+07,6.71955e+07,21.9246,21.9246,21.9246,16.8904,0,0.85858,0,6.50445e+07
10/30/2009 17:00,10,30,5,17,0,26.7,54,0,1.19757e+07,6.6584e+07,21.927,21.927,21.927,16.8904,0,0.821094,0,6.2234e+07
10/30/2009 18:00,10,30,5,18,0,24.4,62,0,7.66699e+06,4.13052e+07,21.927,21.927,21.927,16.8904,0,0.502667,0,3.80992e+07
10/30/2009 19:00,10,30,5,19,0,23.3,69,0,0,2.28739e+07,21.924,21.924,21.924,21.924,0,0,0,0
10/30/2009 20:00,10,30,5,20,0,22.8,79,0,0,2.28739e+07,21.924,21.924,21.924,21.924,0,0,0,0
10/30/2009 21:00,10,30,5,21,0,22.2,84,0,0,1.97521e+07,21.924,21.924,21.924,21.924,0,0,0,0
10/30/2009 22:00,10,30,5,22,0,22.2,87,0,0,1.97521e+07,21.924,21.924,21.924,21.924,0,0,0,0
10/30/2009 23:00,10,30,5,23,0,22.2,84,0,0,1.69425e+07,21.924,21.924,21.924,21.924,0,0,0,0
10/31/2009 00:00,10,31,6,0,0,22.2,84,0,0,1.53816e+07,21.924,21.924,21.924,21.924,0,0,0,0
10/31/2009 01:00,10,31,6,1,0,22.2,84,0,0,2.07703e+07,21.924,21.924,21.924,21.924,0,0,0,0
10/31/2009 02:00,10,31,6,2,0,21.1,87,0,0,2.07703e+07,21.924,21.924,21.924,21.924,0,0,0,0
10/31/2009 03:00,10,31,6,3,0,20,90,0,0,2.07703e+07,21.924,21.924,21.924,21.924,0,0,0,0
10/31/2009 04:00,10,31,6,4,0,18.9,90,0,0,2.07703e+07,21.924,21.924,21.924,21.924,0,0,0,0
10/31/2009 05:00,10,31,6,5,0,18.9,90,0,0,2.07703e+07,21.924,21.924,21.924,21.924,0,0,0,0
10/31/2009 06:00,10,31,6,6,0,18.3,90,0,0,2.23312e+07,21.924,21.924,21.924,21.924,0,0,0,0
10/31/2009 07:00,10,31,6,7,0,18.3,93,0,4.46683e+06,2.88835e+07,22.086,22.086,22.086,16.8904,0,0.287495,0,2.24584e+07
10/31/2009 08:00,10,31,6,8,0,21.1,87,0,7.0903e+06,3.46645e+07,22.0753,22.0753,22.0753,16.8904,0,0.462847,0,3.61138e+07
10/31/2009 09:00,10,31,6,9,0,25,74,0,1.29306e+07,6.77961e+07,22.0279,22.0279,22.0279,16.8904,0,0.89674,0,6.93306e+07
10/31/2009 10:00,10,31,6,10,0,27.2,60,0,1.36436e+07,6.87001e+07,21.9938,21.9938,21.9938,16.8904,0,0.953261,0,7.32117e+07
10/31/2009 11:00,10,31,6,11,0,28.3,55,0,1.38323e+07,6.89475e+07,21.9608,21.9608,21.9608,16.8904,0,0.970846,0,7.40808e+07
10/31/2009 12:00,10,31,6,12,0,30,46,0,1.40535e+07,6.92388e+07,21.9384,21.9384,21.9384,16.8904,0,0.991759,0,7.53404e+07
10/31/2009 13:00,10,31,6,13,0,30,45,0,1.31201e+07,6.36425e+07,21.9256,21.9256,21.9256,16.8904,0,0.920787,0,6.97715e+07
10/31/2009 14:00,10,31,6,14,0,30.6,43,0,1.45702e+07,6.9894e+07,21.913,21.913,21.913,16.8904,0,1.03235,0,7.80286e+07
10/31/2009 15:00,10,31,6,15,0,30.6,42,0,1.49284e+07,7.03379e+07,21.9101,21.9101,21.9101,16.8904,0,1.05708,0,7.98525e+07
10/31/2009 16:00,10,31,6,16,0,30.6,43,0,1.49197e+07,7.03197e+07,21.9093,21.9093,21.9093,16.8904,0,1.05402,0,7.96076e+07
10/31/2009 17:00,10,31,6,17,0,27.8,56,0,1.40078e+07,6.91537e+07,21.9121,21.9121,21.9121,16.8904,0,0.979175,0,7.39967e+07
10/31/2009 18:00,10,31,6,18,0,25.6,64,0,8.78049e+06,4.26919e+07,21.9149,21.9149,21.9149,16.8904,0,0.58323,0,4.40991e+07
10/31/2009 19:00,10,31,6,19,0,24.4,69,0,0,2.28739e+07,21.9139,21.9139,21.9139,21.9139,0,0,0,0
10/31/2009 20:00,10,31,6,20,0,23.9,74,0,0,2.28739e+07,21.9139,21.9139,21.9139,21.9139,0,0,0,0
10/31/2009 21:00,10,31,6,21,0,22.8,82,0,0,1.97521e+07,21.9139,21.9139,21.9139,21.9139,0,0,0,0
10/31/2009 22:00,10,31,6,22,0,21,82,0,0,1.97521e+07,21.9139,21.9139,21.9139,21.9139,0,0,0,0
10/31/2009 23:00,10,31,6,23,0,19.1,82,0,0,1.69425e+07,21.9139,21.9139,21.9139,21.9139,0,0,0,0
11/01/2009 00:00,11,1,0,0,0,17.3,79,0,0,1.53816e+07,21.9139,21.9139,21.9139,21.9139,0,0,0,0
11/01/2009 01:00,11,1,0,1,0,15.5,97,0,0,2.07703e+07,21.9139,21.9139,21.9139,21.9139,0,0,0,0
11/01/2009 02:00,11,1,0,2,0,13.7,100,0,0,2.07703e+07,21.9139,21.9139,21.9139,21.9139,0,0,0,0
11/01/2009 03:00,11,1,0,3,0,11.8,100,0,0,2.07703e+07,21.9139,21.9139,21.9139,21.9139,0,0,0,0
11/01/2009 04:00,11,1,0,4,0,10,100,0,0,2.07703e+07,21.9139,21.9139,21.9139,21.9139,0,0,0,0
11/01/2009 05:00,11,1,0,5,0,7.2,100,0,0,2.07703e+07,21.9139,21.9139,21.9139,21.9139,0,0,0,0
11/01/2009 06:00,11,1,0,6,0,10,100,0,0,2.23312e+07,21.9139,21.9139,21.9139,21.9139,0,0,0,0
11/01/2009 07:00,11,1,0,7,0,10.6,100,0,3.12511e+06,2.72234e+07,21.9974,21.9974,21.9974,16.8904,0,0.193678,0,1.48709e+07
11/01/2009 08:00,11,1,0,8,0,12.8,100,0,4.32378e+06,3.12389e+07,21.9802,21.9802,21.9802,16.8904,0,0.268901,0,2.05965e+07
11/01/2009 09:00,11,1,0,9,0,16.1,97,0,1.06115e+07,6.48791e+07,21.9711,21.9711,21.9711,16.8904,0,0.720654,0,5.51e+07
11/01/2009 10:00,11,1,0,10,0,22.2,82,0,1.22797e+07,6.69855e+07,21.9598,21.9598,21.9598,16.8904,0,0.849958,0,6.48414e+07
11/01/2009 11:00,11,1,0,11,0,24.4,64,0,1.19504e+07,6.65648e+07,21.9476,21.9476,21.9476,16.8904,0,0.823196,0,6.26493e+07
11/01/2009 12:00,11,1,0,12,0,25,54,0,1.21824e+07,6.68715e+07,21.9385,21.9385,21.9385,16.8904,0,0.845532,0,6.42334e+07
11/01/2009 13:00,11,1,0,13,0,26.1,56,0,1.16275e+07,6.17565e+07,21.9296,21.9296,21.9296,16.8904,0,0.804752,0,6.10279e+07
11/01/2009 14:00,11,1,0,14,0,26.7,49,0,1.28973e+07,6.77691e+07,21.9188,21.9188,21.9188,16.8904,0,0.899017,0,6.80303e+07
11/01/2009 15:00,11,1,0,15,0,26.7,54,0,1.3438e+07,6.84474e+07,21.9168,21.9168,21.9168,16.8904,0,0.939083,0,7.1034e+07
11/01/2009 16:00,11,1,0,16,0,26.1,62,0,1.33369e+07,6.83143e+07,21.9175,21.9175,21.9175,16.8904,0,0.929427,0,7.03133e+07
11/01/2009 17:00,11,1,0,17,0,23.9,74,0,1.2665e+07,6.74591e+07,21.9227,21.9227,21.9227,16.8904,0,0.875366,0,6.62909e+07
11/01/2009 18:00,11,1,0,18,0,21.7,79,0,7.28178e+06,4.08274e+07,21.9272,21.9272,21.9272,16.8904,0,0.475353,0,3.60305e+07
11/01/2009 19:00,11,1,0,19,0,21.1,79,0,0,2.28739e+07,21.927,21.927,21.927,21.927,0,0,0,0
11/01/2009 20:00,11,1,0,20,0,19.4,87,0,0,2.28739e+07,21.927,21.927,21.927,21.927,0,0,0,0
11/01/2009 21:00,11,1,0,21,0,18.9,84,0,0,1.97521e+07,21.927,21.927,21.927,21.927,0,0,0,0
11/01/2009 22:00,11,1,0,22,0,18.3,90,0,0,1.97521e+07,21.927,21.927,21.927,21.927,0,0,0,0
11/01/2009 23:00,11,1,0,23,0,17.8,93,0,0,1.69425e+07,21.927,21.927,21.927,21.927,0,0,0,0
11/02/2009 00:00,11,2,1,0,0,17.2,97,0,0,1.53816e+07,21.927,21.927,21.927,21.927,0,0,0,0
11/02/2009 01:00,11,2,1,1,0,17.2,97,0,0,2.07703e+07,21.927,21.927,21.927,21.927,0,0,0,0
11/02/2009 02:00,11,2,1,2,0,17.2,97,0,0,2.07703e+07,21.927,21.927,21.927,21.927,0,0,0,0
11/02/2009 03:00,11,2,1,3,0,16.7,100,0,0,2.07703e+07,21.927,21.927,21.927,21.927,0,0,0,0
11/02/2009 04:00,11,2,1,4,0,16.7,97,0,0,2.07703e+07,21.927,21.927,21.927,21.927,0,0,0,0
11/02/2009 05:00,11,2,1,5,0,16.1,100,0,0,2.07703e+07,21.927,21.927,21.927,21.927,0,0,0,0
11/02/2009 06:00,11,2,1,6,0,16.1,97,0,0,2.23312e+07,21.927,21.927,21.927,21.927,0,0,0,0
11/02/2009 07:00,11,2,1,7,0,16.1,97,0,2.68545e+06,2.66869e+07,22.036,22.036,22.036,16.8904,0,0.164948,0,1.27524e+07
11/02/2009 08:00,11,2,1,8,0,17.2,97,0,3.38018e+06,3.00774e+07,22.0398,22.0398,22.0398,16.8904,0,0.204652,0,1.58587e+07
11/02/2009 09:00,11,2,1,9,0,19.4,97,0,9.64862e+06,6.36632e+07,22.0337,22.0337,22.0337,16.8904,0,0.645986,0,4.99995e+07
11/02/2009 10:00,11,2,1,10,0,20.6,93,0,9.77592e+06,6.38215e+07,22.0142,22.0142,22.0142,16.8904,0,0.655261,0,5.0525e+07
11/02/2009 11:00,11,2,1,11,0,23.3,85,0,1.06581e+07,6.49303e+07,21.9956,21.9956,21.9956,16.8904,0,0.72217,0,5.54821e+07
11/02/2009 12:00,11,2,1,12,0,25.6,72,0,1.19703e+07,6.66002e+07,21.9773,21.9773,21.9773,16.8904,0,0.827928,0,6.33794e+07
11/02/2009 13:00,11,2,1,13,0,27.2,58,0,1.03016e+07,6.00671e+07,21.9589,21.9589,21.9589,16.8904,0,0.697216,0,5.31805e+07
11/02/2009 14:00,11,2,1,14,0,26.1,67,0,1.12021e+07,6.56166e+07,21.9379,21.9379,21.9379,16.8904,0,0.764076,0,5.80378e+07
11/02/2009 15:00,11,2,1,15,0,25,71,0,1.03268e+07,6.45129e+07,21.9415,21.9415,21.9415,16.8904,0,0.696765,0,5.29627e+07
11/02/2009 16:00,11,2,1,16,0,23.3,79,0,1.03207e+07,6.45054e+07,21.9473,21.9473,21.9473,16.8904,0,0.69631,0,5.29896e+07
11/02/2009 17:00,11,2,1,17,0,21.7,84,0,9.83351e+06,6.38958e+07,21.9553,21.9553,21.9553,16.8904,0,0.660376,0,5.03343e+07
11/02/2009 18:00,11,2,1,18,0,21.7,84,0,6.26358e+06,3.95636e+07,21.9571,21.9571,21.9571,16.8904,0,0.402953,0,3.0724e+07
11/02/2009 19:00,11,2,1,19,0,21.1,90,0,0,2.28739e+07,21.9562,21.9562,21.9562,21.9562,0,0,0,0
11/02/2009 20:00,11,2,1,20,0,21.1,90,0,0,2.28739e+07,21.9562,21.9562,21.9562,21.9562,0,0,0,0
11/02/2009 21:00,11,2,1,21,0,21.1,90,0,0,1.97521e+07,21.9562,21.9562,21.9562,21.9562,0,0,0,0
11/02/2009 22:00,11,2,1,22,0,21.1,93,0,0,1.97521e+07,21.9562,21.9562,21.9562,21.9562,0,0,0,0
11/02/2009 23:00,11,2,1,23,0,21.1,93,0,0,1.69425e+07,21.9562,21.9562,21.9562,21.9562,0,0,0,0
11/03/2009 00:00,11,3,2,0,0,21.7,90,0,0,1.53816e+07,21.9562,21.9562,21.9562,21.9562,0,0,0,0
11/03/2009 01:00,11,3,2,1,0,21.7,93,0,0,2.07703e+07,21.9562,21.9562,21.9562,21.9562,0,0,0,0
11/03/2009 02:00,11,3,2,2,0,21.7,93,0,0,2.07703e+07,21.9562,21.9562,21.9562,21.9562,0,0,0,0
11/03/2009 03:00,11,3,2,3,0,21.7,71,0,0,2.07703e+07,21.9562,21.9562,21.9562,21.9562,0,0,0,0
11/03/2009 04:00,11,3,2,4,0,21.1,93,0,0,2.07703e+07,21.9562,21.9562,21.9562,21.9562,0,0,0,0
11/03/2009 05:00,11,3,2,5,0,20,97,0,0,2.07703e+07,21.9562,21.9562,21.9562,21.9562,0,0,0,0
11/03/2009 06:00,11,3,2,6,0,20,97,0,0,2.23312e+07,21.9562,21.9562,21.9562,21.9562,0,0,0,0
11/03/2009 07:00,11,3,2,7,0,20.6,100,0,3.85461e+06,2.81089e+07,22.1536,22.1536,22.1536,16.8904,0,0.23937,0,1.8928e+07
11/03/2009 08:00,11,3,2,8,0,21.7,93,0,4.214e+06,3.10987e+07,22.1581,22.1581,22.1581,16.8904,0,0.259843,0,2.05979e+07
11/03/2009 09:00,11,3,2,9,0,23.3,87,0,1.1204e+07,6.56082e+07,22.1226,22.1226,22.1226,16.8904,0,0.760675,0,5.98966e+07
11/03/2009 10:00,11,3,2,10,0,25.6,72,0,1.07958e+07,6.50932e+07,22.0669,22.0669,22.0669,16.8904,0,0.729374,0,5.68225e+07
11/03/2009 11:00,11,3,2,11,0,26.1,62,0,1.17734e+07,6.63307e+07,22.0204,22.0204,22.0204,16.8904,0,0.806146,0,6.22362e+07
11/03/2009 12:00,11,3,2,12,0,26.7,60,0,1.21688e+07,6.6841e+07,21.9895,21.9895,21.9895,16.8904,0,0.840276,0,6.44795e+07
11/03/2009 13:00,11,3,2,13,0,27.2,63,0,1.08284e+07,6.07276e+07,21.9748,21.9748,21.9748,16.8904,0,0.73664,0,5.6363e+07
11/03/2009 14:00,11,3,2,14,0,27.2,63,0,1.13882e+07,6.5847e+07,21.9547,21.9547,21.9547,16.8904,0,0.777153,0,5.92276e+07
11/03/2009 15:00,11,3,2,15,0,27.2,63,0,1.26154e+07,6.73948e+07,21.9525,21.9525,21.9525,16.8904,0,0.871314,0,6.63745e+07
11/03/2009 16:00,11,3,2,16,0,26.7,67,0,1.12417e+07,6.56591e+07,21.949,21.949,21.949,16.8904,0,0.764879,0,5.82265e+07
11/03/2009 17:00,11,3,2,17,0,25,71,0,1.09474e+07,6.52896e+07,21.9495,21.9495,21.9495,16.8904,0,0.742708,0,5.65446e+07
11/03/2009 18:00,11,3,2,18,0,24.4,74,0,6.90514e+06,4.37299e+07,21.9492,21.9492,21.9492,16.8904,0,0.447993,0,3.41049e+07
11/03/2009 19:00,11,3,2,19,0,23.3,85,0,0,2.28739e+07,21.9464,21.9464,21.9464,21.9464,0,0,0,0
11/03/2009 20:00,11,3,2,20,0,22.8,90,0,0,2.28739e+07,21.9464,21.9464,21.9464,21.9464,0,0,0,0
11/03/2009 21:00,11,3,2,21,0,22.2,94,0,0,1.97521e+07,21.9464,21.9464,21.9464,21.9464,0,0,0,0
11/03/2009 22:00,11,3,2,22,0,22.8,90,0,0,1.97521e+07,21.9464,21.9464,21.9464,21.9464,0,0,0,0
11/03/2009 23:00,11,3,2,23,0,22.8,90,0,0,1.69425e+07,21.9464,21.9464,21.9464,21.9464,0,0,0,0
11/04/2009 00:00,11,4,3,0,0,22.8,90,0,0,1.53816e+07,21.9464,21.9464,21.9464,21.9464,0,0,0,0
11/04/2009 01:00,11,4,3,1,0,22.8,90,0,0,1.42679e+07,21.9464,21.9464,21.9464,21.9464,0,0,0,0
11/04/2009 02:00,11,4,3,2,0,22.2,94,0,0,1.42679e+07,21.9464,21.9464,21.9464,21.9464,0,0,0,0
11/04/2009 03:00,11,4,3,3,0,21.1,97,0,0,1.42679e+07,21.9464,21.9464,21.9464,21.9464,0,0,0,0
11/04/2009 04:00,11,4,3,4,0,20.6,97,0,0,1.42679e+07,21.9464,21.9464,21.9464,21.9464,0,0,0,0
11/04/2009 05:00,11,4,3,5,0,21.1,97,0,0,1.42679e+07,21.9464,21.9464,21.9464,21.9464,0,0,0,0
11/04/2009 06:00,11,4,3,6,0,21.7,97,0,0,1.42679e+07,21.9464,21.9464,21.9464,21.9464,0,0,0,0
11/04/2009 07:00,11,4,3,7,0,21.7,97,0,0,1.53816e+07,21.9464,21.9464,21.9464,21.9464,0,0,0,0
11/04/2009 08:00,11,4,3,8,0,22.2,97,0,0,1.20098e+07,21.9464,21.9464,21.9464,21.9464,0,0,0,0
11/04/2009 09:00,11,4,3,9,0,23.9,90,0,0,1.20098e+07,21.9464,21.9464,21.9464,21.9464,0,0,0,0
11/04/2009 10:00,11,4,3,10,0,26.1,74,0,0,1.20098e+07,21.9464,21.9464,21.9464,21.9464,0,0,0,0
11/04/2009 11:00,11,4,3,11,0,15,97,0,0,1.20098e+07,21.9464,21.9464,21.9464,21.9464,0,0,0,0
11/04/2009 12:00,11,4,3,12,0,12.8,93,0,0,1.20098e+07,21.9464,21.9464,21.9464,21.9464,0,0,0,0
11/04/2009 13:00,11,4,3,13,0,12.8,93,0,0,1.20098e+07,21.9464,21.9464,21.9464,21.9464,0,0,0,0
11/04/2009 14:00,11,4,3,14,0,12.8,87,0,0,1.20098e+07,21.9464,21.9464,21.9464,21.9464,0,0,0,0
11/04/2009 15:00,11,4,3,15,0,13.3,87,0,0,1.20098e+07,21.9464,21.9464,21.9464,21.9464,0,0,0,0
11/04/2009 16:00,11,4,3,16,0,14.4,78,0,0,1.20098e+07,21.9464,21.9464,21.9464,21.9464,0,0,0,0
11/04/2009 17:00,11,4,3,17,0,13.9,78,0,0,1.20098e+07,21.9464,21.9464,21.9464,21.9464,0,0,0,0
11/04/2009 18:00,11,4,3,18,0,12.2,80,0,0,1.53816e+07,21.9464,21.9464,21.9464,21.9464,0,0,0,0
11/04/2009 19:00,11,4,3,19,0,10.6,86,0,0,1.53816e+07,21.9464,21.9464,21.9464,21.9464,0,0,0,0
11/04/2009 20:00,11,4,3,20,0,10,83,0,0,1.53816e+07,21.9464,21.9464,21.9464,21.9464,0,0,0,0
11/04/2009 21:00,11,4,3,21,0,10,77,0,0,1.53816e+07,21.9464,21.9464,21.9464,21.9464,0,0,0,0
11/04/2009 22:00,11,4,3,22,0,10,74,0,0,1.53816e+07,21.9464,21.9464,21.9464,21.9464,0,0,0,0
11/04/2009 23:00,11,4,3,23,0,9.4,77,0,0,1.53816e+07,21.9464,21.9464,21.9464,21.9464,0,0,0,0
11/05/2009 00:00,11,5,4,0,0,8.9,74,0,0,1.53816e+07,21.9464,21.9464,21.9464,21.9464,0,0,0,0
11/05/2009 01:00,11,5,4,1,0,7.8,68,0,0,1.42679e+07,21.9464,21.9464,21.9464,21.9464,0,0,0,0
11/05/2009 02:00,11,5,4,2,0,7.2,71,0,0,1.42679e+07,21.9464,21.9464,21.9464,21.9464,0,0,0,0
11/05/2009 03:00,11,5,4,3,0,6.7,71,0,0,1.42679e+07,21.9464,21.9464,21.9464,21.9464,0,0,0,0
11/05/2009 04:00,11,5,4,4,0,6.1,71,0,0,1.42679e+07,21.9464,21.9464,21.9464,21.9464,0,0,0,0
11/05/2009 05:00,11,5,4,5,0,5.6,71,0,0,1.42679e+07,21.9464,21.9464,21.9464,21.9464,0,0,0,0
11/05/2009 06:00,11,5,4,6,0,4.4,76,0,0,1.42679e+07,21.9464,21.9464,21.9464,21.9464,0,0,0,0
11/05/2009 07:00,11,5,4,7,0,3.9,79,0,0,1.53816e+07,21.9464,21.9464,21.9464,21.9464,0,0,0,0
11/05/2009 08:00,11,5,4,8,0,6.1,71,0,0,1.20098e+07,21.9464,21.9464,21.9464,21.9464,0,0,0,0
11/05/2009 09:00,11,5,4,9,0,8.3,63,0,0,1.20098e+07,21.9464,21.9464,21.9464,21.9464,0,0,0,0
11/05/2009 10:00,11,5,4,10,0,10.6,55,0,0,1.20098e+07,21.9464,21.9464,21.9464,21.9464,0,0,0,0
11/05/2009 11:00,11,5,4,11,0,13.3,42,0,0,1.20098e+07,21.9464,21.9464,21.9464,21.9464,0,0,0,0
11/05/2009 12:00,11,5,4,12,0,14.4,41,0,0,1.20098e+07,21.9464,21.9464,21.9464,21.9464,0,0,0,0
11/05/2009 13:00,11,5,4,13,0,15.6,39,0,0,1.20098e+07,21.9464,21.9464,21.9464,21.9464,0,0,0,0
11/05/2009 14:00,11,5,4,14,0,16.7,37,0,0,1.20098e+07,21.9464,21.9464,21.9464,21.9464,0,0,0,0
11/05/2009 15:00,11,5,4,15,0,17.2,35,0,0,1.20098e+07,21.9464,21.9464,21.9464,21.9464,0,0,0,0
11/05/2009 16:00,11,5,4,16,0,17.8,36,0,0,1.20098e+07,21.9464,21.9464,21.9464,21.9464,0,0,0,0
11/05/2009 17:00,11,5,4,17,0,16.7,38,0,0,1.20098e+07,21.9464,21.9464,21.9464,21.9464,0,0,0,0
11/05/2009 18:00,11,5,4,18,0,12.8,60,0,0,1.53816e+07,21.9464,21.9464,21.9464,21.9464,0,0,0,0
11/05/2009 19:00,11,5,4,19,0,10,77,0,0,1.53816e+07,21.9464,21.9464,21.9464,21.9464,0,0,0,0
11/05/2009 20:00,11,5,4,20,0,8.9,80,0,0,1.53816e+07,21.9464,21.9464,21.9464,21.9464,0,0,0,0
11/05/2009 21:00,11,5,4,21,0,8.3,80,0,0,1.53816e+07,21.9464,21.9464,21.9464,21.9464,0,0,0,0
11/05/2009 22:00,11,5,4,22,0,7.2,83,0,0,1.53816e+07,21.9464,21.9464,21.9464,21.9464,0,0,0,0
11/05/2009 23:00,11,5,4,23,0,6.1,89,0,0,1.53816e+07,21.9464,21.9464,21.9464,21.9464,0,0,0,0
11/06/2009 00:00,11,6,5,0,0,5.6,89,0,0,1.53816e+07,21.9464,21.9464,21.9464,21.9464,0,0,0,0
11/06/2009 01:00,11,6,5,1,0,5.6,89,0,0,2.07703e+07,21.9464,21.9464,21.9464,21.9464,0,0,0,0
11/06/2009 02:00,11,6,5,2,0,5,93,0,0,2.07703e+07,21.9464,21.9464,21.9464,21.9464,0,0,0,0
11/06/2009 03:00,11,6,5,3,0,5,93,0,0,2.07703e+07,21.9464,21.9464,21.9464,21.9464,0,0,0,0
11/06/2009 04:00,11,6,5,4,0,4.4,93,0,0,2.07703e+07,21.9464,21.9464,21.9464,21.9464,0,0,0,0
11/06/2009 05:00,11,6,5,5,0,4.4,93,0,0,2.07703e+07,21.9464,21.9464,21.9464,21.9464,0,0,0,0
11/06/2009 06:00,11,6,5,6,0,4.4,93,0,0,2.23312e+07,21.9464,21.9464,21.9464,21.9464,0,0,0,0
11/06/2009 07:00,11,6,5,7,0,5.6,86,253256,0,2.37275e+07,20.9449,20.9449,20.9449,16.8904,0,0.00866535,0,528767
11/06/2009 08:00,11,6,5,8,0,8.9,83,0,0,2.60045e+07,20.0317,20.0317,20.0317,20.0317,0,0,0,0
11/06/2009 09:00,11,6,5,9,0,12.2,69,0,2.34109e+06,5.46658e+07,21.2056,21.2056,21.2056,17.414,0,0.147382,0,9.94087e+06
11/06/2009 10:00,11,6,5,10,0,15,60,0,3.85214e+06,5.65245e+07,21.7316,21.7316,21.7316,16.8904,0,0.250127,0,1.82227e+07
11/06/2009 11:00,11,6,5,11,0,17.2,50,0,4.52954e+06,5.73553e+07,21.7689,21.7689,21.7689,16.8904,0,0.29564,0,2.17049e+07
11/06/2009 12:00,11,6,5,12,0,18.3,45,0,5.18184e+06,5.81559e+07,21.7969,21.7969,21.7969,16.8904,0,0.339602,0,2.50755e+07
11/06/2009 13:00,11,6,5,13,0,19.4,47,0,4.83754e+06,5.33089e+07,21.82,21.82,21.82,16.8904,0,0.315796,0,2.34273e+07
11/06/2009 14:00,11,6,5,14,0,20,49,0,6.59419e+06,5.98963e+07,21.8469,21.8469,21.8469,16.8904,0,0.436154,0,3.25327e+07
11/06/2009 15:00,11,6,5,15,0,20,49,0,7.36213e+06,6.08402e+07,21.8799,21.8799,21.8799,16.8904,0,0.487549,0,3.66082e+07
11/06/2009 16:00,11,6,5,16,0,19.4,53,0,7.35112e+06,6.08175e+07,21.9039,21.9039,21.9039,16.8904,0,0.483961,0,3.65136e+07
11/06/2009 17:00,11,6,5,17,0,18.3,61,0,6.39497e+06,5.96224e+07,21.9408,21.9408,21.9408,16.8904,0,0.413803,0,3.14501e+07
11/06/2009 18:00,11,6,5,18,0,16.7,67,0,1.99311e+06,3.76972e+07,21.9655,21.9655,21.9655,16.8904,0,0.117464,0,8.9711e+06
11/06/2009 19:00,11,6,5,19,0,15.6,72,0,0,2.28739e+07,21.9708,21.9708,21.9708,21.9708,0,0,0,0
11/06/2009 20:00,11,6,5,20,0,14.4,81,0,0,2.28739e+07,21.9708,21.9708,21.9708,21.9708,0,0,0,0
11/06/2009 21:00,11,6,5,21,0,14.4,78,0,0,1.97521e+07,21.9708,21.9708,21.9708,21.9708,0,0,0,0
11/06/2009 22:00,11,6,5,22,0,13.9,81,0,0,1.97521e+07,21.9708,21.9708,21.9708,21.9708,0,0,0,0
11/06/2009 23:00,11,6,5,23,0,12.8,87,0,0,1.69425e+07,21.9708,21.9708,21.9708,21.9708,0,0,0,0
11/07/2009 00:00,11,7,6,0,0,13.9,75,0,0,1.53816e+07,21.9708,21.9708,21.9708,21.9708,0,0,0,0
11/07/2009 01:00,11,7,6,1,0,13.9,69,0,0,2.07703e+07,21.9708,21.9708,21.9708,21.9708,0,0,0,0
11/07/2009 02:00,11,7,6,2,0,13.9,69,0,0,2.07703e+07,21.9708,21.9708,21.9708,21.9708,0,0,0,0
11/07/2009 03:00,11,7,6,3,0,13.9,69,0,0,2.07703e+07,21.9708,21.9708,21.9708,21.9708,0,0,0,0
11/07/2009 04:00,11,7,6,4,0,13.9,72,0,0,2.07703e+07,21.9708,21.9708,21.9708,21.9708,0,0,0,0
11/07/2009 05:00,11,7,6,5,0,13.9,75,0,0,2.07703e+07,21.9708,21.9708,21.9708,21.9708,0,0,0,0
11/07/2009 06:00,11,7,6,6,0,13.9,75,0,0,2.23312e+07,21.9708,21.9708,21.9708,21.9708,0,0,0,0
11/07/2009 07:00,11,7,6,7,0,13.9,75,0,131966,2.35939e+07,21.9798,21.9798,21.9798,16.8904,0,0.00509234,0,390016
11/07/2009 08:00,11,7,6,8,0,14.4,72,0,301592,2.63598e+07,22.0105,22.0105,22.0105,16.8904,0,0.0160045,0,1.23312e+06
11/07/2009 09:00,11,7,6,9,0,15,67,0,3.74084e+06,5.6356e+07,21.9918,21.9918,21.9918,16.8904,0,0.233593,0,1.79219e+07
11/07/2009 10:00,11,7,6,10,0,17.8,54,0,5.1943e+06,5.8137e+07,21.9759,21.9759,21.9759,16.8904,0,0.330066,0,2.52598e+07
11/07/2009 11:00,11,7,6,11,0,18.9,51,0,6.44875e+06,5.96906e+07,21.981,21.981,21.981,16.8904,0,0.418408,0,3.20531e+07
11/07/2009 12:00,11,7,6,12,0,20.6,46,0,7.9027e+06,6.15147e+07,21.9781,21.9781,21.9781,16.8904,0,0.527842,0,4.04133e+07
11/07/2009 13:00,11,7,6,13,0,21.7,41,0,7.60526e+06,5.67339e+07,21.9604,21.9604,21.9604,16.8904,0,0.509743,0,3.8892e+07
11/07/2009 14:00,11,7,6,14,0,21.7,40,0,9.18374e+06,6.31141e+07,21.9573,21.9573,21.9573,16.8904,0,0.621459,0,4.73862e+07
11/07/2009 15:00,11,7,6,15,0,22.2,40,0,9.89033e+06,6.39894e+07,21.958,21.958,21.958,16.8904,0,0.670632,0,5.1143e+07
11/07/2009 16:00,11,7,6,16,0,21.7,40,0,9.6003e+06,6.36158e+07,21.9603,21.9603,21.9603,16.8904,0,0.645826,0,4.92734e+07
11/07/2009 17:00,11,7,6,17,0,20.6,44,0,8.68229e+06,6.24627e+07,21.9625,21.9625,21.9625,16.8904,0,0.576712,0,4.40191e+07
11/07/2009 18:00,11,7,6,18,0,18.9,47,0,3.68549e+06,3.97585e+07,21.965,21.965,21.965,16.8904,0,0.226326,0,1.72835e+07
11/07/2009 19:00,11,7,6,19,0,16.7,56,0,0,2.28739e+07,21.9638,21.9638,21.9638,21.9638,0,0,0,0
11/07/2009 20:00,11,7,6,20,0,15,62,0,0,2.28739e+07,21.9638,21.9638,21.9638,21.9638,0,0,0,0
11/07/2009 21:00,11,7,6,21,0,15,65,0,0,1.97521e+07,21.9638,21.9638,21.9638,21.9638,0,0,0,0
11/07/2009 22:00,11,7,6,22,0,14.4,65,0,0,1.97521e+07,21.9638,21.9638,21.9638,21.9638,0,0,0,0
11/07/2009 23:00,11,7,6,23,0,13.9,67,0,0,1.69425e+07,21.9638,21.9638,21.9638,21.9638,0,0,0,0
11/08/2009 00:00,11,8,0,0,0,13.9,67,0,0,1.53816e+07,21.9638,21.9638,21.9638,21.9638,0,0,0,0
11/08/2009 01:00,11,8,0,1,0,13.9,62,0,0,2.07703e+07,21.9638,21.9638,21.9638,21.9638,0,0,0,0
11/08/2009 02:00,11,8,0,2,0,13.3,64,0,0,2.07703e+07,21.9638,21.9638,21.9638,21.9638,0,0,0,0
11/08/2009 03:00,11,8,0,3,0,13.3,62,0,0,2.07703e+07,21.9638,21.9638,21.9638,21.9638,0,0,0,0
11/08/2009 04:00,11,8,0,4,0,12.8,64,0,0,2.07703e+07,21.9638,21.9638,21.9638,21.9638,0,0,0,0
11/08/2009 05:00,11,8,0,5,0,12.8,67,0,0,2.07703e+07,21.9638,21.9638,21.9638,21.9638,0,0,0,0
11/08/2009 06:00,11,8,0,6,0,10.6,90,0,0,2.23312e+07,21.9638,21.9638,21.9638,21.9638,0,0,0,0
11/08/2009 07:00,11,8,0,7,0,10.6,90,0,512946,2.40582e+07,22.0012,22.0012,22.0012,16.8904,0,0.0299316,0,2.29964e+06
11/08/2009 08:00,11,8,0,8,0,11.1,83,0,619219,2.67474e+07,22.021,22.021,22.021,16.8904,0,0.0368686,0,2.84652e+06
11/08/2009 09:00,11,8,0,9,0,11.1,83,0,3.52119e+06,5.60899e+07,21.9295,21.9295,21.9295,16.8904,0,0.21989,0,1.66463e+07
11/08/2009 10:00,11,8,0,10,0,11.7,77,0,4.49365e+06,5.72762e+07,21.9217,21.9217,21.9217,16.8904,0,0.283034,0,2.14298e+07
11/08/2009 11:00,11,8,0,11,0,11.7,83,0,4.77921e+06,5.76279e+07,21.9382,21.9382,21.9382,16.8904,0,0.302573,0,2.29844e+07
11/08/2009 12:00,11,8,0,12,0,12.2,77,0,5.92315e+06,5.90371e+07,21.96,21.96,21.96,16.8904,0,0.380729,0,2.90462e+07
11/08/2009 13:00,11,8,0,13,0,12.8,77,0,5.03752e+06,5.35197e+07,21.9686,21.9686,21.9686,16.8904,0,0.3188,0,2.43627e+07
11/08/2009 14:00,11,8,0,14,0,12.8,77,0,6.1119e+06,5.92695e+07,21.9681,21.9681,21.9681,16.8904,0,0.393549,0,3.00723e+07
11/08/2009 15:00,11,8,0,15,0,12.8,77,0,5.91173e+06,5.90224e+07,21.9788,21.9788,21.9788,16.8904,0,0.379751,0,2.90789e+07
11/08/2009 16:00,11,8,0,16,0,12.2,90,0,5.79679e+06,5.88807e+07,21.9904,21.9904,21.9904,16.8904,0,0.371909,0,2.85436e+07
11/08/2009 17:00,11,8,0,17,0,12.2,93,0,5.7037e+06,5.8766e+07,22.0013,22.0013,22.0013,16.8904,0,0.365596,0,2.81188e+07
11/08/2009 18:00,11,8,0,18,0,12.2,96,0,1.9701e+06,3.76582e+07,22.0025,22.0025,22.0025,16.8904,0,0.112923,0,8.68725e+06
11/08/2009 19:00,11,8,0,19,0,12.2,96,0,0,2.28739e+07,22.0026,22.0026,22.0026,22.0026,0,0,0,0
11/08/2009 20:00,11,8,0,20,0,12.2,96,0,0,2.28739e+07,22.0026,22.0026,22.0026,22.0026,0,0,0,0
11/08/2009 21:00,11,8,0,21,0,11.7,93,0,0,1.97521e+07,22.0026,22.0026,22.0026,22.0026,0,0,0,0
11/08/2009 22:00,11,8,0,22,0,11.1,93,0,0,1.97521e+07,22.0026,22.0026,22.0026,22.0026,0,0,0,0
11/08/2009 23:00,11,8,0,23,0,10.6,93,0,0,1.69425e+07,22.0026,22.0026,22.0026,22.0026,0,0,0,0
11/09/2009 00:00,11,9,1,0,0,10,96,0,0,1.53816e+07,22.0026,22.0026,22.0026,22.0026,0,0,0,0
11/09/2009 01:00,11,9,1,1,0,10.6,93,0,0,2.07703e+07,22.0026,22.0026,22.0026,22.0026,0,0,0,0
11/09/2009 02:00,11,9,1,2,0,10.6,93,0,0,2.07703e+07,22.0026,22.0026,22.0026,22.0026,0,0,0,0
11/09/2009 03:00,11,9,1,3,0,10,90,0,0,2.07703e+07,22.0026,22.0026,22.0026,22.0026,0,0,0,0
11/09/2009 04:00,11,9,1,4,0,10,90,0,0,2.07703e+07,22.0026,22.0026,22.0026,22.0026,0,0,0,0
11/09/2009 05:00,11,9,1,5,0,10,90,0,0,2.07703e+07,22.0026,22.0026,22.0026,22.0026,0,0,0,0
11/09/2009 06:00,11,9,1,6,0,10,90,0,0,2.23312e+07,22.0026,22.0026,22.0026,22.0026,0,0,0,0
11/09/2009 07:00,11,9,1,7,0,10.6,83,0,171058,2.36414e+07,22.0069,22.0069,22.0069,16.8904,0,0.00760529,0,585581
11/09/2009 08:00,11,9,1,8,0,10.6,80,0,298156,2.63557e+07,22.0176,22.0176,22.0176,16.8904,0,0.015801,0,1.21913e+06
11/09/2009 09:00,11,9,1,9,0,11.1,80,0,2.47414e+06,5.48142e+07,21.9934,21.9934,21.9934,16.8904,0,0.152524,0,1.17002e+07
11/09/2009 10:00,11,9,1,10,0,11.7,77,0,3.45804e+06,5.60024e+07,21.9695,21.9695,21.9695,16.8904,0,0.2128,0,1.62651e+07
11/09/2009 11:00,11,9,1,11,0,12.2,75,0,4.04538e+06,5.67234e+07,21.9769,21.9769,21.9769,16.8904,0,0.2522,0,1.93047e+07
11/09/2009 12:00,11,9,1,12,0,13.3,69,0,4.69453e+06,5.7521e+07,21.9894,21.9894,21.9894,16.8904,0,0.296009,0,2.27143e+07
11/09/2009 13:00,11,9,1,13,0,13.9,67,0,3.95373e+06,5.21852e+07,22.0077,22.0077,22.0077,16.8904,0,0.244868,0,1.88571e+07
11/09/2009 14:00,11,9,1,14,0,13.9,62,0,5.20479e+06,5.81485e+07,22.0059,22.0059,22.0059,16.8904,0,0.330504,0,2.54427e+07
11/09/2009 15:00,11,9,1,15,0,15,62,0,5.77292e+06,5.88494e+07,22.0112,22.0112,22.0112,16.8904,0,0.369613,0,2.8483e+07
11/09/2009 16:00,11,9,1,16,0,15,60,0,5.78257e+06,5.88615e+07,22.0166,22.0166,22.0166,16.8904,0,0.370349,0,2.85696e+07
11/09/2009 17:00,11,9,1,17,0,14.4,62,0,6.25912e+06,5.94511e+07,22.0207,22.0207,22.0207,16.8904,0,0.403437,0,3.11467e+07
11/09/2009 18:00,11,9,1,18,0,12.2,69,0,1.27524e+06,3.68314e+07,22.0156,22.0156,22.0156,16.8904,0,0.0740136,0,5.70844e+06
11/09/2009 19:00,11,9,1,19,0,9.4,86,0,0,2.28739e+07,22.0118,22.0118,22.0118,22.0118,0,0,0,0
11/09/2009 20:00,11,9,1,20,0,10,80,0,0,2.28739e+07,22.0118,22.0118,22.0118,22.0118,0,0,0,0
11/09/2009 21:00,11,9,1,21,0,8.3,89,0,0,1.97521e+07,22.0118,22.0118,22.0118,22.0118,0,0,0,0
11/09/2009 22:00,11,9,1,22,0,8.9,83,0,0,1.97521e+07,22.0118,22.0118,22.0118,22.0118,0,0,0,0
11/09/2009 23:00,11,9,1,23,0,7.8,86,0,0,1.69425e+07,22.0118,22.0118,22.0118,22.0118,0,0,0,0
11/10/2009 00:00,11,10,2,0,0,7.2,86,0,0,1.53816e+07,22.0118,22.0118,22.0118,22.0118,0,0,0,0
11/10/2009 01:00,11,10,2,1,0,6.1,89,0,0,2.07703e+07,22.0118,22.0118,22.0118,22.0118,0,0,0,0
11/10/2009 02:00,11,10,2,2,0,7.8,80,0,0,2.07703e+07,22.0118,22.0118,22.0118,22.0118,0,0,0,0
11/10/2009 03:00,11,10,2,3,0,7.2,80,0,0,2.07703e+07,22.0118,22.0118,22.0118,22.0118,0,0,0,0
11/10/2009 04:00,11,10,2,4,0,5,89,0,0,2.07703e+07,22.0118,22.0118,22.0118,22.0118,0,0,0,0
11/10/2009 05:00,11,10,2,5,0,5,89,0,0,2.07703e+07,22.0118,22.0118,22.0118,22.0118,0,0,0,0
11/10/2009 06:00,11,10,2,6,0,3.3,93,0,0,2.23312e+07,22.0118,22.0118,22.0118,22.0118,0,0,0,0
11/10/2009 07:00,11,10,2,7,0,3.3,93,0,0,2.34449e+07,22.0118,22.0118,22.0118,22.0118,0,0,0,0
11/10/2009 08:00,11,10,2,8,0,7.2,83,0,184183,2.62229e+07,21.9845,21.9845,21.9845,18.5975,0,0.0100159,0,766284
11/10/2009 09:00,11,10,2,9,0,11.1,69,0,3.40327e+06,5.59505e+07,21.9042,21.9042,21.9042,16.8904,0,0.213205,0,1.60771e+07
11/10/2009 10:00,11,10,2,10,0,15.6,52,0,4.62999e+06,5.74737e+07,21.8964,21.8964,21.8964,16.8904,0,0.300922,0,2.26694e+07
11/10/2009 11:00,11,10,2,11,0,17.2,34,0,5.47845e+06,5.85085e+07,21.9139,21.9139,21.9139,16.8904,0,0.356108,0,2.69214e+07
11/10/2009 12:00,11,10,2,12,0,18.3,33,0,6.14488e+06,5.9339e+07,21.9393,21.9393,21.9393,16.8904,0,0.404715,0,3.07504e+07
11/10/2009 13:00,11,10,2,13,0,19.4,32,0,5.7802e+06,5.44716e+07,21.9385,21.9385,21.9385,16.8904,0,0.380904,0,2.89366e+07
11/10/2009 14:00,11,10,2,14,0,20.6,28,0,7.67279e+06,6.12332e+07,21.9399,21.9399,21.9399,16.8904,0,0.512455,0,3.89409e+07
11/10/2009 15:00,11,10,2,15,0,20.6,29,0,8.40455e+06,6.21353e+07,21.9501,21.9501,21.9501,16.8904,0,0.562197,0,4.2807e+07
11/10/2009 16:00,11,10,2,16,0,21.1,30,0,8.66272e+06,6.24497e+07,21.9589,21.9589,21.9589,16.8904,0,0.578454,0,4.41214e+07
11/10/2009 17:00,11,10,2,17,0,20,33,0,8.03649e+06,6.16614e+07,21.9679,21.9679,21.9679,16.8904,0,0.530684,0,4.05494e+07
11/10/2009 18:00,11,10,2,18,0,14.4,60,0,2.19324e+06,3.79309e+07,21.9772,21.9772,21.9772,16.8904,0,0.127443,0,9.7557e+06
11/10/2009 19:00,11,10,2,19,0,12.2,69,0,0,2.28739e+07,21.9784,21.9784,21.9784,21.9784,0,0,0,0
11/10/2009 20:00,11,10,2,20,0,10,77,0,0,2.28739e+07,21.9784,21.9784,21.9784,21.9784,0,0,0,0
11/10/2009 21:00,11,10,2,21,0,8.9,83,0,0,1.97521e+07,21.9784,21.9784,21.9784,21.9784,0,0,0,0
11/10/2009 22:00,11,10,2,22,0,8.3,83,0,0,1.97521e+07,21.9784,21.9784,21.9784,21.9784,0,0,0,0
11/10/2009 23:00,11,10,2,23,0,7.2,86,0,0,1.69425e+07,21.9784,21.9784,21.9784,21.9784,0,0,0,0
11/11/2009 00:00,11,11,3,0,0,6.7,89,0,0,1.53816e+07,21.9784,21.9784,21.9784,21.9784,0,0,0,0
11/11/2009 01:00,11,11,3,1,0,6.1,93,0,0,1.42679e+07,21.9784,21.9784,21.9784,21.9784,0,0,0,0
11/11/2009 02:00,11,11,3,2,0,6.1,89,0,0,1.42679e+07,21.9784,21.9784,21.9784,21.9784,0,0,0,0
11/11/2009 03:00,11,11,3,3,0,5,93,0,0,1.42679e+07,21.9784,21.9784,21.9784,21.9784,0,0,0,0
11/11/2009 04:00,11,11,3,4,0,5,93,0,0,1.42679e+07,21.9784,21.9784,21.9784,21.9784,0,0,0,0
11/11/2009 05:00,11,11,3,5,0,5,93,0,0,1.42679e+07,21.9784,21.9784,21.9784,21.9784,0,0,0,0
11/11/2009 06:00,11,11,3,6,0,5,93,0,0,1.42679e+07,21.9784,21.9784,21.9784,21.9784,0,0,0,0
11/11/2009 07:00,11,11,3,7,0,4.4,93,0,0,1.53816e+07,21.9784,21.9784,21.9784,21.9784,0,0,0,0
11/11/2009 08:00,11,11,3,8,0,7.8,86,0,0,1.20098e+07,21.9784,21.9784,21.9784,21.9784,0,0,0,0
11/11/2009 09:00,11,11,3,9,0,12.2,69,0,0,1.20098e+07,21.9784,21.9784,21.9784,21.9784,0,0,0,0
11/11/2009 10:00,11,11,3,10,0,16.7,52,0,0,1.20098e+07,21.9784,21.9784,21.9784,21.9784,0,0,0,0
11/11/2009 11:00,11,11,3,11,0,18.9,45,0,0,1.20098e+07,21.9784,21.9784,21.9784,21.9784,0,0,0,0
11/11/2009 12:00,11,11,3,12,0,20.6,35,0,0,1.20098e+07,21.9784,21.9784,21.9784,21.9784,0,0,0,0
11/11/2009 13:00,11,11,3,13,0,21.1,34,0,0,1.20098e+07,21.9784,21.9784,21.9784,21.9784,0,0,0,0
11/11/2009 14:00,11,11,3,14,0,22.2,28,0,0,1.20098e+07,21.9784,21.9784,21.9784,21.9784,0,0,0,0
11/11/2009 15:00,11,11,3,15,0,22.8,29,0,0,1.20098e+07,21.9784,21.9784,21.9784,21.9784,0,0,0,0
11/11/2009 16:00,11,11,3,16,0,22.2,32,0,0,1.20098e+07,21.9784,21.9784,21.9784,21.9784,0,0,0,0
11/11/2009 17:00,11,11,3,17,0,21.1,36,0,0,1.20098e+07,21.9784,21.9784,21.9784,21.9784,0,0,0,0
11/11/2009 18:00,11,11,3,18,0,18.9,43,0,0,1.53816e+07,21.9784,21.9784,21.9784,21.9784,0,0,0,0
11/11/2009 19:00,11,11,3,19,0,17.2,48,0,0,1.53816e+07,21.9784,21.9784,21.9784,21.9784,0,0,0,0
11/11/2009 20:00,11,11,3,20,0,15.6,52,0,0,1.53816e+07,21.9784,21.9784,21.9784,21.9784,0,0,0,0
11/11/2009 21:00,11,11,3,21,0,13.9,58,0,0,1.53816e+07,21.9784,21.9784,21.9784,21.9784,0,0,0,0
11/11/2009 22:00,11,11,3,22,0,11.1,74,0,0,1.53816e+07,21.9784,21.9784,21.9784,21.9784,0,0,0,0
11/11/2009 23:00,11,11,3,23,0,10,83,0,0,1.53816e+07,21.9784,21.9784,21.9784,21.9784,0,0,0,0
11/12/2009 00:00,11,12,4,0,0,8.9,86,0,0,1.53816e+07,21.9784,21.9784,21.9784,21.9784,0,0,0,0
11/12/2009 01:00,11,12,4,1,0,8.3,89,0,0,1.42679e+07,21.9784,21.9784,21.9784,21.9784,0,0,0,0
11/12/2009 02:00,11,12,4,2,0,7.2,93,0,0,1.42679e+07,21.9784,21.9784,21.9784,21.9784,0,0,0,0
11/12/2009 03:00,11,12,4,3,0,6.7,93,0,0,1.42679e+07,21.9784,21.9784,21.9784,21.9784,0,0,0,0
11/12/2009 04:00,11,12,4,4,0,7.2,96,0,0,1.42679e+07,21.9784,21.9784,21.9784,21.9784,0,0,0,0
11/12/2009 05:00,11,12,4,5,0,6.7,93,0,0,1.42679e+07,21.9784,21.9784,21.9784,21.9784,0,0,0,0
11/12/2009 06:00,11,12,4,6,0,6.1,93,0,0,1.42679e+07,21.9784,21.9784,21.9784,21.9784,0,0,0,0
11/12/2009 07:00,11,12,4,7,0,6.1,93,0,0,1.53816e+07,21.9784,21.9784,21.9784,21.9784,0,0,0,0
11/12/2009 08:00,11,12,4,8,0,8.9,93,0,0,1.20098e+07,21.9784,21.9784,21.9784,21.9784,0,0,0,0
11/12/2009 09:00,11,12,4,9,0,13.9,78,0,0,1.20098e+07,21.9784,21.9784,21.9784,21.9784,0,0,0,0
11/12/2009 10:00,11,12,4,10,0,18.3,61,0,0,1.20098e+07,21.9784,21.9784,21.9784,21.9784,0,0,0,0
11/12/2009 11:00,11,12,4,11,0,20.6,46,0,0,1.20098e+07,21.9784,21.9784,21.9784,21.9784,0,0,0,0
11/12/2009 12:00,11,12,4,12,0,22.2,37,0,0,1.20098e+07,21.9784,21.9784,21.9784,21.9784,0,0,0,0
11/12/2009 13:00,11,12,4,13,0,22.8,36,0,0,1.20098e+07,21.9784,21.9784,21.9784,21.9784,0,0,0,0
11/12/2009 14:00,11,12,4,14,0,23.9,31,0,0,1.20098e+07,21.9784,21.9784,21.9784,21.9784,0,0,0,0
11/12/2009 15:00,11,12,4,15,0,23.3,33,0,0,1.20098e+07,21.9784,21.9784,21.9784,21.9784,0,0,0,0
11/12/2009 16:00,11,12,4,16,0,23.9,33,0,0,1.20098e+07,21.9784,21.9784,21.9784,21.9784,0,0,0,0
11/12/2009 17:00,11,12,4,17,0,22.2,38,0,0,1.20098e+07,21.9784,21.9784,21.9784,21.9784,0,0,0,0
11/12/2009 18:00,11,12,4,18,0,17.2,61,0,0,1.53816e+07,21.9784,21.9784,21.9784,21.9784,0,0,0,0
11/12/2009 19:00,11,12,4,19,0,15,72,0,0,1.53816e+07,21.9784,21.9784,21.9784,21.9784,0,0,0,0
11/12/2009 20:00,11,12,4,20,0,14.4,70,0,0,1.53816e+07,21.9784,21.9784,21.9784,21.9784,0,0,0,0
11/12/2009 21:00,11,12,4,21,0,12.8,77,0,0,1.53816e+07,21.9784,21.9784,21.9784,21.9784,0,0,0,0
11/12/2009 22:00,11,12,4,22,0,12.8,75,0,0,1.53816e+07,21.9784,21.9784,21.9784,21.9784,0,0,0,0
11/12/2009 23:00,11,12,4,23,0,10.6,86,0,0,1.53816e+07,21.9784,21.9784,21.9784,21.9784,0,0,0,0
11/13/2009 00:00,11,13,5,0,0,10,86,0,0,1.53816e+07,21.9784,21.9784,21.9784,21.9784,0,0,0,0
11/13/2009 01:00,11,13,5,1,0,9.4,90,0,0,2.07703e+07,21.9784,21.9784,21.9784,21.9784,0,0,0,0
11/13/2009 02:00,11,13,5,2,0,8.3,89,0,0,2.07703e+07,21.9784,21.9784,21.9784,21.9784,0,0,0,0
11/13/2009 03:00,11,13,5,3,0,7.8,93,0,0,2.07703e+07,21.9784,21.9784,21.9784,21.9784,0,0,0,0
11/13/2009 04:00,11,13,5,4,0,7.8,93,0,0,2.07703e+07,21.9784,21.9784,21.9784,21.9784,0,0,0,0
11/13/2009 05:00,11,13,5,5,0,7.2,93,0,0,2.07703e+07,21.9784,21.9784,21.9784,21.9784,0,0,0,0
11/13/2009 06:00,11,13,5,6,0,7.8,96,0,0,2.23312e+07,21.9784,21.9784,21.9784,21.9784,0,0,0,0
11/13/2009 07:00,11,13,5,7,0,7.8,93,0,0,2.34449e+07,21.9784,21.9784,21.9784,21.9784,0,0,0,0
11/13/2009 08:00,11,13,5,8,0,10.6,86,0,807305,2.69748e+07,21.9046,21.9046,21.9046,17.6173,0,0.0479012,0,3.60044e+06
11/13/2009 09:00,11,13,5,9,0,14.4,81,0,3.59971e+06,5.62055e+07,21.8661,21.8661,21.8661,16.8904,0,0.230183,0,1.72482e+07
11/13/2009 10:00,11,13,5,10,0,19.4,59,0,5.0539e+06,5.80013e+07,21.9022,21.9022,21.9022,16.8904,0,0.331143,0,2.49758e+07
11/13/2009 11:00,11,13,5,11,0,22.2,46,0,6.33381e+06,5.95754e+07,21.9371,21.9371,21.9371,16.8904,0,0.418135,0,3.17569e+07
11/13/2009 12:00,11,13,5,12,0,22.8,41,0,7.10139e+06,6.05368e+07,21.9604,21.9604,21.9604,16.8904,0,0.475605,0,3.62872e+07
11/13/2009 13:00,11,13,5,13,0,23.9,37,0,6.64437e+06,5.55483e+07,21.9548,21.9548,21.9548,16.8904,0,0.44327,0,3.37832e+07
11/13/2009 14:00,11,13,5,14,0,24.4,31,0,8.6502e+06,6.24572e+07,21.9604,21.9604,21.9604,16.8904,0,0.584881,0,4.46246e+07
11/13/2009 15:00,11,13,5,15,0,24.4,35,0,9.51892e+06,6.35323e+07,21.9666,21.9666,21.9666,16.8904,0,0.645214,0,4.92881e+07
11/13/2009 16:00,11,13,5,16,0,24.4,32,0,9.52387e+06,6.3527e+07,21.9687,21.9687,21.9687,16.8904,0,0.64194,0,4.90579e+07
11/13/2009 17:00,11,13,5,17,0,22.8,36,0,8.76744e+06,6.25723e+07,21.9724,21.9724,21.9724,16.8904,0,0.583603,0,4.46324e+07
11/13/2009 18:00,11,13,5,18,0,21.1,35,0,3.46113e+06,3.94834e+07,21.974,21.974,21.974,16.8904,0,0.211187,0,1.61561e+07
11/13/2009 19:00,11,13,5,19,0,16.1,60,0,0,2.28739e+07,21.9721,21.9721,21.9721,21.9721,0,0,0,0
11/13/2009 20:00,11,13,5,20,0,17.8,50,0,0,2.28739e+07,21.9721,21.9721,21.9721,21.9721,0,0,0,0
11/13/2009 21:00,11,13,5,21,0,12.8,75,0,0,1.97521e+07,21.9721,21.9721,21.9721,21.9721,0,0,0,0
11/13/2009 22:00,11,13,5,22,0,12.2,80,0,0,1.97521e+07,21.9721,21.9721,21.9721,21.9721,0,0,0,0
11/13/2009 23:00,11,13,5,23,0,10.6,86,0,0,1.69425e+07,21.9721,21.9721,21.9721,21.9721,0,0,0,0
11/14/2009 00:00,11,14,6,0,0,10,86,0,0,1.53816e+07,21.9721,21.9721,21.9721,21.9721,0,0,0,0
11/14/2009 01:00,11,14,6,1,0,9.4,90,0,0,2.07703e+07,21.9721,21.9721,21.9721,21.9721,0,0,0,0
11/14/2009 02:00,11,14,6,2,0,8.3,93,0,0,2.07703e+07,21.9721,21.9721,21.9721,21.9721,0,0,0,0
11/14/2009 03:00,11,14,6,3,0,7.8,93,0,0,2.07703e+07,21.9721,21.9721,21.9721,21.9721,0,0,0,0
11/14/2009 04:00,11,14,6,4,0,7.8,93,0,0,2.07703e+07,21.9721,21.9721,21.9721,21.9721,0,0,0,0
11/14/2009 05:00,11,14,6,5,0,6.7,93,0,0,2.07703e+07,21.9721,21.9721,21.9721,21.9721,0,0,0,0
11/14/2009 06:00,11,14,6,6,0,6.7,93,0,0,2.23312e+07,21.9721,21.9721,21.9721,21.9721,0,0,0,0
11/14/2009 07:00,11,14,6,7,0,8.3,93,0,168122,2.36379e+07,21.9838,21.9838,21.9838,16.8904,0,0.00740861,0,567858
11/14/2009 08:00,11,14,6,8,0,10,86,0,1.57409e+06,2.78986e+07,21.9842,21.9842,21.9842,16.8904,0,0.0943569,0,7.22956e+06
11/14/2009 09:00,11,14,6,9,0,14.4,72,0,5.962e+06,5.90992e+07,21.9862,21.9862,21.9862,16.8904,0,0.387239,0,2.96971e+07
11/14/2009 10:00,11,14,6,10,0,18.3,56,0,7.57118e+06,6.10988e+07,21.9849,21.9849,21.9849,16.8904,0,0.502453,0,3.85209e+07
11/14/2009 11:00,11,14,6,11,0,21.1,55,0,8.50687e+06,6.22701e+07,21.9833,21.9833,21.9833,16.8904,0,0.572212,0,4.38552e+07
11/14/2009 12:00,11,14,6,12,0,23.3,48,0,8.85553e+06,6.27104e+07,21.979,21.979,21.979,16.8904,0,0.599452,0,4.59044e+07
11/14/2009 13:00,11,14,6,13,0,25,43,0,8.29507e+06,5.75924e+07,21.9655,21.9655,21.9655,16.8904,0,0.559421,0,4.27255e+07
11/14/2009 14:00,11,14,6,14,0,25,43,0,9.90997e+06,6.40218e+07,21.9639,21.9639,21.9639,16.8904,0,0.674876,0,5.15262e+07
11/14/2009 15:00,11,14,6,15,0,25,42,0,1.0369e+07,6.45858e+07,21.9657,21.9657,21.9657,16.8904,0,0.705291,0,5.38675e+07
11/14/2009 16:00,11,14,6,16,0,24.4,47,0,1.00415e+07,6.41658e+07,21.9675,21.9675,21.9675,16.8904,0,0.677954,0,5.17985e+07
11/14/2009 17:00,11,14,6,17,0,22.8,50,0,9.27959e+06,6.32075e+07,21.967,21.967,21.967,16.8904,0,0.620161,0,4.73781e+07
11/14/2009 18:00,11,14,6,18,0,21.1,64,0,4.34304e+06,4.0567e+07,21.9662,21.9662,21.9662,16.8904,0,0.270795,0,2.06843e+07
11/14/2009 19:00,11,14,6,19,0,17.2,78,0,0,2.28739e+07,21.964,21.964,21.964,21.964,0,0,0,0
11/14/2009 20:00,11,14,6,20,0,16.7,70,0,0,2.28739e+07,21.964,21.964,21.964,21.964,0,0,0,0
11/14/2009 21:00,11,14,6,21,0,17.2,65,0,0,1.97521e+07,21.964,21.964,21.964,21.964,0,0,0,0
11/14/2009 22:00,11,14,6,22,0,13.3,83,0,0,1.97521e+07,21.964,21.964,21.964,21.964,0,0,0,0
11/14/2009 23:00,11,14,6,23,0,12.8,83,0,0,1.69425e+07,21.964,21.964,21.964,21.964,0,0,0,0
11/15/2009 00:00,11,15,0,0,0,11.7,90,0,0,1.53816e+07,21.964,21.964,21.964,21.964,0,0,0,0
11/15/2009 01:00,11,15,0,1,0,11.7,90,0,0,2.07703e+07,21.964,21.964,21.964,21.964,0,0,0,0
11/15/2009 02:00,11,15,0,2,0,10.6,93,0,0,2.07703e+07,21.964,21.964,21.964,21.964,0,0,0,0
11/15/2009 03:00,11,15,0,3,0,10.6,93,0,0,2.07703e+07,21.964,21.964,21.964,21.964,0,0,0,0
11/15/2009 04:00,11,15,0,4,0,10.6,93,0,0,2.07703e+07,21.964,21.964,21.964,21.964,0,0,0,0
11/15/2009 05:00,11,15,0,5,0,10.6,93,0,0,2.07703e+07,21.964,21.964,21.964,21.964,0,0,0,0
11/15/2009 06:00,11,15,0,6,0,12.2,96,0,0,2.23312e+07,21.964,21.964,21.964,21.964,0,0,0,0
11/15/2009 07:00,11,15,0,7,0,11.1,93,0,534006,2.4084e+07,22.0056,22.0056,22.0056,16.8904,0,0.0313333,0,2.40909e+06
11/15/2009 08:00,11,15,0,8,0,12.8,97,0,762485,2.69162e+07,22.0223,22.0223,22.0223,16.8904,0,0.044422,0,3.4304e+06
11/15/2009 09:00,11,15,0,9,0,16.7,87,0,5.63381e+06,5.86795e+07,21.9808,21.9808,21.9808,16.8904,0,0.360356,0,2.76035e+07
11/15/2009 10:00,11,15,0,10,0,20.6,76,0,8.32697e+06,6.20291e+07,21.9856,21.9856,21.9856,16.8904,0,0.553956,0,4.24751e+07
11/15/2009 11:00,11,15,0,11,0,23.3,66,0,9.02072e+06,6.28961e+07,21.9847,21.9847,21.9847,16.8904,0,0.605223,0,4.63975e+07
11/15/2009 12:00,11,15,0,12,0,23.9,62,0,8.85362e+06,6.26855e+07,21.9825,21.9825,21.9825,16.8904,0,0.592487,0,4.54021e+07
11/15/2009 13:00,11,15,0,13,0,23.9,62,0,7.2752e+06,5.62856e+07,21.9841,21.9841,21.9841,16.8904,0,0.47435,0,3.63605e+07
11/15/2009 14:00,11,15,0,14,0,25.6,52,0,8.7722e+06,6.25725e+07,21.9717,21.9717,21.9717,16.8904,0,0.582915,0,4.45733e+07
11/15/2009 15:00,11,15,0,15,0,25.6,52,0,1.02454e+07,6.44198e+07,21.9681,21.9681,21.9681,16.8904,0,0.692895,0,5.29458e+07
11/15/2009 16:00,11,15,0,16,0,25,54,0,9.44578e+06,6.34134e+07,21.966,21.966,21.966,16.8904,0,0.632013,0,4.82739e+07
11/15/2009 17:00,11,15,0,17,0,23.9,56,0,9.74533e+06,6.37892e+07,21.9642,21.9642,21.9642,16.8904,0,0.654212,0,4.99522e+07
11/15/2009 18:00,11,15,0,18,0,22.2,62,0,4.66554e+06,4.0963e+07,21.964,21.964,21.964,16.8904,0,0.29246,0,2.23295e+07
11/15/2009 19:00,11,15,0,19,0,20,73,0,0,2.28739e+07,21.9622,21.9622,21.9622,21.9622,0,0,0,0
11/15/2009 20:00,11,15,0,20,0,18.9,87,0,0,2.28739e+07,21.9622,21.9622,21.9622,21.9622,0,0,0,0
11/15/2009 21:00,11,15,0,21,0,18.9,90,0,0,1.97521e+07,21.9622,21.9622,21.9622,21.9622,0,0,0,0
11/15/2009 22:00,11,15,0,22,0,18.3,97,0,0,1.97521e+07,21.9622,21.9622,21.9622,21.9622,0,0,0,0
11/15/2009 23:00,11,15,0,23,0,18.3,97,0,0,1.69425e+07,21.9622,21.9622,21.9622,21.9622,0,0,0,0
11/16/2009 00:00,11,16,1,0,0,17.8,100,0,0,1.53816e+07,21.9622,21.9622,21.9622,21.9622,0,0,0,0
11/16/2009 01:00,11,16,1,1,0,18.3,100,0,0,2.07703e+07,21.9622,21.9622,21.9622,21.9622,0,0,0,0
11/16/2009 02:00,11,16,1,2,0,18.3,100,0,0,2.07703e+07,21.9622,21.9622,21.9622,21.9622,0,0,0,0
11/16/2009 03:00,11,16,1,3,0,18.3,100,0,0,2.07703e+07,21.9622,21.9622,21.9622,21.9622,0,0,0,0
11/16/2009 04:00,11,16,1,4,0,18.3,100,0,0,2.07703e+07,21.9622,21.9622,21.9622,21.9622,0,0,0,0
11/16/2009 05:00,11,16,1,5,0,18.3,97,0,0,2.07703e+07,21.9622,21.9622,21.9622,21.9622,0,0,0,0
11/16/2009 06:00,11,16,1,6,0,17.8,100,0,0,2.23312e+07,21.9622,21.9622,21.9622,21.9622,0,0,0,0
11/16/2009 07:00,11,16,1,7,0,17.8,97,0,1.84803e+06,2.56459e+07,22.0581,22.0581,22.0581,16.8904,0,0.104641,0,8.12408e+06
11/16/2009 08:00,11,16,1,8,0,18.3,93,0,2.20861e+06,2.86419e+07,22.0803,22.0803,22.0803,16.8904,0,0.126735,0,9.89803e+06
11/16/2009 09:00,11,16,1,9,0,18.9,93,0,7.13242e+06,6.05267e+07,22.0845,22.0845,22.0845,16.8904,0,0.463154,0,3.62016e+07
11/16/2009 10:00,11,16,1,10,0,20,84,0,8.01472e+06,6.16223e+07,22.0721,22.0721,22.0721,16.8904,0,0.526073,0,4.10219e+07
11/16/2009 11:00,11,16,1,11,0,22.2,73,0,1.09542e+07,6.53239e+07,22.0446,22.0446,22.0446,16.8904,0,0.751041,0,5.82541e+07
11/16/2009 12:00,11,16,1,12,0,23.3,69,0,9.76181e+06,6.38081e+07,22.0199,22.0199,22.0199,16.8904,0,0.655577,0,5.06054e+07
11/16/2009 13:00,11,16,1,13,0,23.9,66,0,9.91454e+06,5.96058e+07,21.9837,21.9837,21.9837,16.8904,0,0.675597,0,5.17846e+07
11/16/2009 14:00,11,16,1,14,0,26.1,58,0,1.15721e+07,6.61034e+07,21.9652,21.9652,21.9652,16.8904,0,0.798595,0,6.09884e+07
11/16/2009 15:00,11,16,1,15,0,26.1,56,0,1.13107e+07,6.57581e+07,21.9586,21.9586,21.9586,16.8904,0,0.773486,0,5.8994e+07
11/16/2009 16:00,11,16,1,16,0,25,60,0,1.07185e+07,6.50065e+07,21.9606,21.9606,21.9606,16.8904,0,0.726464,0,5.54294e+07
11/16/2009 17:00,11,16,1,17,0,23.3,71,0,1.08137e+07,6.51267e+07,21.9563,21.9563,21.9563,16.8904,0,0.733605,0,5.59269e+07
11/16/2009 18:00,11,16,1,18,0,21.7,79,0,5.69e+06,4.22268e+07,21.955,21.955,21.955,16.8904,0,0.36307,0,2.76718e+07
11/16/2009 19:00,11,16,1,19,0,20,84,0,0,2.28739e+07,21.952,21.952,21.952,21.952,0,0,0,0
11/16/2009 20:00,11,16,1,20,0,18.3,90,0,0,2.28739e+07,21.952,21.952,21.952,21.952,0,0,0,0
11/16/2009 21:00,11,16,1,21,0,17.2,97,0,0,1.97521e+07,21.952,21.952,21.952,21.952,0,0,0,0
11/16/2009 22:00,11,16,1,22,0,16.1,97,0,0,1.97521e+07,21.952,21.952,21.952,21.952,0,0,0,0
11/16/2009 23:00,11,16,1,23,0,15,97,0,0,1.69425e+07,21.952,21.952,21.952,21.952,0,0,0,0
11/17/2009 00:00,11,17,2,0,0,15,97,0,0,1.53816e+07,21.952,21.952,21.952,21.952,0,0,0,0
11/17/2009 01:00,11,17,2,1,0,16.1,97,0,0,2.07703e+07,21.952,21.952,21.952,21.952,0,0,0,0
11/17/2009 02:00,11,17,2,2,0,15,97,0,0,2.07703e+07,21.952,21.952,21.952,21.952,0,0,0,0
11/17/2009 03:00,11,17,2,3,0,15.6,97,0,0,2.07703e+07,21.952,21.952,21.952,21.952,0,0,0,0
11/17/2009 04:00,11,17,2,4,0,15,97,0,0,2.07703e+07,21.952,21.952,21.952,21.952,0,0,0,0
11/17/2009 05:00,11,17,2,5,0,15.6,93,0,0,2.07703e+07,21.952,21.952,21.952,21.952,0,0,0,0
11/17/2009 06:00,11,17,2,6,0,15,97,0,0,2.23312e+07,21.952,21.952,21.952,21.952,0,0,0,0
11/17/2009 07:00,11,17,2,7,0,15,97,0,1.14236e+06,2.48181e+07,22.0062,22.0062,22.0062,16.8904,0,0.0687763,0,5.28883e+06
11/17/2009 08:00,11,17,2,8,0,15.6,97,0,2.08156e+06,2.84878e+07,22.0155,22.0155,22.0155,16.8904,0,0.118827,0,9.16465e+06
11/17/2009 09:00,11,17,2,9,0,17.2,90,0,7.58107e+06,6.10875e+07,22.0227,22.0227,22.0227,16.8904,0,0.496226,0,3.83254e+07
11/17/2009 10:00,11,17,2,10,0,17.2,87,0,7.94055e+06,6.15336e+07,22.0174,22.0174,22.0174,16.8904,0,0.52186,0,4.02641e+07
11/17/2009 11:00,11,17,2,11,0,20.6,73,0,1.02004e+07,6.43737e+07,22.0002,22.0002,22.0002,16.8904,0,0.693161,0,5.33012e+07
11/17/2009 12:00,11,17,2,12,0,21.7,68,0,1.02294e+07,6.44181e+07,21.9785,21.9785,21.9785,16.8904,0,0.697969,0,5.34437e+07
11/17/2009 13:00,11,17,2,13,0,23.3,60,0,9.65248e+06,5.92789e+07,21.9561,21.9561,21.9561,16.8904,0,0.656526,0,5.00488e+07
11/17/2009 14:00,11,17,2,14,0,24.4,58,0,1.09445e+07,6.53096e+07,21.9478,21.9478,21.9478,16.8904,0,0.749624,0,5.70514e+07
11/17/2009 15:00,11,17,2,15,0,24.4,58,0,1.01927e+07,6.43493e+07,21.9518,21.9518,21.9518,16.8904,0,0.687959,0,5.24006e+07
11/17/2009 16:00,11,17,2,16,0,24.4,54,0,1.04687e+07,6.46939e+07,21.9546,21.9546,21.9546,16.8904,0,0.708015,0,5.39575e+07
11/17/2009 17:00,11,17,2,17,0,22.2,64,0,9.59886e+06,6.36033e+07,21.9553,21.9553,21.9553,16.8904,0,0.643128,0,4.90198e+07
11/17/2009 18:00,11,17,2,18,0,18.9,81,0,5.23547e+06,4.16661e+07,21.9541,21.9541,21.9541,16.8904,0,0.331869,0,2.52891e+07
11/17/2009 19:00,11,17,2,19,0,17.2,87,0,0,2.28739e+07,21.9516,21.9516,21.9516,21.9516,0,0,0,0
11/17/2009 20:00,11,17,2,20,0,18.9,81,0,0,2.28739e+07,21.9516,21.9516,21.9516,21.9516,0,0,0,0
11/17/2009 21:00,11,17,2,21,0,17.2,87,0,0,1.97521e+07,21.9516,21.9516,21.9516,21.9516,0,0,0,0
11/17/2009 22:00,11,17,2,22,0,16.1,93,0,0,1.97521e+07,21.9516,21.9516,21.9516,21.9516,0,0,0,0
11/17/2009 23:00,11,17,2,23,0,16.7,93,0,0,1.69425e+07,21.9516,21.9516,21.9516,21.9516,0,0,0,0
11/18/2009 00:00,11,18,3,0,0,16.7,90,0,0,1.53816e+07,21.9516,21.9516,21.9516,21.9516,0,0,0,0
11/18/2009 01:00,11,18,3,1,0,16.7,93,0,0,1.42679e+07,21.9516,21.9516,21.9516,21.9516,0,0,0,0
11/18/2009 02:00,11,18,3,2,0,16.1,97,0,0,1.42679e+07,21.9516,21.9516,21.9516,21.9516,0,0,0,0
11/18/2009 03:00,11,18,3,3,0,15.6,97,0,0,1.42679e+07,21.9516,21.9516,21.9516,21.9516,0,0,0,0
11/18/2009 04:00,11,18,3,4,0,15.6,97,0,0,1.42679e+07,21.9516,21.9516,21.9516,21.9516,0,0,0,0
11/18/2009 05:00,11,18,3,5,0,15,100,0,0,1.42679e+07,21.9516,21.9516,21.9516,21.9516,0,0,0,0
11/18/2009 06:00,11,18,3,6,0,14.4,100,0,0,1.42679e+07,21.9516,21.9516,21.9516,21.9516,0,0,0,0
11/18/2009 07:00,11,18,3,7,0,13.9,97,0,0,1.53816e+07,21.9516,21.9516,21.9516,21.9516,0,0,0,0
11/18/2009 08:00,11,18,3,8,0,13.9,90,0,0,1.20098e+07,21.9516,21.9516,21.9516,21.9516,0,0,0,0
11/18/2009 09:00,11,18,3,9,0,15,84,0,0,1.20098e+07,21.9516,21.9516,21.9516,21.9516,0,0,0,0
11/18/2009 10:00,11,18,3,10,0,19.4,70,0,0,1.20098e+07,21.9516,21.9516,21.9516,21.9516,0,0,0,0
11/18/2009 11:00,11,18,3,11,0,21.7,66,0,0,1.20098e+07,21.9516,21.9516,21.9516,21.9516,0,0,0,0
11/18/2009 12:00,11,18,3,12,0,23.3,62,0,0,1.20098e+07,21.9516,21.9516,21.9516,21.9516,0,0,0,0
11/18/2009 13:00,11,18,3,13,0,24.4,56,0,0,1.20098e+07,21.9516,21.9516,21.9516,21.9516,0,0,0,0
11/18/2009 14:00,11,18,3,14,0,23.9,58,0,0,1.20098e+07,21.9516,21.9516,21.9516,21.9516,0,0,0,0
11/18/2009 15:00,11,18,3,15,0,23.3,66,0,0,1.20098e+07,21.9516,21.9516,21.9516,21.9516,0,0,0,0
11/18/2009 16:00,11,18,3,16,0,22.8,71,0,0,1.20098e+07,21.9516,21.9516,21.9516,21.9516,0,0,0,0
11/18/2009 17:00,11,18,3,17,0,21.7,76,0,0,1.20098e+07,21.9516,21.9516,21.9516,21.9516,0,0,0,0
11/18/2009 18:00,11,18,3,18,0,20.6,81,0,0,1.53816e+07,21.9516,21.9516,21.9516,21.9516,0,0,0,0
11/18/2009 19:00,11,18,3,19,0,19.4,87,0,0,1.53816e+07,21.9516,21.9516,21.9516,21.9516,0,0,0,0
11/18/2009 20:00,11,18,3,20,0,18.9,90,0,0,1.53816e+07,21.9516,21.9516,21.9516,21.9516,0,0,0,0
11/18/2009 21:00,11,18,3,21,0,18.9,90,0,0,1.53816e+07,21.9516,21.9516,21.9516,21.9516,0,0,0,0
11/18/2009 22:00,11,18,3,22,0,17.8,90,0,0,1.53816e+07,21.9516,21.9516,21.9516,21.9516,0,0,0,0
11/18/2009 23:00,11,18,3,23,0,17.2,93,0,0,1.53816e+07,21.9516,21.9516,21.9516,21.9516,0,0,0,0
11/19/2009 00:00,11,19,4,0,0,17.2,97,0,0,1.53816e+07,21.9516,21.9516,21.9516,21.9516,0,0,0,0
11/19/2009 01:00,11,19,4,1,0,17.2,97,0,0,1.42679e+07,21.9516,21.9516,21.9516,21.9516,0,0,0,0
11/19/2009 02:00,11,19,4,2,0,16.7,97,0,0,1.42679e+07,21.9516,21.9516,21.9516,21.9516,0,0,0,0
11/19/2009 03:00,11,19,4,3,0,17.2,97,0,0,1.42679e+07,21.9516,21.9516,21.9516,21.9516,0,0,0,0
11/19/2009 04:00,11,19,4,4,0,18.3,97,0,0,1.42679e+07,21.9516,21.9516,21.9516,21.9516,0,0,0,0
11/19/2009 05:00,11,19,4,5,0,17.8,97,0,0,1.42679e+07,21.9516,21.9516,21.9516,21.9516,0,0,0,0
11/19/2009 06:00,11,19,4,6,0,17.2,97,0,0,1.42679e+07,21.9516,21.9516,21.9516,21.9516,0,0,0,0
11/19/2009 07:00,11,19,4,7,0,17.2,97,0,0,1.53816e+07,21.9516,21.9516,21.9516,21.9516,0,0,0,0
11/19/2009 08:00,11,19,4,8,0,18.9,97,0,0,1.20098e+07,21.9516,21.9516,21.9516,21.9516,0,0,0,0
11/19/2009 09:00,11,19,4,9,0,21.1,87,0,0,1.20098e+07,21.9516,21.9516,21.9516,21.9516,0,0,0,0
11/19/2009 10:00,11,19,4,10,0,22.8,82,0,0,1.20098e+07,21.9516,21.9516,21.9516,21.9516,0,0,0,0
11/19/2009 11:00,11,19,4,11,0,23.3,79,0,0,1.20098e+07,21.9516,21.9516,21.9516,21.9516,0,0,0,0
11/19/2009 12:00,11,19,4,12,0,25,71,0,0,1.20098e+07,21.9516,21.9516,21.9516,21.9516,0,0,0,0
11/19/2009 13:00,11,19,4,13,0,25.6,69,0,0,1.20098e+07,21.9516,21.9516,21.9516,21.9516,0,0,0,0
11/19/2009 14:00,11,19,4,14,0,25.6,69,0,0,1.20098e+07,21.9516,21.9516,21.9516,21.9516,0,0,0,0
11/19/2009 15:00,11,19,4,15,0,25,71,0,0,1.20098e+07,21.9516,21.9516,21.9516,21.9516,0,0,0,0
11/19/2009 16:00,11,19,4,16,0,25.6,69,0,0,1.20098e+07,21.9516,21.9516,21.9516,21.9516,0,0,0,0
11/19/2009 17:00,11,19,4,17,0,25,71,0,0,1.20098e+07,21.9516,21.9516,21.9516,21.9516,0,0,0,0
11/19/2009 18:00,11,19,4,18,0,23.3,76,0,0,1.53816e+07,21.9516,21.9516,21.9516,21.9516,0,0,0,0
11/19/2009 19:00,11,19,4,19,0,22.2,87,0,0,1.53816e+07,21.9516,21.9516,21.9516,21.9516,0,0,0,0
11/19/2009 20:00,11,19,4,20,0,21.7,87,0,0,1.53816e+07,21.9516,21.9516,21.9516,21.9516,0,0,0,0
11/19/2009 21:00,11,19,4,21,0,21.7,87,0,0,1.53816e+07,21.9516,21.9516,21.9516,21.9516,0,0,0,0
11/19/2009 22:00,11,19,4,22,0,21.7,84,0,0,1.53816e+07,21.9516,21.9516,21.9516,21.9516,0,0,0,0
11/19/2009 23:00,11,19,4,23,0,21.7,87,0,0,1.53816e+07,21.9516,21.9516,21.9516,21.9516,0,0,0,0
11/20/2009 00:00,11,20,5,0,0,21.7,84,0,0,1.53816e+07,21.9516,21.9516,21.9516,21.9516,0,0,0,0
11/20/2009 01:00,11,20,5,1,0,21.1,87,0,0,2.07703e+07,21.9516,21.9516,21.9516,21.9516,0,0,0,0
11/20/2009 02:00,11,20,5,2,0,21.1,84,0,0,2.07703e+07,21.9516,21.9516,21.9516,21.9516,0,0,0,0
11/20/2009 03:00,11,20,5,3,0,20,90,0,0,2.07703e+07,21.9516,21.9516,21.9516,21.9516,0,0,0,0
11/20/2009 04:00,11,20,5,4,0,20.6,87,0,0,2.07703e+07,21.9516,21.9516,21.9516,21.9516,0,0,0,0
11/20/2009 05:00,11,20,5,5,0,20,87,0,0,2.07703e+07,21.9516,21.9516,21.9516,21.9516,0,0,0,0
11/20/2009 06:00,11,20,5,6,0,20.6,87,0,0,2.23312e+07,21.9516,21.9516,21.9516,21.9516,0,0,0,0
11/20/2009 07:00,11,20,5,7,0,20.6,87,0,1.18142e+06,2.48403e+07,22.0975,22.0975,22.0975,16.8904,0,0.0633673,0,4.95118e+06
11/20/2009 08:00,11,20,5,8,0,21.1,84,0,2.10609e+06,2.85156e+07,22.1917,22.1917,22.1917,16.8904,0,0.119578,0,9.53945e+06
11/20/2009 09:00,11,20,5,9,0,22.8,79,0,8.74157e+06,6.25237e+07,22.2078,22.2078,22.2078,16.8904,0,0.577081,0,4.6177e+07
11/20/2009 10:00,11,20,5,10,0,23.9,74,0,1.06708e+07,6.49479e+07,22.1461,22.1461,22.1461,16.8904,0,0.723136,0,5.71951e+07
11/20/2009 11:00,11,20,5,11,0,25.6,62,0,9.42285e+06,6.33775e+07,22.0871,22.0871,22.0871,16.8904,0,0.628212,0,4.91323e+07
11/20/2009 12:00,11,20,5,12,0,25.6,62,0,8.92694e+06,6.27582e+07,22.0442,22.0442,22.0442,16.8904,0,0.591874,0,4.59051e+07
11/20/2009 13:00,11,20,5,13,0,26.1,58,0,9.04189e+06,5.84896e+07,22.0134,22.0134,22.0134,16.8904,0,0.603296,0,4.65116e+07
11/20/2009 14:00,11,20,5,14,0,25.6,62,0,9.85347e+06,6.39217e+07,21.9841,21.9841,21.9841,16.8904,0,0.661801,0,5.07299e+07
11/20/2009 15:00,11,20,5,15,0,25,64,0,9.1762e+06,6.30723e+07,21.9751,21.9751,21.9751,16.8904,0,0.611103,0,4.67605e+07
11/20/2009 16:00,11,20,5,16,0,23.9,69,0,8.91453e+06,6.27462e+07,21.9738,21.9738,21.9738,16.8904,0,0.592184,0,4.53016e+07
11/20/2009 17:00,11,20,5,17,0,22.8,71,0,8.89513e+06,6.27221e+07,21.9764,21.9764,21.9764,16.8904,0,0.590801,0,4.52181e+07
11/20/2009 18:00,11,20,5,18,0,21.7,76,0,5.13646e+06,4.1542e+07,21.9763,21.9763,21.9763,16.8904,0,0.32429,0,2.48198e+07
11/20/2009 19:00,11,20,5,19,0,21.1,81,0,0,2.28739e+07,21.9737,21.9737,21.9737,21.9737,0,0,0,0
11/20/2009 20:00,11,20,5,20,0,20.6,87,0,0,2.28739e+07,21.9737,21.9737,21.9737,21.9737,0,0,0,0
11/20/2009 21:00,11,20,5,21,0,20,87,0,0,1.97521e+07,21.9737,21.9737,21.9737,21.9737,0,0,0,0
11/20/2009 22:00,11,20,5,22,0,19.4,93,0,0,1.97521e+07,21.9737,21.9737,21.9737,21.9737,0,0,0,0
11/20/2009 23:00,11,20,5,23,0,18.9,93,0,0,1.69425e+07,21.9737,21.9737,21.9737,21.9737,0,0,0,0
11/21/2009 00:00,11,21,6,0,0,18.3,97,0,0,1.53816e+07,21.9737,21.9737,21.9737,21.9737,0,0,0,0
11/21/2009 01:00,11,21,6,1,0,18.3,97,0,0,2.07703e+07,21.9737,21.9737,21.9737,21.9737,0,0,0,0
11/21/2009 02:00,11,21,6,2,0,18.3,97,0,0,2.07703e+07,21.9737,21.9737,21.9737,21.9737,0,0,0,0
11/21/2009 03:00,11,21,6,3,0,18.3,97,0,0,2.07703e+07,21.9737,21.9737,21.9737,21.9737,0,0,0,0
11/21/2009 04:00,11,21,6,4,0,18.3,97,0,0,2.07703e+07,21.9737,21.9737,21.9737,21.9737,0,0,0,0
11/21/2009 05:00,11,21,6,5,0,18.9,97,0,0,2.07703e+07,21.9737,21.9737,21.9737,21.9737,0,0,0,0
11/21/2009 06:00,11,21,6,6,0,18.3,97,0,0,2.23312e+07,21.9737,21.9737,21.9737,21.9737,0,0,0,0
11/21/2009 07:00,11,21,6,7,0,18.9,97,0,2.29033e+06,2.61859e+07,22.0893,22.0893,22.0893,16.8904,0,0.133492,0,1.04268e+07
11/21/2009 08:00,11,21,6,8,0,19.4,97,0,3.47198e+06,3.01908e+07,22.1206,22.1206,22.1206,16.8904,0,0.210786,0,1.65902e+07
11/21/2009 09:00,11,21,6,9,0,21.1,90,0,9.5777e+06,6.3574e+07,22.1018,22.1018,22.1018,16.8904,0,0.64046,0,5.02272e+07
11/21/2009 10:00,11,21,6,10,0,23.9,79,0,1.06563e+07,6.49281e+07,22.0594,22.0594,22.0594,16.8904,0,0.721822,0,5.61476e+07
11/21/2009 11:00,11,21,6,11,0,26.1,58,0,1.1335e+07,6.57881e+07,22.0269,22.0269,22.0269,16.8904,0,0.775476,0,5.99438e+07
11/21/2009 12:00,11,21,6,12,0,27.2,54,0,1.10843e+07,6.54757e+07,21.9929,21.9929,21.9929,16.8904,0,0.75747,0,5.81643e+07
11/21/2009 13:00,11,21,6,13,0,26.7,56,0,9.48912e+06,5.90458e+07,21.9776,21.9776,21.9776,16.8904,0,0.635546,0,4.86551e+07
11/21/2009 14:00,11,21,6,14,0,26.1,65,0,1.01767e+07,6.43248e+07,21.9598,21.9598,21.9598,16.8904,0,0.685469,0,5.22928e+07
11/21/2009 15:00,11,21,6,15,0,25.6,67,0,1.03635e+07,6.45575e+07,21.9625,21.9625,21.9625,16.8904,0,0.698958,0,5.33505e+07
11/21/2009 16:00,11,21,6,16,0,24.4,71,0,9.90053e+06,6.39781e+07,21.9619,21.9619,21.9619,16.8904,0,0.664721,0,5.07316e+07
11/21/2009 17:00,11,21,6,17,0,23.9,76,0,9.79979e+06,6.38522e+07,21.963,21.963,21.963,16.8904,0,0.657331,0,5.01784e+07
11/21/2009 18:00,11,21,6,18,0,23.3,79,0,6.04602e+06,4.26656e+07,21.9647,21.9647,21.9647,16.8904,0,0.387483,0,2.95887e+07
11/21/2009 19:00,11,21,6,19,0,22.8,84,0,0,2.28739e+07,21.9648,21.9648,21.9648,21.9648,0,0,0,0
11/21/2009 20:00,11,21,6,20,0,22.2,84,0,0,2.28739e+07,21.9648,21.9648,21.9648,21.9648,0,0,0,0
11/21/2009 21:00,11,21,6,21,0,21.7,87,0,0,1.97521e+07,21.9648,21.9648,21.9648,21.9648,0,0,0,0
11/21/2009 22:00,11,21,6,22,0,21.1,93,0,0,1.97521e+07,21.9648,21.9648,21.9648,21.9648,0,0,0,0
11/21/2009 23:00,11,21,6,23,0,20.6,93,0,0,1.69425e+07,21.9648,21.9648,21.9648,21.9648,0,0,0,0
11/22/2009 00:00,11,22,0,0,0,20.6,93,0,0,1.53816e+07,21.9648,21.9648,21.9648,21.9648,0,0,0,0
11/22/2009 01:00,11,22,0,1,0,21.1,93,0,0,2.07703e+07,21.9648,21.9648,21.9648,21.9648,0,0,0,0
11/22/2009 02:00,11,22,0,2,0,20.6,97,0,0,2.07703e+07,21.9648,21.9648,21.9648,21.9648,0,0,0,0
11/22/2009 03:00,11,22,0,3,0,20.6,97,0,0,2.07703e+07,21.9648,21.9648,21.9648,21.9648,0,0,0,0
11/22/2009 04:00,11,22,0,4,0,20,97,0,0,2.07703e+07,21.9648,21.9648,21.9648,21.9648,0,0,0,0
11/22/2009 05:00,11,22,0,5,0,20,97,0,0,2.07703e+07,21.9648,21.9648,21.9648,21.9648,0,0,0,0
11/22/2009 06:00,11,22,0,6,0,20,97,0,0,2.23312e+07,21.9648,21.9648,21.9648,21.9648,0,0,0,0
11/22/2009 07:00,11,22,0,7,0,21.1,93,0,3.92971e+06,2.81993e+07,22.1383,22.1383,22.1383,16.8904,0,0.243753,0,1.92218e+07
11/22/2009 08:00,11,22,0,8,0,21.7,93,0,4.03107e+06,3.08751e+07,22.1259,22.1259,22.1259,16.8904,0,0.24779,0,1.95226e+07
11/22/2009 09:00,11,22,0,9,0,22.8,90,0,9.5865e+06,6.35791e+07,22.0976,22.0976,22.0976,16.8904,0,0.639461,0,5.01082e+07
11/22/2009 10:00,11,22,0,10,0,25,76,0,9.90727e+06,6.39814e+07,22.0568,22.0568,22.0568,16.8904,0,0.663578,0,5.15918e+07
11/22/2009 11:00,11,22,0,11,0,25.6,69,0,1.0449e+07,6.46618e+07,22.0299,22.0299,22.0299,16.8904,0,0.704506,0,5.44893e+07
11/22/2009 12:00,11,22,0,12,0,26.1,69,0,1.07878e+07,6.50894e+07,22.0009,22.0009,22.0009,16.8904,0,0.730772,0,5.62013e+07
11/22/2009 13:00,11,22,0,13,0,26.1,69,0,9.07067e+06,5.85177e+07,21.9839,21.9839,21.9839,16.8904,0,0.603167,0,4.62333e+07
11/22/2009 14:00,11,22,0,14,0,26.7,69,0,1.02794e+07,6.44512e+07,21.9666,21.9666,21.9666,16.8904,0,0.692477,0,5.28982e+07
11/22/2009 15:00,11,22,0,15,0,21.7,90,0,9.43781e+06,6.34003e+07,21.9595,21.9595,21.9595,16.8904,0,0.630887,0,4.81262e+07
11/22/2009 16:00,11,22,0,16,0,22.8,90,0,9.91151e+06,6.39916e+07,21.9627,21.9627,21.9627,16.8904,0,0.665509,0,5.07997e+07
11/22/2009 17:00,11,22,0,17,0,19.4,90,0,9.18024e+06,6.30796e+07,21.9646,21.9646,21.9646,16.8904,0,0.612385,0,4.67617e+07
11/22/2009 18:00,11,22,0,18,0,18.3,93,0,5.62267e+06,4.21427e+07,21.9672,21.9672,21.9672,16.8904,0,0.358207,0,2.73667e+07
11/22/2009 19:00,11,22,0,19,0,17.8,97,0,0,2.28739e+07,21.9642,21.9642,21.9642,21.9642,0,0,0,0
11/22/2009 20:00,11,22,0,20,0,17.8,97,0,0,2.28739e+07,21.9642,21.9642,21.9642,21.9642,0,0,0,0
11/22/2009 21:00,11,22,0,21,0,18.3,93,0,0,1.97521e+07,21.9642,21.9642,21.9642,21.9642,0,0,0,0
11/22/2009 22:00,11,22,0,22,0,18.3,93,0,0,1.97521e+07,21.9642,21.9642,21.9642,21.9642,0,0,0,0
11/22/2009 23:00,11,22,0,23,0,18.3,93,0,0,1.69425e+07,21.9642,21.9642,21.9642,21.9642,0,0,0,0
11/23/2009 00:00,11,23,1,0,0,18.3,93,0,0,1.53816e+07,21.9642,21.9642,21.9642,21.9642,0,0,0,0
11/23/2009 01:00,11,23,1,1,0,18.3,97,0,0,2.07703e+07,21.9642,21.9642,21.9642,21.9642,0,0,0,0
11/23/2009 02:00,11,23,1,2,0,17.8,97,0,0,2.07703e+07,21.9642,21.9642,21.9642,21.9642,0,0,0,0
11/23/2009 03:00,11,23,1,3,0,17.8,97,0,0,2.07703e+07,21.9642,21.9642,21.9642,21.9642,0,0,0,0
11/23/2009 04:00,11,23,1,4,0,17.8,97,0,0,2.07703e+07,21.9642,21.9642,21.9642,21.9642,0,0,0,0
11/23/2009 05:00,11,23,1,5,0,17.8,93,0,0,2.07703e+07,21.9642,21.9642,21.9642,21.9642,0,0,0,0
11/23/2009 06:00,11,23,1,6,0,17.8,93,0,0,2.23312e+07,21.9642,21.9642,21.9642,21.9642,0,0,0,0
11/23/2009 07:00,11,23,1,7,0,17.2,93,0,2.71783e+06,2.67126e+07,22.0638,22.0638,22.0638,16.8904,0,0.162855,0,1.26621e+07
11/23/2009 08:00,11,23,1,8,0,17.2,97,0,2.60324e+06,2.91249e+07,22.0578,22.0578,22.0578,16.8904,0,0.152882,0,1.18885e+07
11/23/2009 09:00,11,23,1,9,0,18.3,90,0,8.05755e+06,6.16762e+07,22.0579,22.0579,22.0579,16.8904,0,0.529392,0,4.11671e+07
11/23/2009 10:00,11,23,1,10,0,18.3,87,0,9.51924e+06,6.35008e+07,22.0401,22.0401,22.0401,16.8904,0,0.636408,0,4.93189e+07
11/23/2009 11:00,11,23,1,11,0,19.4,76,0,9.92929e+06,6.40181e+07,22.0153,22.0153,22.0153,16.8904,0,0.66817,0,5.15324e+07
11/23/2009 12:00,11,23,1,12,0,20,57,0,9.71489e+06,6.37495e+07,21.9922,21.9922,21.9922,16.8904,0,0.652275,0,5.00791e+07
11/23/2009 13:00,11,23,1,13,0,21.1,46,0,8.13885e+06,5.73587e+07,21.9784,21.9784,21.9784,16.8904,0,0.536327,0,4.10656e+07
11/23/2009 14:00,11,23,1,14,0,21.7,40,0,1.04829e+07,6.47164e+07,21.9597,21.9597,21.9597,16.8904,0,0.710844,0,5.42275e+07
11/23/2009 15:00,11,23,1,15,0,22.2,30,0,9.92771e+06,6.40145e+07,21.9515,21.9515,21.9515,16.8904,0,0.667426,0,5.0833e+07
11/23/2009 16:00,11,23,1,16,0,21.7,35,0,1.05317e+07,6.47724e+07,21.9476,21.9476,21.9476,16.8904,0,0.712596,0,5.42317e+07
11/23/2009 17:00,11,23,1,17,0,16.7,65,0,9.60485e+06,6.36108e+07,21.9465,21.9465,21.9465,16.8904,0,0.64347,0,4.89607e+07
11/23/2009 18:00,11,23,1,18,0,15,70,0,4.91377e+06,4.12695e+07,21.9494,21.9494,21.9494,16.8904,0,0.309817,0,2.35867e+07
11/23/2009 19:00,11,23,1,19,0,12.2,86,0,0,2.28739e+07,21.9477,21.9477,21.9477,21.9477,0,0,0,0
11/23/2009 20:00,11,23,1,20,0,11.7,83,0,0,2.28739e+07,21.9477,21.9477,21.9477,21.9477,0,0,0,0
11/23/2009 21:00,11,23,1,21,0,10.6,90,0,0,1.97521e+07,21.9477,21.9477,21.9477,21.9477,0,0,0,0
11/23/2009 22:00,11,23,1,22,0,10,90,0,0,1.97521e+07,21.9477,21.9477,21.9477,21.9477,0,0,0,0
11/23/2009 23:00,11,23,1,23,0,8.9,93,0,0,1.69425e+07,21.9477,21.9477,21.9477,21.9477,0,0,0,0
11/24/2009 00:00,11,24,2,0,0,8.3,93,0,0,1.53816e+07,21.9477,21.9477,21.9477,21.9477,0,0,0,0
11/24/2009 01:00,11,24,2,1,0,8.3,93,0,0,2.07703e+07,21.9477,21.9477,21.9477,21.9477,0,0,0,0
11/24/2009 02:00,11,24,2,2,0,7.8,93,0,0,2.07703e+07,21.9477,21.9477,21.9477,21.9477,0,0,0,0
11/24/2009 03:00,11,24,2,3,0,6.7,93,0,0,2.07703e+07,21.9477,21.9477,21.9477,21.9477,0,0,0,0
11/24/2009 04:00,11,24,2,4,0,6.7,93,0,0,2.07703e+07,21.9477,21.9477,21.9477,21.9477,0,0,0,0
11/24/2009 05:00,11,24,2,5,0,6.7,93,0,0,2.07703e+07,21.9477,21.9477,21.9477,21.9477,0,0,0,0
11/24/2009 06:00,11,24,2,6,0,5.6,93,0,0,2.23312e+07,21.9477,21.9477,21.9477,21.9477,0,0,0,0
11/24/2009 07:00,11,24,2,7,0,5,93,0,679669,2.42627e+07,21.984,21.984,21.984,16.8904,0,0.0412089,0,3.15594e+06
11/24/2009 08:00,11,24,2,8,0,7.8,93,0,1.54045e+06,2.78567e+07,21.9717,21.9717,21.9717,16.8904,0,0.0921899,0,7.04641e+06
11/24/2009 09:00,11,24,2,9,0,13.9,72,0,6.3801e+06,5.96068e+07,21.955,21.955,21.955,16.8904,0,0.413689,0,3.15313e+07
11/24/2009 10:00,11,24,2,10,0,17.2,50,0,8.0352e+06,6.1666e+07,21.9663,21.9663,21.9663,16.8904,0,0.532996,0,4.07131e+07
11/24/2009 11:00,11,24,2,11,0,20,44,0,8.77168e+06,6.25912e+07,21.9672,21.9672,21.9672,16.8904,0,0.588927,0,4.49932e+07
11/24/2009 12:00,11,24,2,12,0,21.7,37,0,9.08096e+06,6.29853e+07,21.9632,21.9632,21.9632,16.8904,0,0.614162,0,4.68843e+07
11/24/2009 13:00,11,24,2,13,0,22.8,30,0,8.35952e+06,5.76667e+07,21.9488,21.9488,21.9488,16.8904,0,0.562442,0,4.28145e+07
11/24/2009 14:00,11,24,2,14,0,23.9,30,0,1.00174e+07,6.41532e+07,21.9443,21.9443,21.9443,16.8904,0,0.682046,0,5.18726e+07
11/24/2009 15:00,11,24,2,15,0,24.4,30,0,1.06103e+07,6.48883e+07,21.9458,21.9458,21.9458,16.8904,0,0.723479,0,5.50403e+07
11/24/2009 16:00,11,24,2,16,0,24.4,29,0,1.05258e+07,6.47751e+07,21.948,21.948,21.948,16.8904,0,0.7148,0,5.44041e+07
11/24/2009 17:00,11,24,2,17,0,23.3,36,0,9.53276e+06,6.35238e+07,21.9487,21.9487,21.9487,16.8904,0,0.638816,0,4.86272e+07
11/24/2009 18:00,11,24,2,18,0,20,68,0,4.49816e+06,4.07579e+07,21.9506,21.9506,21.9506,16.8904,0,0.281429,0,2.14309e+07
11/24/2009 19:00,11,24,2,19,0,19.4,68,0,0,2.28739e+07,21.9498,21.9498,21.9498,21.9498,0,0,0,0
11/24/2009 20:00,11,24,2,20,0,19.4,73,0,0,2.28739e+07,21.9498,21.9498,21.9498,21.9498,0,0,0,0
11/24/2009 21:00,11,24,2,21,0,18.9,78,0,0,1.97521e+07,21.9498,21.9498,21.9498,21.9498,0,0,0,0
11/24/2009 22:00,11,24,2,22,0,18.3,84,0,0,1.97521e+07,21.9498,21.9498,21.9498,21.9498,0,0,0,0
11/24/2009 23:00,11,24,2,23,0,18.3,84,0,0,1.69425e+07,21.9498,21.9498,21.9498,21.9498,0,0,0,0
11/25/2009 00:00,11,25,3,0,0,18.3,87,0,0,1.53816e+07,21.9498,21.9498,21.9498,21.9498,0,0,0,0
11/25/2009 01:00,11,25,3,1,0,18.3,90,0,0,1.42679e+07,21.9498,21.9498,21.9498,21.9498,0,0,0,0
11/25/2009 02:00,11,25,3,2,0,17.8,93,0,0,1.42679e+07,21.9498,21.9498,21.9498,21.9498,0,0,0,0
11/25/2009 03:00,11,25,3,3,0,18.9,90,0,0,1.42679e+07,21.9498,21.9498,21.9498,21.9498,0,0,0,0
11/25/2009 04:00,11,25,3,4,0,19.4,93,0,0,1.42679e+07,21.9498,21.9498,21.9498,21.9498,0,0,0,0
11/25/2009 05:00,11,25,3,5,0,20.6,90,0,0,1.42679e+07,21.9498,21.9498,21.9498,21.9498,0,0,0,0
11/25/2009 06:00,11,25,3,6,0,20,93,0,0,1.42679e+07,21.9498,21.9498,21.9498,21.9498,0,0,0,0
11/25/2009 07:00,11,25,3,7,0,21.1,90,0,0,1.53816e+07,21.9498,21.9498,21.9498,21.9498,0,0,0,0
11/25/2009 08:00,11,25,3,8,0,21.7,90,0,0,1.20098e+07,21.9498,21.9498,21.9498,21.9498,0,0,0,0
11/25/2009 09:00,11,25,3,9,0,22.2,90,0,0,1.20098e+07,21.9498,21.9498,21.9498,21.9498,0,0,0,0
11/25/2009 10:00,11,25,3,10,0,23.3,87,0,0,1.20098e+07,21.9498,21.9498,21.9498,21.9498,0,0,0,0
11/25/2009 11:00,11,25,3,11,0,24.4,79,0,0,1.20098e+07,21.9498,21.9498,21.9498,21.9498,0,0,0,0
11/25/2009 12:00,11,25,3,12,0,25.6,74,0,0,1.20098e+07,21.9498,21.9498,21.9498,21.9498,0,0,0,0
11/25/2009 13:00,11,25,3,13,0,26.7,69,0,0,1.20098e+07,21.9498,21.9498,21.9498,21.9498,0,0,0,0
11/25/2009 14:00,11,25,3,14,0,26.7,69,0,0,1.20098e+07,21.9498,21.9498,21.9498,21.9498,0,0,0,0
11/25/2009 15:00,11,25,3,15,0,27.2,65,0,0,1.20098e+07,21.9498,21.9498,21.9498,21.9498,0,0,0,0
11/25/2009 16:00,11,25,3,16,0,26.7,67,0,0,1.20098e+07,21.9498,21.9498,21.9498,21.9498,0,0,0,0
11/25/2009 17:00,11,25,3,17,0,26.1,67,0,0,1.20098e+07,21.9498,21.9498,21.9498,21.9498,0,0,0,0
11/25/2009 18:00,11,25,3,18,0,25,71,0,0,1.53816e+07,21.9498,21.9498,21.9498,21.9498,0,0,0,0
11/25/2009 19:00,11,25,3,19,0,24.4,79,0,0,1.53816e+07,21.9498,21.9498,21.9498,21.9498,0,0,0,0
11/25/2009 20:00,11,25,3,20,0,23.9,82,0,0,1.53816e+07,21.9498,21.9498,21.9498,21.9498,0,0,0,0
11/25/2009 21:00,11,25,3,21,0,23.3,87,0,0,1.53816e+07,21.9498,21.9498,21.9498,21.9498,0,0,0,0
11/25/2009 22:00,11,25,3,22,0,23.9,85,0,0,1.53816e+07,21.9498,21.9498,21.9498,21.9498,0,0,0,0
11/25/2009 23:00,11,25,3,23,0,23.9,85,0,0,1.53816e+07,21.9498,21.9498,21.9498,21.9498,0,0,0,0
11/26/2009 00:00,11,26,4,0,0,23.9,85,0,0,1.53816e+07,21.9498,21.9498,21.9498,21.9498,0,0,0,0
11/26/2009 01:00,11,26,4,1,0,23.9,85,0,0,1.42679e+07,21.9498,21.9498,21.9498,21.9498,0,0,0,0
11/26/2009 02:00,11,26,4,2,0,23.3,87,0,0,1.42679e+07,21.9498,21.9498,21.9498,21.9498,0,0,0,0
11/26/2009 03:00,11,26,4,3,0,23.3,87,0,0,1.42679e+07,21.9498,21.9498,21.9498,21.9498,0,0,0,0
11/26/2009 04:00,11,26,4,4,0,23.3,87,0,0,1.42679e+07,21.9498,21.9498,21.9498,21.9498,0,0,0,0
11/26/2009 05:00,11,26,4,5,0,23.3,87,0,0,1.42679e+07,21.9498,21.9498,21.9498,21.9498,0,0,0,0
11/26/2009 06:00,11,26,4,6,0,23.3,87,0,0,1.42679e+07,21.9498,21.9498,21.9498,21.9498,0,0,0,0
11/26/2009 07:00,11,26,4,7,0,23.3,87,0,0,1.53816e+07,21.9498,21.9498,21.9498,21.9498,0,0,0,0
11/26/2009 08:00,11,26,4,8,0,23.3,87,0,0,1.20098e+07,21.9498,21.9498,21.9498,21.9498,0,0,0,0
11/26/2009 09:00,11,26,4,9,0,24.4,82,0,0,1.20098e+07,21.9498,21.9498,21.9498,21.9498,0,0,0,0
11/26/2009 10:00,11,26,4,10,0,25.6,77,0,0,1.20098e+07,21.9498,21.9498,21.9498,21.9498,0,0,0,0
11/26/2009 11:00,11,26,4,11,0,26.1,69,0,0,1.20098e+07,21.9498,21.9498,21.9498,21.9498,0,0,0,0
11/26/2009 12:00,11,26,4,12,0,27.2,79,0,0,1.20098e+07,21.9498,21.9498,21.9498,21.9498,0,0,0,0
11/26/2009 13:00,11,26,4,13,0,27.2,60,0,0,1.20098e+07,21.9498,21.9498,21.9498,21.9498,0,0,0,0
11/26/2009 14:00,11,26,4,14,0,27.2,63,0,0,1.20098e+07,21.9498,21.9498,21.9498,21.9498,0,0,0,0
11/26/2009 15:00,11,26,4,15,0,26.7,67,0,0,1.20098e+07,21.9498,21.9498,21.9498,21.9498,0,0,0,0
11/26/2009 16:00,11,26,4,16,0,26.1,69,0,0,1.20098e+07,21.9498,21.9498,21.9498,21.9498,0,0,0,0
11/26/2009 17:00,11,26,4,17,0,25.6,72,0,0,1.20098e+07,21.9498,21.9498,21.9498,21.9498,0,0,0,0
11/26/2009 18:00,11,26,4,18,0,25,74,0,0,1.53816e+07,21.9498,21.9498,21.9498,21.9498,0,0,0,0
11/26/2009 19:00,11,26,4,19,0,24.4,79,0,0,1.53816e+07,21.9498,21.9498,21.9498,21.9498,0,0,0,0
11/26/2009 20:00,11,26,4,20,0,24.4,82,0,0,1.53816e+07,21.9498,21.9498,21.9498,21.9498,0,0,0,0
11/26/2009 21:00,11,26,4,21,0,24.4,82,0,0,1.53816e+07,21.9498,21.9498,21.9498,21.9498,0,0,0,0
11/26/2009 22:00,11,26,4,22,0,24.4,82,0,0,1.53816e+07,21.9498,21.9498,21.9498,21.9498,0,0,0,0
11/26/2009 23:00,11,26,4,23,0,24.4,82,0,0,1.53816e+07,21.9498,21.9498,21.9498,21.9498,0,0,0,0
11/27/2009 00:00,11,27,5,0,0,23.9,85,0,0,1.53816e+07,21.9498,21.9498,21.9498,21.9498,0,0,0,0
11/27/2009 01:00,11,27,5,1,0,23.9,82,0,0,2.07703e+07,21.9498,21.9498,21.9498,21.9498,0,0,0,0
11/27/2009 02:00,11,27,5,2,0,23.3,85,0,0,2.07703e+07,21.9498,21.9498,21.9498,21.9498,0,0,0,0
11/27/2009 03:00,11,27,5,3,0,23.3,85,0,0,2.07703e+07,21.9498,21.9498,21.9498,21.9498,0,0,0,0
11/27/2009 04:00,11,27,5,4,0,23.9,82,0,0,2.07703e+07,21.9498,21.9498,21.9498,21.9498,0,0,0,0
11/27/2009 05:00,11,27,5,5,0,23.9,82,0,0,2.07703e+07,21.9498,21.9498,21.9498,21.9498,0,0,0,0
11/27/2009 06:00,11,27,5,6,0,23.9,82,0,0,2.23312e+07,21.9498,21.9498,21.9498,21.9498,0,0,0,0
11/27/2009 07:00,11,27,5,7,0,23.9,82,0,4.80659e+06,2.92756e+07,22.3135,22.3135,22.3135,16.8904,0,0.302142,0,2.46009e+07
11/27/2009 08:00,11,27,5,8,0,24.4,82,0,4.08117e+06,3.09349e+07,22.2531,22.2531,22.2531,16.8904,0,0.250488,0,2.02143e+07
11/27/2009 09:00,11,27,5,9,0,24.4,82,0,9.46014e+06,6.34163e+07,22.1959,22.1959,22.1959,16.8904,0,0.628537,0,5.01817e+07
11/27/2009 10:00,11,27,5,10,0,25,79,0,1.04584e+07,6.46677e+07,22.1333,22.1333,22.1333,16.8904,0,0.70322,0,5.54824e+07
11/27/2009 11:00,11,27,5,11,0,25,82,0,1.00305e+07,6.41346e+07,22.0811,22.0811,22.0811,16.8904,0,0.672326,0,5.25166e+07
11/27/2009 12:00,11,27,5,12,0,25.6,79,0,1.02249e+07,6.43792e+07,22.0455,22.0455,22.0455,16.8904,0,0.687144,0,5.33064e+07
11/27/2009 13:00,11,27,5,13,0,26.7,74,0,9.65983e+06,5.92535e+07,22.0199,22.0199,22.0199,16.8904,0,0.646261,0,4.98865e+07
11/27/2009 14:00,11,27,5,14,0,25,85,0,9.89094e+06,6.39639e+07,21.9935,21.9935,21.9935,16.8904,0,0.663231,0,5.09324e+07
11/27/2009 15:00,11,27,5,15,0,25.6,82,0,1.02509e+07,6.4414e+07,21.9914,21.9914,21.9914,16.8904,0,0.689824,0,5.29536e+07
11/27/2009 16:00,11,27,5,16,0,25.6,79,0,1.02593e+07,6.44249e+07,21.9856,21.9856,21.9856,16.8904,0,0.69058,0,5.29504e+07
11/27/2009 17:00,11,27,5,17,0,25.6,82,0,1.01446e+07,6.42815e+07,21.9827,21.9827,21.9827,16.8904,0,0.682186,0,5.22771e+07
11/27/2009 18:00,11,27,5,18,0,25.6,82,0,6.437e+06,4.31482e+07,21.9824,21.9824,21.9824,16.8904,0,0.414398,0,3.17547e+07
11/27/2009 19:00,11,27,5,19,0,25,85,0,0,2.28739e+07,21.9824,21.9824,21.9824,21.9824,0,0,0,0
11/27/2009 20:00,11,27,5,20,0,24.4,91,0,0,2.28739e+07,21.9824,21.9824,21.9824,21.9824,0,0,0,0
11/27/2009 21:00,11,27,5,21,0,23.9,90,0,0,1.97521e+07,21.9824,21.9824,21.9824,21.9824,0,0,0,0
11/27/2009 22:00,11,27,5,22,0,23.9,94,0,0,1.97521e+07,21.9824,21.9824,21.9824,21.9824,0,0,0,0
11/27/2009 23:00,11,27,5,23,0,23.3,94,0,0,1.69425e+07,21.9824,21.9824,21.9824,21.9824,0,0,0,0
11/28/2009 00:00,11,28,6,0,0,21.7,93,0,0,1.53816e+07,21.9824,21.9824,21.9824,21.9824,0,0,0,0
11/28/2009 01:00,11,28,6,1,0,20,100,0,0,2.07703e+07,21.9824,21.9824,21.9824,21.9824,0,0,0,0
11/28/2009 02:00,11,28,6,2,0,20,93,0,0,2.07703e+07,21.9824,21.9824,21.9824,21.9824,0,0,0,0
11/28/2009 03:00,11,28,6,3,0,18.9,90,0,0,2.07703e+07,21.9824,21.9824,21.9824,21.9824,0,0,0,0
11/28/2009 04:00,11,28,6,4,0,17.8,93,0,0,2.07703e+07,21.9824,21.9824,21.9824,21.9824,0,0,0,0
11/28/2009 05:00,11,28,6,5,0,16.7,87,0,0,2.07703e+07,21.9824,21.9824,21.9824,21.9824,0,0,0,0
11/28/2009 06:00,11,28,6,6,0,15.6,90,0,0,2.23312e+07,21.9824,21.9824,21.9824,21.9824,0,0,0,0
11/28/2009 07:00,11,28,6,7,0,15.6,90,0,2.52665e+06,2.64854e+07,22.1006,22.1006,22.1006,16.8904,0,0.152342,0,1.1926e+07
11/28/2009 08:00,11,28,6,8,0,13.9,87,0,2.69591e+06,2.92378e+07,22.104,22.104,22.104,16.8904,0,0.158899,0,1.24668e+07
11/28/2009 09:00,11,28,6,9,0,13.9,84,0,7.99528e+06,6.1597e+07,22.1095,22.1095,22.1095,16.8904,0,0.524452,0,4.11903e+07
11/28/2009 10:00,11,28,6,10,0,13.9,81,0,8.59946e+06,6.23494e+07,22.0807,22.0807,22.0807,16.8904,0,0.568159,0,4.43767e+07
11/28/2009 11:00,11,28,6,11,0,16.1,67,0,1.04564e+07,6.468e+07,22.0487,22.0487,22.0487,16.8904,0,0.707942,0,5.49546e+07
11/28/2009 12:00,11,28,6,12,0,17.2,61,0,1.06525e+07,6.49381e+07,22.0117,22.0117,22.0117,16.8904,0,0.72649,0,5.59921e+07
11/28/2009 13:00,11,28,6,13,0,18.3,50,0,9.97389e+06,5.96763e+07,21.9747,21.9747,21.9747,16.8904,0,0.678996,0,5.19529e+07
11/28/2009 14:00,11,28,6,14,0,18.9,43,0,1.07929e+07,6.51161e+07,21.9479,21.9479,21.9479,16.8904,0,0.737472,0,5.61284e+07
11/28/2009 15:00,11,28,6,15,0,18.9,42,0,1.0159e+07,6.43083e+07,21.9413,21.9413,21.9413,16.8904,0,0.685924,0,5.21366e+07
11/28/2009 16:00,11,28,6,16,0,18.9,39,0,1.01678e+07,6.43176e+07,21.9409,21.9409,21.9409,16.8904,0,0.685966,0,5.21356e+07
11/28/2009 17:00,11,28,6,17,0,17.2,41,0,9.57354e+06,6.35729e+07,21.9434,21.9434,21.9434,16.8904,0,0.64165,0,4.87921e+07
11/28/2009 18:00,11,28,6,18,0,15,52,0,4.89572e+06,4.12478e+07,21.9451,21.9451,21.9451,16.8904,0,0.308798,0,2.34892e+07
11/28/2009 19:00,11,28,6,19,0,13.9,53,0,0,2.28739e+07,21.9431,21.9431,21.9431,21.9431,0,0,0,0
11/28/2009 20:00,11,28,6,20,0,12.8,57,0,0,2.28739e+07,21.9431,21.9431,21.9431,21.9431,0,0,0,0
11/28/2009 21:00,11,28,6,21,0,12.2,55,0,0,1.97521e+07,21.9431,21.9431,21.9431,21.9431,0,0,0,0
11/28/2009 22:00,11,28,6,22,0,11.7,53,0,0,1.97521e+07,21.9431,21.9431,21.9431,21.9431,0,0,0,0
11/28/2009 23:00,11,28,6,23,0,11.1,57,0,0,1.69425e+07,21.9431,21.9431,21.9431,21.9431,0,0,0,0
11/29/2009 00:00,11,29,0,0,0,10.6,59,0,0,1.53816e+07,21.9431,21.9431,21.9431,21.9431,0,0,0,0
11/29/2009 01:00,11,29,0,1,0,11.1,53,0,0,2.07703e+07,21.9431,21.9431,21.9431,21.9431,0,0,0,0
11/29/2009 02:00,11,29,0,2,0,10.6,52,0,0,2.07703e+07,21.9431,21.9431,21.9431,21.9431,0,0,0,0
11/29/2009 03:00,11,29,0,3,0,9.4,59,0,0,2.07703e+07,21.9431,21.9431,21.9431,21.9431,0,0,0,0
11/29/2009 04:00,11,29,0,4,0,8.9,59,0,0,2.07703e+07,21.9431,21.9431,21.9431,21.9431,0,0,0,0
11/29/2009 05:00,11,29,0,5,0,8.9,59,0,0,2.07703e+07,21.9431,21.9431,21.9431,21.9431,0,0,0,0
11/29/2009 06:00,11,29,0,6,0,7.8,58,0,0,2.23312e+07,21.9431,21.9431,21.9431,21.9431,0,0,0,0
11/29/2009 07:00,11,29,0,7,0,8.3,52,0,768943,2.43723e+07,21.9924,21.9924,21.9924,16.8904,0,0.0472528,0,3.62379e+06
11/29/2009 08:00,11,29,0,8,0,8.9,48,0,940705,2.71296e+07,21.9754,21.9754,21.9754,16.8904,0,0.054855,0,4.19509e+06
11/29/2009 09:00,11,29,0,9,0,10.6,45,0,5.06504e+06,5.79857e+07,21.7976,21.7976,21.7976,16.8904,0,0.323698,0,2.3881e+07
11/29/2009 10:00,11,29,0,10,0,12.2,37,0,6.12065e+06,5.92901e+07,21.7883,21.7883,21.7883,16.8904,0,0.397196,0,2.92769e+07
11/29/2009 11:00,11,29,0,11,0,13.9,30,0,6.90972e+06,6.02711e+07,21.8081,21.8081,21.8081,16.8904,0,0.453913,0,3.35923e+07
11/29/2009 12:00,11,29,0,12,0,15.6,23,0,7.83001e+06,6.14289e+07,21.8305,21.8305,21.8305,16.8904,0,0.524179,0,3.89688e+07
11/29/2009 13:00,11,29,0,13,0,16.7,22,0,7.08398e+06,5.60808e+07,21.8366,21.8366,21.8366,16.8904,0,0.471023,0,3.50604e+07
11/29/2009 14:00,11,29,0,14,0,17.2,18,0,8.18032e+06,6.18566e+07,21.8459,21.8459,21.8459,16.8904,0,0.546787,0,4.07763e+07
11/29/2009 15:00,11,29,0,15,0,17.2,19,0,7.69332e+06,6.1238e+07,21.8755,21.8755,21.8755,16.8904,0,0.507765,0,3.80924e+07
11/29/2009 16:00,11,29,0,16,0,16.7,21,0,7.64369e+06,6.11739e+07,21.8974,21.8974,21.8974,16.8904,0,0.50344,0,3.79341e+07
11/29/2009 17:00,11,29,0,17,0,15.6,23,0,7.15937e+06,6.05702e+07,21.9234,21.9234,21.9234,16.8904,0,0.468337,0,3.54721e+07
11/29/2009 18:00,11,29,0,18,0,11.7,42,0,2.81694e+06,3.86954e+07,21.9412,21.9412,21.9412,16.8904,0,0.169181,0,1.28593e+07
11/29/2009 19:00,11,29,0,19,0,11.1,38,0,0,2.28739e+07,21.9478,21.9478,21.9478,21.9478,0,0,0,0
11/29/2009 20:00,11,29,0,20,0,8.3,58,0,0,2.28739e+07,21.9478,21.9478,21.9478,21.9478,0,0,0,0
11/29/2009 21:00,11,29,0,21,0,7.2,56,0,0,1.97521e+07,21.9478,21.9478,21.9478,21.9478,0,0,0,0
11/29/2009 22:00,11,29,0,22,0,6.1,63,0,0,1.97521e+07,21.9478,21.9478,21.9478,21.9478,0,0,0,0
11/29/2009 23:00,11,29,0,23,0,5.6,68,0,0,1.69425e+07,21.9478,21.9478,21.9478,21.9478,0,0,0,0
11/30/2009 00:00,11,30,1,0,0,4.4,68,0,0,1.53816e+07,21.9478,21.9478,21.9478,21.9478,0,0,0,0
11/30/2009 01:00,11,30,1,1,0,2.8,79,0,0,2.07703e+07,21.9478,21.9478,21.9478,21.9478,0,0,0,0
11/30/2009 02:00,11,30,1,2,0,3.9,65,0,0,2.07703e+07,21.9478,21.9478,21.9478,21.9478,0,0,0,0
11/30/2009 03:00,11,30,1,3,0,1.7,82,0,0,2.07703e+07,21.9478,21.9478,21.9478,21.9478,0,0,0,0
11/30/2009 04:00,11,30,1,4,0,2.2,73,0,0,2.07703e+07,21.9478,21.9478,21.9478,21.9478,0,0,0,0
11/30/2009 05:00,11,30,1,5,0,0.6,82,0,0,2.07703e+07,21.9478,21.9478,21.9478,21.9478,0,0,0,0
11/30/2009 06:00,11,30,1,6,0,1.1,79,0,0,2.23312e+07,21.9478,21.9478,21.9478,21.9478,0,0,0,0
11/30/2009 07:00,11,30,1,7,0,1.7,76,0,122541,2.35825e+07,21.9529,21.9529,21.9529,16.8904,0,0.00450023,0,342846
11/30/2009 08:00,11,30,1,8,0,2.8,79,0,216413,2.62562e+07,21.9682,21.9682,21.9682,16.8904,0,0.0105262,0,804273
11/30/2009 09:00,11,30,1,9,0,6.1,71,0,2.66331e+06,5.50504e+07,21.948,21.948,21.948,16.8904,0,0.16635,0,1.26495e+07
11/30/2009 10:00,11,30,1,10,0,10.6,50,0,3.65342e+06,5.62602e+07,21.9191,21.9191,21.9191,16.8904,0,0.231231,0,1.74962e+07
11/30/2009 11:00,11,30,1,11,0,12.8,34,0,4.85617e+06,5.77318e+07,21.9191,21.9191,21.9191,16.8904,0,0.310608,0,2.35059e+07
11/30/2009 12:00,11,30,1,12,0,14.4,38,0,5.80748e+06,5.89148e+07,21.9386,21.9386,21.9386,16.8904,0,0.379138,0,2.88032e+07
11/30/2009 13:00,11,30,1,13,0,15,36,0,5.24253e+06,5.37975e+07,21.9469,21.9469,21.9469,16.8904,0,0.340652,0,2.59215e+07
11/30/2009 14:00,11,30,1,14,0,15.6,36,0,6.84165e+06,6.01931e+07,21.9532,21.9532,21.9532,16.8904,0,0.450956,0,3.43578e+07
11/30/2009 15:00,11,30,1,15,0,16.1,38,0,7.68437e+06,6.12345e+07,21.9631,21.9631,21.9631,16.8904,0,0.509087,0,3.88622e+07
11/30/2009 16:00,11,30,1,16,0,15.6,46,0,7.15454e+06,6.05678e+07,21.9715,21.9715,21.9715,16.8904,0,0.468666,0,3.58363e+07
11/30/2009 17:00,11,30,1,17,0,14.4,49,0,6.3168e+06,5.95258e+07,21.9835,21.9835,21.9835,16.8904,0,0.408557,0,3.13137e+07
11/30/2009 18:00,11,30,1,18,0,12.8,57,0,1.58511e+06,3.72095e+07,21.9873,21.9873,21.9873,16.8904,0,0.0941757,0,7.22347e+06
11/30/2009 19:00,11,30,1,19,0,12.2,57,0,0,2.28739e+07,21.9871,21.9871,21.9871,21.9871,0,0,0,0
11/30/2009 20:00,11,30,1,20,0,11.1,66,0,0,2.28739e+07,21.9871,21.9871,21.9871,21.9871,0,0,0,0
11/30/2009 21:00,11,30,1,21,0,10.6,69,0,0,1.97521e+07,21.9871,21.9871,21.9871,21.9871,0,0,0,0
11/30/2009 22:00,11,30,1,22,0,10.9,77,0,0,1.97521e+07,21.9871,21.9871,21.9871,21.9871,0,0,0,0
11/30/2009 23:00,11,30,1,23,0,11.2,83,0,0,1.69425e+07,21.9871,21.9871,21.9871,21.9871,0,0,0,0
12/01/2009 00:00,12,1,2,0,0,11.5,86,0,0,1.53816e+07,21.9871,21.9871,21.9871,21.9871,0,0,0,0
12/01/2009 01:00,12,1,2,1,0,11.9,90,0,0,2.07703e+07,21.9871,21.9871,21.9871,21.9871,0,0,0,0
12/01/2009 02:00,12,1,2,2,0,12.2,87,0,0,2.07703e+07,21.9871,21.9871,21.9871,21.9871,0,0,0,0
12/01/2009 03:00,12,1,2,3,0,12.5,90,0,0,2.07703e+07,21.9871,21.9871,21.9871,21.9871,0,0,0,0
12/01/2009 04:00,12,1,2,4,0,12.8,90,0,0,2.07703e+07,21.9871,21.9871,21.9871,21.9871,0,0,0,0
12/01/2009 05:00,12,1,2,5,0,12.8,90,0,0,2.07703e+07,21.9871,21.9871,21.9871,21.9871,0,0,0,0
12/01/2009 06:00,12,1,2,6,0,12.8,93,0,0,2.23312e+07,21.9871,21.9871,21.9871,21.9871,0,0,0,0
12/01/2009 07:00,12,1,2,7,0,13.9,90,0,0,2.34449e+07,21.9871,21.9871,21.9871,21.9871,0,0,0,0
12/01/2009 08:00,12,1,2,8,0,16.7,78,0,92319.2,2.61092e+07,21.99,21.99,21.99,18.5893,0,0.00367711,0,282241
12/01/2009 09:00,12,1,2,9,0,20,68,0,2.94757e+06,5.53842e+07,21.9873,21.9873,21.9873,16.8904,0,0.180913,0,1.38714e+07
12/01/2009 10:00,12,1,2,10,0,22.2,62,0,3.83612e+06,5.64647e+07,21.9898,21.9898,21.9898,16.8904,0,0.237475,0,1.82236e+07
12/01/2009 11:00,12,1,2,11,0,23.3,58,0,4.963e+06,5.78492e+07,22.0045,22.0045,22.0045,16.8904,0,0.31342,0,2.41222e+07
12/01/2009 12:00,12,1,2,12,0,25.6,52,0,6.64789e+06,5.99352e+07,22.0224,22.0224,22.0224,16.8904,0,0.431767,0,3.33451e+07
12/01/2009 13:00,12,1,2,13,0,25.6,52,0,5.54671e+06,5.41458e+07,22.0246,22.0246,22.0246,16.8904,0,0.353079,0,2.72799e+07
12/01/2009 14:00,12,1,2,14,0,26.1,50,0,7.39524e+06,6.08592e+07,22.0113,22.0113,22.0113,16.8904,0,0.483731,0,3.72774e+07
12/01/2009 15:00,12,1,2,15,0,26.1,50,0,7.37267e+06,6.08282e+07,22.0088,22.0088,22.0088,16.8904,0,0.481165,0,3.70616e+07
12/01/2009 16:00,12,1,2,16,0,25,54,0,7.50115e+06,6.09879e+07,22.0072,22.0072,22.0072,16.8904,0,0.490335,0,3.77563e+07
12/01/2009 17:00,12,1,2,17,0,24.4,56,0,7.00383e+06,6.03707e+07,22.0083,22.0083,22.0083,16.8904,0,0.455113,0,3.50519e+07
12/01/2009 18:00,12,1,2,18,0,22.8,62,0,3.12335e+06,3.90666e+07,22.0088,22.0088,22.0088,16.8904,0,0.187955,0,1.44772e+07
12/01/2009 19:00,12,1,2,19,0,22.2,66,0,0,2.28739e+07,22.0089,22.0089,22.0089,22.0089,0,0,0,0
12/01/2009 20:00,12,1,2,20,0,21.7,68,0,0,2.28739e+07,22.0089,22.0089,22.0089,22.0089,0,0,0,0
12/01/2009 21:00,12,1,2,21,0,21.1,73,0,0,1.97521e+07,22.0089,22.0089,22.0089,22.0089,0,0,0,0
12/01/2009 22:00,12,1,2,22,0,20.6,76,0,0,1.97521e+07,22.0089,22.0089,22.0089,22.0089,0,0,0,0
12/01/2009 23:00,12,1,2,23,0,19.4,81,0,0,1.69425e+07,22.0089,22.0089,22.0089,22.0089,0,0,0,0
12/02/2009 00:00,12,2,3,0,0,18.3,87,0,0,1.53816e+07,22.0089,22.0089,22.0089,22.0089,0,0,0,0
12/02/2009 01:00,12,2,3,1,0,17.8,87,0,0,1.42679e+07,22.0089,22.0089,22.0089,22.0089,0,0,0,0
12/02/2009 02:00,12,2,3,2,0,18.3,84,0,0,1.42679e+07,22.0089,22.0089,22.0089,22.0089,0,0,0,0
12/02/2009 03:00,12,2,3,3,0,18.3,84,0,0,1.42679e+07,22.0089,22.0089,22.0089,22.0089,0,0,0,0
12/02/2009 04:00,12,2,3,4,0,15.6,97,0,0,1.42679e+07,22.0089,22.0089,22.0089,22.0089,0,0,0,0
12/02/2009 05:00,12,2,3,5,0,15.6,97,0,0,1.42679e+07,22.0089,22.0089,22.0089,22.0089,0,0,0,0
12/02/2009 06:00,12,2,3,6,0,16.1,93,0,0,1.42679e+07,22.0089,22.0089,22.0089,22.0089,0,0,0,0
12/02/2009 07:00,12,2,3,7,0,16.7,93,0,0,1.53816e+07,22.0089,22.0089,22.0089,22.0089,0,0,0,0
12/02/2009 08:00,12,2,3,8,0,18.3,84,0,0,1.20098e+07,22.0089,22.0089,22.0089,22.0089,0,0,0,0
12/02/2009 09:00,12,2,3,9,0,17.8,87,0,0,1.20098e+07,22.0089,22.0089,22.0089,22.0089,0,0,0,0
12/02/2009 10:00,12,2,3,10,0,15.6,84,0,0,1.20098e+07,22.0089,22.0089,22.0089,22.0089,0,0,0,0
12/02/2009 11:00,12,2,3,11,0,13.9,75,0,0,1.20098e+07,22.0089,22.0089,22.0089,22.0089,0,0,0,0
12/02/2009 12:00,12,2,3,12,0,16.7,63,0,0,1.20098e+07,22.0089,22.0089,22.0089,22.0089,0,0,0,0
12/02/2009 13:00,12,2,3,13,0,17.8,56,0,0,1.20098e+07,22.0089,22.0089,22.0089,22.0089,0,0,0,0
12/02/2009 14:00,12,2,3,14,0,18.3,52,0,0,1.20098e+07,22.0089,22.0089,22.0089,22.0089,0,0,0,0
12/02/2009 15:00,12,2,3,15,0,17.8,52,0,0,1.20098e+07,22.0089,22.0089,22.0089,22.0089,0,0,0,0
12/02/2009 16:00,12,2,3,16,0,16.1,56,0,0,1.20098e+07,22.0089,22.0089,22.0089,22.0089,0,0,0,0
12/02/2009 17:00,12,2,3,17,0,13.3,62,0,0,1.20098e+07,22.0089,22.0089,22.0089,22.0089,0,0,0,0
12/02/2009 18:00,12,2,3,18,0,11.1,69,0,0,1.53816e+07,22.0089,22.0089,22.0089,22.0089,0,0,0,0
12/02/2009 19:00,12,2,3,19,0,9.4,77,0,0,1.53816e+07,22.0089,22.0089,22.0089,22.0089,0,0,0,0
12/02/2009 20:00,12,2,3,20,0,8.9,80,0,0,1.53816e+07,22.0089,22.0089,22.0089,22.0089,0,0,0,0
12/02/2009 21:00,12,2,3,21,0,8.9,80,0,0,1.53816e+07,22.0089,22.0089,22.0089,22.0089,0,0,0,0
12/02/2009 22:00,12,2,3,22,0,9.4,77,0,0,1.53816e+07,22.0089,22.0089,22.0089,22.0089,0,0,0,0
12/02/2009 23:00,12,2,3,23,0,9.4,74,0,0,1.53816e+07,22.0089,22.0089,22.0089,22.0089,0,0,0,0
12/03/2009 00:00,12,3,4,0,0,10,69,0,0,1.53816e+07,22.0089,22.0089,22.0089,22.0089,0,0,0,0
12/03/2009 01:00,12,3,4,1,0,10,69,0,0,1.42679e+07,22.0089,22.0089,22.0089,22.0089,0,0,0,0
12/03/2009 02:00,12,3,4,2,0,10,69,0,0,1.42679e+07,22.0089,22.0089,22.0089,22.0089,0,0,0,0
12/03/2009 03:00,12,3,4,3,0,10,69,0,0,1.42679e+07,22.0089,22.0089,22.0089,22.0089,0,0,0,0
12/03/2009 04:00,12,3,4,4,0,10,66,0,0,1.42679e+07,22.0089,22.0089,22.0089,22.0089,0,0,0,0
12/03/2009 05:00,12,3,4,5,0,10,66,0,0,1.42679e+07,22.0089,22.0089,22.0089,22.0089,0,0,0,0
12/03/2009 06:00,12,3,4,6,0,10,66,0,0,1.42679e+07,22.0089,22.0089,22.0089,22.0089,0,0,0,0
12/03/2009 07:00,12,3,4,7,0,10,69,0,0,1.53816e+07,22.0089,22.0089,22.0089,22.0089,0,0,0,0
12/03/2009 08:00,12,3,4,8,0,10.6,69,0,0,1.20098e+07,22.0089,22.0089,22.0089,22.0089,0,0,0,0
12/03/2009 09:00,12,3,4,9,0,12.2,64,0,0,1.20098e+07,22.0089,22.0089,22.0089,22.0089,0,0,0,0
12/03/2009 10:00,12,3,4,10,0,13.9,60,0,0,1.20098e+07,22.0089,22.0089,22.0089,22.0089,0,0,0,0
12/03/2009 11:00,12,3,4,11,0,13.9,64,0,0,1.20098e+07,22.0089,22.0089,22.0089,22.0089,0,0,0,0
12/03/2009 12:00,12,3,4,12,0,15,65,0,0,1.20098e+07,22.0089,22.0089,22.0089,22.0089,0,0,0,0
12/03/2009 13:00,12,3,4,13,0,15.6,65,0,0,1.20098e+07,22.0089,22.0089,22.0089,22.0089,0,0,0,0
12/03/2009 14:00,12,3,4,14,0,17.8,58,0,0,1.20098e+07,22.0089,22.0089,22.0089,22.0089,0,0,0,0
12/03/2009 15:00,12,3,4,15,0,18.3,59,0,0,1.20098e+07,22.0089,22.0089,22.0089,22.0089,0,0,0,0
12/03/2009 16:00,12,3,4,16,0,18.3,61,0,0,1.20098e+07,22.0089,22.0089,22.0089,22.0089,0,0,0,0
12/03/2009 17:00,12,3,4,17,0,15.6,72,0,0,1.20098e+07,22.0089,22.0089,22.0089,22.0089,0,0,0,0
12/03/2009 18:00,12,3,4,18,0,13.3,83,0,0,1.53816e+07,22.0089,22.0089,22.0089,22.0089,0,0,0,0
12/03/2009 19:00,12,3,4,19,0,12.2,86,0,0,1.53816e+07,22.0089,22.0089,22.0089,22.0089,0,0,0,0
12/03/2009 20:00,12,3,4,20,0,13.3,83,0,0,1.53816e+07,22.0089,22.0089,22.0089,22.0089,0,0,0,0
12/03/2009 21:00,12,3,4,21,0,12.2,93,0,0,1.53816e+07,22.0089,22.0089,22.0089,22.0089,0,0,0,0
12/03/2009 22:00,12,3,4,22,0,11.7,93,0,0,1.53816e+07,22.0089,22.0089,22.0089,22.0089,0,0,0,0
12/03/2009 23:00,12,3,4,23,0,11.1,96,0,0,1.53816e+07,22.0089,22.0089,22.0089,22.0089,0,0,0,0
12/04/2009 00:00,12,4,5,0,0,11.7,93,0,0,1.53816e+07,22.0089,22.0089,22.0089,22.0089,0,0,0,0
12/04/2009 01:00,12,4,5,1,0,12.8,93,0,0,2.07703e+07,22.0089,22.0089,22.0089,22.0089,0,0,0,0
12/04/2009 02:00,12,4,5,2,0,13.3,93,0,0,2.07703e+07,22.0089,22.0089,22.0089,22.0089,0,0,0,0
12/04/2009 03:00,12,4,5,3,0,13.3,96,0,0,2.07703e+07,22.0089,22.0089,22.0089,22.0089,0,0,0,0
12/04/2009 04:00,12,4,5,4,0,13.9,93,0,0,2.07703e+07,22.0089,22.0089,22.0089,22.0089,0,0,0,0
12/04/2009 05:00,12,4,5,5,0,13.9,93,0,0,2.07703e+07,22.0089,22.0089,22.0089,22.0089,0,0,0,0
12/04/2009 06:00,12,4,5,6,0,13.9,93,0,0,2.23312e+07,22.0089,22.0089,22.0089,22.0089,0,0,0,0
12/04/2009 07:00,12,4,5,7,0,13.3,96,0,0,2.34449e+07,22.0089,22.0089,22.0089,22.0089,0,0,0,0
12/04/2009 08:00,12,4,5,8,0,13.9,93,0,0,2.60045e+07,22.0089,22.0089,22.0089,22.0089,0,0,0,0
12/04/2009 09:00,12,4,5,9,0,14.4,90,0,648481,5.26006e+07,22.0317,22.0317,22.0317,17.9141,0,0.037392,0,2.89605e+06
12/04/2009 10:00,12,4,5,10,0,15.6,87,0,1.10219e+06,5.31475e+07,22.0698,22.0698,22.0698,16.8904,0,0.0650839,0,5.07268e+06
12/04/2009 11:00,12,4,5,11,0,16.7,84,0,1.84065e+06,5.40345e+07,22.0713,22.0713,22.0713,16.8904,0,0.109024,0,8.50078e+06
12/04/2009 12:00,12,4,5,12,0,16.7,84,0,2.93124e+06,5.5352e+07,22.0969,22.0969,22.0969,16.8904,0,0.175991,0,1.37891e+07
12/04/2009 13:00,12,4,5,13,0,17.2,84,0,2.51308e+06,5.0416e+07,22.1163,22.1163,22.1163,16.8904,0,0.147636,0,1.16103e+07
12/04/2009 14:00,12,4,5,14,0,17.8,84,0,4.20862e+06,5.69173e+07,22.1273,22.1273,22.1273,16.8904,0,0.260889,0,2.05599e+07
12/04/2009 15:00,12,4,5,15,0,18.9,81,0,4.9141e+06,5.77847e+07,22.1319,22.1319,22.1319,16.8904,0,0.308628,0,2.43437e+07
12/04/2009 16:00,12,4,5,16,0,19.4,78,0,5.14581e+06,5.80701e+07,22.1309,22.1309,22.1309,16.8904,0,0.324491,0,2.559e+07
12/04/2009 17:00,12,4,5,17,0,19.4,78,0,5.23995e+06,5.81866e+07,22.1247,22.1247,22.1247,16.8904,0,0.331111,0,2.60812e+07
12/04/2009 18:00,12,4,5,18,0,18.9,81,0,1.1313e+06,3.66524e+07,22.1028,22.1028,22.1028,16.8904,0,0.0633631,0,4.97011e+06
12/04/2009 19:00,12,4,5,19,0,18.9,84,0,0,2.28739e+07,22.0917,22.0917,22.0917,22.0917,0,0,0,0
12/04/2009 20:00,12,4,5,20,0,18.9,84,0,0,2.28739e+07,22.0917,22.0917,22.0917,22.0917,0,0,0,0
12/04/2009 21:00,12,4,5,21,0,18.9,84,0,0,1.97521e+07,22.0917,22.0917,22.0917,22.0917,0,0,0,0
12/04/2009 22:00,12,4,5,22,0,18.3,90,0,0,1.97521e+07,22.0917,22.0917,22.0917,22.0917,0,0,0,0
12/04/2009 23:00,12,4,5,23,0,18.3,90,0,0,1.69425e+07,22.0917,22.0917,22.0917,22.0917,0,0,0,0
12/05/2009 00:00,12,5,6,0,0,18.3,84,0,0,1.53816e+07,22.0917,22.0917,22.0917,22.0917,0,0,0,0
12/05/2009 01:00,12,5,6,1,0,18.3,84,0,0,2.07703e+07,22.0917,22.0917,22.0917,22.0917,0,0,0,0
12/05/2009 02:00,12,5,6,2,0,18.3,84,0,0,2.07703e+07,22.0917,22.0917,22.0917,22.0917,0,0,0,0
12/05/2009 03:00,12,5,6,3,0,18.3,84,0,0,2.07703e+07,22.0917,22.0917,22.0917,22.0917,0,0,0,0
12/05/2009 04:00,12,5,6,4,0,18.3,84,0,0,2.07703e+07,22.0917,22.0917,22.0917,22.0917,0,0,0,0
12/05/2009 05:00,12,5,6,5,0,18.3,87,0,0,2.07703e+07,22.0917,22.0917,22.0917,22.0917,0,0,0,0
12/05/2009 06:00,12,5,6,6,0,18.3,87,0,0,2.23312e+07,22.0917,22.0917,22.0917,22.0917,0,0,0,0
12/05/2009 07:00,12,5,6,7,0,18.3,87,0,0,2.34449e+07,22.0917,22.0917,22.0917,22.0917,0,0,0,0
12/05/2009 08:00,12,5,6,8,0,17.8,87,0,169311,2.61989e+07,22.0966,22.0966,22.0966,16.8904,0,0.00747237,0,585430
12/05/2009 09:00,12,5,6,9,0,20,76,0,6.37124e+06,5.95894e+07,22.1386,22.1386,22.1386,16.8904,0,0.411091,0,3.24693e+07
12/05/2009 10:00,12,5,6,10,0,22.2,66,0,7.34847e+06,6.08007e+07,22.1181,22.1181,22.1181,16.8904,0,0.480141,0,3.77728e+07
12/05/2009 11:00,12,5,6,11,0,23.3,60,0,8.45397e+06,6.21804e+07,22.0834,22.0834,22.0834,16.8904,0,0.56114,0,4.38519e+07
12/05/2009 12:00,12,5,6,12,0,23.9,58,0,8.02447e+06,6.16411e+07,22.0707,22.0707,22.0707,16.8904,0,0.528872,0,4.12287e+07
12/05/2009 13:00,12,5,6,13,0,25,54,0,6.90983e+06,5.58332e+07,22.0498,22.0498,22.0498,16.8904,0,0.448723,0,3.48402e+07
12/05/2009 14:00,12,5,6,14,0,26.1,52,0,9.64944e+06,6.36824e+07,22.0111,22.0111,22.0111,16.8904,0,0.651543,0,5.02081e+07
12/05/2009 15:00,12,5,6,15,0,25.6,54,0,9.71426e+06,6.37542e+07,21.9953,21.9953,21.9953,16.8904,0,0.653234,0,5.01829e+07
12/05/2009 16:00,12,5,6,16,0,23.9,60,0,8.83214e+06,6.26461e+07,21.9898,21.9898,21.9898,16.8904,0,0.586662,0,4.50198e+07
12/05/2009 17:00,12,5,6,17,0,22.2,66,0,8.46997e+06,6.21938e+07,21.9868,21.9868,21.9868,16.8904,0,0.56009,0,4.29552e+07
12/05/2009 18:00,12,5,6,18,0,20.6,73,0,3.81969e+06,3.99216e+07,21.9866,21.9866,21.9866,16.8904,0,0.234731,0,1.80018e+07
12/05/2009 19:00,12,5,6,19,0,19.4,78,0,0,2.28739e+07,21.9856,21.9856,21.9856,21.9856,0,0,0,0
12/05/2009 20:00,12,5,6,20,0,18.9,84,0,0,2.28739e+07,21.9856,21.9856,21.9856,21.9856,0,0,0,0
12/05/2009 21:00,12,5,6,21,0,17.8,90,0,0,1.97521e+07,21.9856,21.9856,21.9856,21.9856,0,0,0,0
12/05/2009 22:00,12,5,6,22,0,17.2,93,0,0,1.97521e+07,21.9856,21.9856,21.9856,21.9856,0,0,0,0
12/05/2009 23:00,12,5,6,23,0,16.7,97,0,0,1.69425e+07,21.9856,21.9856,21.9856,21.9856,0,0,0,0
12/06/2009 00:00,12,6,0,0,0,16.7,93,0,0,1.53816e+07,21.9856,21.9856,21.9856,21.9856,0,0,0,0
12/06/2009 01:00,12,6,0,1,0,16.7,93,0,0,2.07703e+07,21.9856,21.9856,21.9856,21.9856,0,0,0,0
12/06/2009 02:00,12,6,0,2,0,16.7,93,0,0,2.07703e+07,21.9856,21.9856,21.9856,21.9856,0,0,0,0
12/06/2009 03:00,12,6,0,3,0,17.2,90,0,0,2.07703e+07,21.9856,21.9856,21.9856,21.9856,0,0,0,0
12/06/2009 04:00,12,6,0,4,0,17.2,90,0,0,2.07703e+07,21.9856,21.9856,21.9856,21.9856,0,0,0,0
12/06/2009 05:00,12,6,0,5,0,17.2,93,0,0,2.07703e+07,21.9856,21.9856,21.9856,21.9856,0,0,0,0
12/06/2009 06:00,12,6,0,6,0,17.2,93,0,0,2.23312e+07,21.9856,21.9856,21.9856,21.9856,0,0,0,0
12/06/2009 07:00,12,6,0,7,0,17.8,93,0,669619,2.42377e+07,22.0186,22.0186,22.0186,16.8904,0,0.0367158,0,2.83127e+06
12/06/2009 08:00,12,6,0,8,0,18.3,93,0,1.13316e+06,2.733e+07,22.0456,22.0456,22.0456,16.8904,0,0.0570233,0,4.42376e+06
12/06/2009 09:00,12,6,0,9,0,18.9,90,0,5.89487e+06,5.89949e+07,22.083,22.083,22.083,16.8904,0,0.376318,0,2.94058e+07
12/06/2009 10:00,12,6,0,10,0,20,81,0,6.84342e+06,6.01685e+07,22.086,22.086,22.086,16.8904,0,0.442734,0,3.46154e+07
12/06/2009 11:00,12,6,0,11,0,21.7,73,0,7.44385e+06,6.0913e+07,22.0737,22.0737,22.0737,16.8904,0,0.485223,0,3.78483e+07
12/06/2009 12:00,12,6,0,12,0,23.3,69,0,9.02603e+06,6.28907e+07,22.0537,22.0537,22.0537,16.8904,0,0.602022,0,4.67786e+07
12/06/2009 13:00,12,6,0,13,0,23.9,66,0,7.41043e+06,5.64524e+07,22.0255,22.0255,22.0255,16.8904,0,0.483693,0,3.7379e+07
12/06/2009 14:00,12,6,0,14,0,26.1,58,0,9.34076e+06,6.32827e+07,21.997,21.997,21.997,16.8904,0,0.624636,0,4.80024e+07
12/06/2009 15:00,12,6,0,15,0,25.6,58,0,9.27618e+06,6.31992e+07,21.9865,21.9865,21.9865,16.8904,0,0.618931,0,4.74653e+07
12/06/2009 16:00,12,6,0,16,0,23.9,64,0,9.02138e+06,6.28802e+07,21.9828,21.9828,21.9828,16.8904,0,0.600006,0,4.59808e+07
12/06/2009 17:00,12,6,0,17,0,22.8,71,0,8.09771e+06,6.17297e+07,21.9827,21.9827,21.9827,16.8904,0,0.533392,0,4.08749e+07
12/06/2009 18:00,12,6,0,18,0,21.7,76,0,4.45594e+06,4.07037e+07,21.9847,21.9847,21.9847,16.8904,0,0.277785,0,2.12957e+07
12/06/2009 19:00,12,6,0,19,0,21.1,81,0,0,2.28739e+07,21.9849,21.9849,21.9849,21.9849,0,0,0,0
12/06/2009 20:00,12,6,0,20,0,21.1,84,0,0,2.28739e+07,21.9849,21.9849,21.9849,21.9849,0,0,0,0
12/06/2009 21:00,12,6,0,21,0,21.1,84,0,0,1.97521e+07,21.9849,21.9849,21.9849,21.9849,0,0,0,0
12/06/2009 22:00,12,6,0,22,0,21.1,87,0,0,1.97521e+07,21.9849,21.9849,21.9849,21.9849,0,0,0,0
12/06/2009 23:00,12,6,0,23,0,20.6,93,0,0,1.69425e+07,21.9849,21.9849,21.9849,21.9849,0,0,0,0
12/07/2009 00:00,12,7,1,0,0,20.6,93,0,0,1.53816e+07,21.9849,21.9849,21.9849,21.9849,0,0,0,0
12/07/2009 01:00,12,7,1,1,0,20.6,93,0,0,2.07703e+07,21.9849,21.9849,21.9849,21.9849,0,0,0,0
12/07/2009 02:00,12,7,1,2,0,20,93,0,0,2.07703e+07,21.9849,21.9849,21.9849,21.9849,0,0,0,0
12/07/2009 03:00,12,7,1,3,0,20,93,0,0,2.07703e+07,21.9849,21.9849,21.9849,21.9849,0,0,0,0
12/07/2009 04:00,12,7,1,4,0,20,93,0,0,2.07703e+07,21.9849,21.9849,21.9849,21.9849,0,0,0,0
12/07/2009 05:00,12,7,1,5,0,20,93,0,0,2.07703e+07,21.9849,21.9849,21.9849,21.9849,0,0,0,0
12/07/2009 06:00,12,7,1,6,0,20,93,0,0,2.23312e+07,21.9849,21.9849,21.9849,21.9849,0,0,0,0
12/07/2009 07:00,12,7,1,7,0,20,93,0,2.1795e+06,2.60489e+07,22.1353,22.1353,22.1353,16.8904,0,0.125686,0,9.8975e+06
12/07/2009 08:00,12,7,1,8,0,20,93,0,2.29436e+06,2.87457e+07,22.163,22.163,22.163,16.8904,0,0.132039,0,1.04765e+07
12/07/2009 09:00,12,7,1,9,0,21.1,90,0,7.85258e+06,6.14166e+07,22.1626,22.1626,22.1626,16.8904,0,0.513088,0,4.07078e+07
12/07/2009 10:00,12,7,1,10,0,21.7,84,0,8.69046e+06,6.24597e+07,22.1306,22.1306,22.1306,16.8904,0,0.573633,0,4.52354e+07
12/07/2009 11:00,12,7,1,11,0,23.3,76,0,9.07791e+06,6.29444e+07,22.0891,22.0891,22.0891,16.8904,0,0.602323,0,4.71217e+07
12/07/2009 12:00,12,7,1,12,0,23.9,74,0,9.10467e+06,6.29793e+07,22.0578,22.0578,22.0578,16.8904,0,0.604775,0,4.70305e+07
12/07/2009 13:00,12,7,1,13,0,25,69,0,8.15349e+06,5.73738e+07,22.0247,22.0247,22.0247,16.8904,0,0.536223,0,4.14319e+07
12/07/2009 14:00,12,7,1,14,0,25.6,67,0,1.0431e+07,6.4649e+07,21.995,21.995,21.995,16.8904,0,0.706077,0,5.42398e+07
12/07/2009 15:00,12,7,1,15,0,25.6,67,0,9.50094e+06,6.34777e+07,21.9822,21.9822,21.9822,16.8904,0,0.634908,0,4.86497e+07
12/07/2009 16:00,12,7,1,16,0,23.9,74,0,9.41579e+06,6.33714e+07,21.9811,21.9811,21.9811,16.8904,0,0.628661,0,4.81608e+07
12/07/2009 17:00,12,7,1,17,0,23.3,79,0,9.01008e+06,6.28655e+07,21.9794,21.9794,21.9794,16.8904,0,0.599215,0,4.58891e+07
12/07/2009 18:00,12,7,1,18,0,22.8,79,0,5.32887e+06,4.17792e+07,21.9809,21.9809,21.9809,16.8904,0,0.33751,0,2.58548e+07
12/07/2009 19:00,12,7,1,19,0,22.2,82,0,0,2.28739e+07,21.981,21.981,21.981,21.981,0,0,0,0
12/07/2009 20:00,12,7,1,20,0,21.7,81,0,0,2.28739e+07,21.981,21.981,21.981,21.981,0,0,0,0
12/07/2009 21:00,12,7,1,21,0,21.1,84,0,0,1.97521e+07,21.981,21.981,21.981,21.981,0,0,0,0
12/07/2009 22:00,12,7,1,22,0,21.1,84,0,0,1.97521e+07,21.981,21.981,21.981,21.981,0,0,0,0
12/07/2009 23:00,12,7,1,23,0,21.1,84,0,0,1.69425e+07,21.981,21.981,21.981,21.981,0,0,0,0
12/08/2009 00:00,12,8,2,0,0,21.7,81,0,0,1.53816e+07,21.981,21.981,21.981,21.981,0,0,0,0
12/08/2009 01:00,12,8,2,1,0,21.7,79,0,0,2.07703e+07,21.981,21.981,21.981,21.981,0,0,0,0
12/08/2009 02:00,12,8,2,2,0,22.2,76,0,0,2.07703e+07,21.981,21.981,21.981,21.981,0,0,0,0
12/08/2009 03:00,12,8,2,3,0,22.8,76,0,0,2.07703e+07,21.981,21.981,21.981,21.981,0,0,0,0
12/08/2009 04:00,12,8,2,4,0,22.8,79,0,0,2.07703e+07,21.981,21.981,21.981,21.981,0,0,0,0
12/08/2009 05:00,12,8,2,5,0,22.8,79,0,0,2.07703e+07,21.981,21.981,21.981,21.981,0,0,0,0
12/08/2009 06:00,12,8,2,6,0,22.8,82,0,0,2.23312e+07,21.981,21.981,21.981,21.981,0,0,0,0
12/08/2009 07:00,12,8,2,7,0,22.8,82,0,3.6317e+06,2.78286e+07,22.1674,22.1674,22.1674,16.8904,0,0.222181,0,1.76172e+07
12/08/2009 08:00,12,8,2,8,0,22.8,82,0,3.04255e+06,2.96614e+07,22.1486,22.1486,22.1486,16.8904,0,0.181404,0,1.43542e+07
12/08/2009 09:00,12,8,2,9,0,23.3,82,0,8.49213e+06,6.22128e+07,22.1262,22.1262,22.1262,16.8904,0,0.559269,0,4.40649e+07
12/08/2009 10:00,12,8,2,10,0,23.9,79,0,9.03695e+06,6.2893e+07,22.0917,22.0917,22.0917,16.8904,0,0.599235,0,4.69031e+07
12/08/2009 11:00,12,8,2,11,0,24.4,74,0,9.35703e+06,6.32937e+07,22.0613,22.0613,22.0613,16.8904,0,0.623039,0,4.84815e+07
12/08/2009 12:00,12,8,2,12,0,25,69,0,9.72224e+06,6.37512e+07,22.0339,22.0339,22.0339,16.8904,0,0.650267,0,5.03325e+07
12/08/2009 13:00,12,8,2,13,0,25,67,0,8.7219e+06,5.80819e+07,22.0125,22.0125,22.0125,16.8904,0,0.577432,0,4.45099e+07
12/08/2009 14:00,12,8,2,14,0,25.6,64,0,9.72177e+06,6.3753e+07,21.9843,21.9843,21.9843,16.8904,0,0.650974,0,4.99014e+07
12/08/2009 15:00,12,8,2,15,0,25.6,64,0,9.83898e+06,6.38999e+07,21.9743,21.9743,21.9743,16.8904,0,0.659736,0,5.04738e+07
12/08/2009 16:00,12,8,2,16,0,25,69,0,9.66012e+06,6.36767e+07,21.9698,21.9698,21.9698,16.8904,0,0.646725,0,4.94346e+07
12/08/2009 17:00,12,8,2,17,0,23.9,74,0,9.18111e+06,6.30794e+07,21.9709,21.9709,21.9709,16.8904,0,0.61193,0,4.67854e+07
12/08/2009 18:00,12,8,2,18,0,23.9,74,0,5.74654e+06,4.22949e+07,21.9734,21.9734,21.9734,16.8904,0,0.366428,0,2.80292e+07
12/08/2009 19:00,12,8,2,19,0,18.9,81,0,0,2.28739e+07,21.9736,21.9736,21.9736,21.9736,0,0,0,0
12/08/2009 20:00,12,8,2,20,0,15.6,93,0,0,2.28739e+07,21.9736,21.9736,21.9736,21.9736,0,0,0,0
12/08/2009 21:00,12,8,2,21,0,14.4,93,0,0,1.97521e+07,21.9736,21.9736,21.9736,21.9736,0,0,0,0
12/08/2009 22:00,12,8,2,22,0,13.9,93,0,0,1.97521e+07,21.9736,21.9736,21.9736,21.9736,0,0,0,0
12/08/2009 23:00,12,8,2,23,0,13.3,90,0,0,1.69425e+07,21.9736,21.9736,21.9736,21.9736,0,0,0,0
12/09/2009 00:00,12,9,3,0,0,12.8,90,0,0,1.53816e+07,21.9736,21.9736,21.9736,21.9736,0,0,0,0
12/09/2009 01:00,12,9,3,1,0,12.2,90,0,0,1.42679e+07,21.9736,21.9736,21.9736,21.9736,0,0,0,0
12/09/2009 02:00,12,9,3,2,0,10.6,90,0,0,1.42679e+07,21.9736,21.9736,21.9736,21.9736,0,0,0,0
12/09/2009 03:00,12,9,3,3,0,10,89,0,0,1.42679e+07,21.9736,21.9736,21.9736,21.9736,0,0,0,0
12/09/2009 04:00,12,9,3,4,0,9.4,89,0,0,1.42679e+07,21.9736,21.9736,21.9736,21.9736,0,0,0,0
12/09/2009 05:00,12,9,3,5,0,8.9,89,0,0,1.42679e+07,21.9736,21.9736,21.9736,21.9736,0,0,0,0
12/09/2009 06:00,12,9,3,6,0,8.3,89,0,0,1.42679e+07,21.9736,21.9736,21.9736,21.9736,0,0,0,0
12/09/2009 07:00,12,9,3,7,0,8.3,86,0,0,1.53816e+07,21.9736,21.9736,21.9736,21.9736,0,0,0,0
12/09/2009 08:00,12,9,3,8,0,8.3,83,0,0,1.20098e+07,21.9736,21.9736,21.9736,21.9736,0,0,0,0
12/09/2009 09:00,12,9,3,9,0,8.3,86,0,0,1.20098e+07,21.9736,21.9736,21.9736,21.9736,0,0,0,0
12/09/2009 10:00,12,9,3,10,0,8.3,86,0,0,1.20098e+07,21.9736,21.9736,21.9736,21.9736,0,0,0,0
12/09/2009 11:00,12,9,3,11,0,9.4,80,0,0,1.20098e+07,21.9736,21.9736,21.9736,21.9736,0,0,0,0
12/09/2009 12:00,12,9,3,12,0,10,77,0,0,1.20098e+07,21.9736,21.9736,21.9736,21.9736,0,0,0,0
12/09/2009 13:00,12,9,3,13,0,10.6,74,0,0,1.20098e+07,21.9736,21.9736,21.9736,21.9736,0,0,0,0
12/09/2009 14:00,12,9,3,14,0,10.6,71,0,0,1.20098e+07,21.9736,21.9736,21.9736,21.9736,0,0,0,0
12/09/2009 15:00,12,9,3,15,0,10.6,71,0,0,1.20098e+07,21.9736,21.9736,21.9736,21.9736,0,0,0,0
12/09/2009 16:00,12,9,3,16,0,10.6,69,0,0,1.20098e+07,21.9736,21.9736,21.9736,21.9736,0,0,0,0
12/09/2009 17:00,12,9,3,17,0,10,71,0,0,1.20098e+07,21.9736,21.9736,21.9736,21.9736,0,0,0,0
12/09/2009 18:00,12,9,3,18,0,9.4,71,0,0,1.53816e+07,21.9736,21.9736,21.9736,21.9736,0,0,0,0
12/09/2009 19:00,12,9,3,19,0,8.9,74,0,0,1.53816e+07,21.9736,21.9736,21.9736,21.9736,0,0,0,0
12/09/2009 20:00,12,9,3,20,0,8.3,80,0,0,1.53816e+07,21.9736,21.9736,21.9736,21.9736,0,0,0,0
12/09/2009 21:00,12,9,3,21,0,7.8,80,0,0,1.53816e+07,21.9736,21.9736,21.9736,21.9736,0,0,0,0
12/09/2009 22:00,12,9,3,22,0,7.8,80,0,0,1.53816e+07,21.9736,21.9736,21.9736,21.9736,0,0,0,0
12/09/2009 23:00,12,9,3,23,0,7.8,77,0,0,1.53816e+07,21.9736,21.9736,21.9736,21.9736,0,0,0,0
12/10/2009 00:00,12,10,4,0,0,8.3,71,0,0,1.53816e+07,21.9736,21.9736,21.9736,21.9736,0,0,0,0
12/10/2009 01:00,12,10,4,1,0,7.8,74,0,0,1.42679e+07,21.9736,21.9736,21.9736,21.9736,0,0,0,0
12/10/2009 02:00,12,10,4,2,0,7.2,74,0,0,1.42679e+07,21.9736,21.9736,21.9736,21.9736,0,0,0,0
12/10/2009 03:00,12,10,4,3,0,6.7,76,0,0,1.42679e+07,21.9736,21.9736,21.9736,21.9736,0,0,0,0
12/10/2009 04:00,12,10,4,4,0,6.1,73,0,0,1.42679e+07,21.9736,21.9736,21.9736,21.9736,0,0,0,0
12/10/2009 05:00,12,10,4,5,0,5.6,73,0,0,1.42679e+07,21.9736,21.9736,21.9736,21.9736,0,0,0,0
12/10/2009 06:00,12,10,4,6,0,5,76,0,0,1.42679e+07,21.9736,21.9736,21.9736,21.9736,0,0,0,0
12/10/2009 07:00,12,10,4,7,0,5,73,0,0,1.53816e+07,21.9736,21.9736,21.9736,21.9736,0,0,0,0
12/10/2009 08:00,12,10,4,8,0,5,73,0,0,1.20098e+07,21.9736,21.9736,21.9736,21.9736,0,0,0,0
12/10/2009 09:00,12,10,4,9,0,5.6,73,0,0,1.20098e+07,21.9736,21.9736,21.9736,21.9736,0,0,0,0
12/10/2009 10:00,12,10,4,10,0,6.7,68,0,0,1.20098e+07,21.9736,21.9736,21.9736,21.9736,0,0,0,0
12/10/2009 11:00,12,10,4,11,0,8.3,63,0,0,1.20098e+07,21.9736,21.9736,21.9736,21.9736,0,0,0,0
12/10/2009 12:00,12,10,4,12,0,10.6,54,0,0,1.20098e+07,21.9736,21.9736,21.9736,21.9736,0,0,0,0
12/10/2009 13:00,12,10,4,13,0,12.8,47,0,0,1.20098e+07,21.9736,21.9736,21.9736,21.9736,0,0,0,0
12/10/2009 14:00,12,10,4,14,0,12.8,49,0,0,1.20098e+07,21.9736,21.9736,21.9736,21.9736,0,0,0,0
12/10/2009 15:00,12,10,4,15,0,12.2,51,0,0,1.20098e+07,21.9736,21.9736,21.9736,21.9736,0,0,0,0
12/10/2009 16:00,12,10,4,16,0,11.1,53,0,0,1.20098e+07,21.9736,21.9736,21.9736,21.9736,0,0,0,0
12/10/2009 17:00,12,10,4,17,0,10.6,57,0,0,1.20098e+07,21.9736,21.9736,21.9736,21.9736,0,0,0,0
12/10/2009 18:00,12,10,4,18,0,8.3,66,0,0,1.53816e+07,21.9736,21.9736,21.9736,21.9736,0,0,0,0
12/10/2009 19:00,12,10,4,19,0,7.2,74,0,0,1.53816e+07,21.9736,21.9736,21.9736,21.9736,0,0,0,0
12/10/2009 20:00,12,10,4,20,0,6.1,79,0,0,1.53816e+07,21.9736,21.9736,21.9736,21.9736,0,0,0,0
12/10/2009 21:00,12,10,4,21,0,5.6,79,0,0,1.53816e+07,21.9736,21.9736,21.9736,21.9736,0,0,0,0
12/10/2009 22:00,12,10,4,22,0,3.9,89,0,0,1.53816e+07,21.9736,21.9736,21.9736,21.9736,0,0,0,0
12/10/2009 23:00,12,10,4,23,0,3.3,89,0,0,1.53816e+07,21.9736,21.9736,21.9736,21.9736,0,0,0,0
12/11/2009 00:00,12,11,5,0,0,2.8,89,0,0,1.53816e+07,21.9736,21.9736,21.9736,21.9736,0,0,0,0
12/11/2009 01:00,12,11,5,1,0,2.2,89,0,0,2.07703e+07,21.9736,21.9736,21.9736,21.9736,0,0,0,0
12/11/2009 02:00,12,11,5,2,0,1.7,89,0,0,2.07703e+07,21.9736,21.9736,21.9736,21.9736,0,0,0,0
12/11/2009 03:00,12,11,5,3,0,0.6,89,0,0,2.07703e+07,21.9736,21.9736,21.9736,21.9736,0,0,0,0
12/11/2009 04:00,12,11,5,4,0,1.1,89,0,0,2.07703e+07,21.9736,21.9736,21.9736,21.9736,0,0,0,0
12/11/2009 05:00,12,11,5,5,0,0.6,92,0,0,2.07703e+07,21.9736,21.9736,21.9736,21.9736,0,0,0,0
12/11/2009 06:00,12,11,5,6,0,-0.6,92,0,0,2.23312e+07,21.9736,21.9736,21.9736,21.9736,0,0,0,0
12/11/2009 07:00,12,11,5,7,0,-0.6,92,4.63905e+06,0,2.90132e+07,14.465,14.465,16.8904,14.465,0.273414,0,8.13912e+06,0
12/11/2009 08:00,12,11,5,8,0,1.1,85,2.05989e+06,0,2.8437e+07,14.0464,14.0464,16.8904,14.0464,0.109535,0,4.69471e+06,0
12/11/2009 09:00,12,11,5,9,0,5.6,68,0,0,5.18266e+07,14.0462,14.0462,14.0462,14.0462,0,0,0,0
12/11/2009 10:00,12,11,5,10,0,8.3,61,0,170921,5.20274e+07,14.7844,14.7844,15.9423,14.7844,0.00883885,0,250034,0
12/11/2009 11:00,12,11,5,11,0,10.6,48,0,1.15374e+06,5.32296e+07,19.3469,19.3469,19.3469,16.8904,0,0.0737237,0,2.79907e+06
12/11/2009 12:00,12,11,5,12,0,12.8,42,0,1.82006e+06,5.40558e+07,21.5304,21.5304,21.5304,16.8904,0,0.121007,0,8.4472e+06
12/11/2009 13:00,12,11,5,13,0,13.9,34,0,1.86698e+06,4.96917e+07,21.7112,21.7112,21.7112,16.8904,0,0.12435,0,9.02134e+06
12/11/2009 14:00,12,11,5,14,0,15.6,31,0,2.734e+06,5.51671e+07,21.8232,21.8232,21.8232,16.8904,0,0.179634,0,1.33394e+07
12/11/2009 15:00,12,11,5,15,0,16.7,30,0,3.42801e+06,5.60052e+07,21.9033,21.9033,21.9033,16.8904,0,0.222113,0,1.67566e+07
12/11/2009 16:00,12,11,5,16,0,16.1,29,0,3.68915e+06,5.63182e+07,21.96,21.96,21.96,16.8904,0,0.237223,0,1.80981e+07
12/11/2009 17:00,12,11,5,17,0,14.4,36,0,3.09286e+06,5.55781e+07,22.0259,22.0259,22.0259,16.8904,0,0.194985,0,1.5069e+07
12/11/2009 18:00,12,11,5,18,0,10,54,0,72105.7,3.53841e+07,22.0411,22.0411,22.0411,16.8904,0,0.00125861,0,97559.9
12/11/2009 19:00,12,11,5,19,0,9.4,59,0,0,2.28739e+07,22.0458,22.0458,22.0458,22.0458,0,0,0,0
12/11/2009 20:00,12,11,5,20,0,6.7,74,0,0,2.28739e+07,22.0458,22.0458,22.0458,22.0458,0,0,0,0
12/11/2009 21:00,12,11,5,21,0,5,82,0,0,1.97521e+07,22.0458,22.0458,22.0458,22.0458,0,0,0,0
12/11/2009 22:00,12,11,5,22,0,4.4,86,0,0,1.97521e+07,22.0458,22.0458,22.0458,22.0458,0,0,0,0
12/11/2009 23:00,12,11,5,23,0,4.4,86,0,0,1.69425e+07,22.0458,22.0458,22.0458,22.0458,0,0,0,0
12/12/2009 00:00,12,12,6,0,0,3.3,89,0,0,1.53816e+07,22.0458,22.0458,22.0458,22.0458,0,0,0,0
12/12/2009 01:00,12,12,6,1,0,2.8,89,0,0,2.07703e+07,22.0458,22.0458,22.0458,22.0458,0,0,0,0
12/12/2009 02:00,12,12,6,2,0,2.2,92,0,0,2.07703e+07,22.0458,22.0458,22.0458,22.0458,0,0,0,0
12/12/2009 03:00,12,12,6,3,0,1.7,92,0,0,2.07703e+07,22.0458,22.0458,22.0458,22.0458,0,0,0,0
12/12/2009 04:00,12,12,6,4,0,1.1,92,0,0,2.07703e+07,22.0458,22.0458,22.0458,22.0458,0,0,0,0
12/12/2009 05:00,12,12,6,5,0,1.1,92,0,0,2.07703e+07,22.0458,22.0458,22.0458,22.0458,0,0,0,0
12/12/2009 06:00,12,12,6,6,0,0.6,92,0,0,2.23312e+07,22.0458,22.0458,22.0458,22.0458,0,0,0,0
12/12/2009 07:00,12,12,6,7,0,1.1,89,1.85264e+06,0,2.56297e+07,16.0018,16.0018,17.2456,15.6467,0.0437745,0.0538849,1.31612e+06,864467
12/12/2009 08:00,12,12,6,8,0,2.8,82,685797,0,2.68054e+07,14.2829,14.2829,16.8904,14.2829,0.0338422,0,1.32953e+06,0
12/12/2009 09:00,12,12,6,9,0,7.8,63,0,433569,5.23337e+07,15.7408,15.7408,16.3116,15.5444,0.0129001,0.00897426,244919,94860
12/12/2009 10:00,12,12,6,10,0,13.3,49,0,404098,5.23028e+07,19.0916,19.0916,19.0916,17.3358,0,0.0214602,0,792036
12/12/2009 11:00,12,12,6,11,0,15.6,44,0,2.41921e+06,5.47569e+07,21.7336,21.7336,21.7336,16.8904,0,0.151506,0,1.10842e+07
12/12/2009 12:00,12,12,6,12,0,17.2,41,0,3.54955e+06,5.61707e+07,22.1232,22.1232,22.1232,16.8904,0,0.235532,0,1.85476e+07
12/12/2009 13:00,12,12,6,13,0,18.9,37,0,3.00813e+06,5.10783e+07,22.0834,22.0834,22.0834,16.8904,0,0.197322,0,1.54205e+07
12/12/2009 14:00,12,12,6,14,0,18.3,37,0,3.89805e+06,5.65787e+07,22.098,22.098,22.098,16.8904,0,0.25318,0,1.98411e+07
12/12/2009 15:00,12,12,6,15,0,18.3,39,0,4.93341e+06,5.78414e+07,22.1088,22.1088,22.1088,16.8904,0,0.319645,0,2.51013e+07
12/12/2009 16:00,12,12,6,16,0,18.3,37,0,5.32284e+06,5.83074e+07,22.1109,22.1109,22.1109,16.8904,0,0.341995,0,2.68672e+07
12/12/2009 17:00,12,12,6,17,0,16.7,40,0,4.39881e+06,5.71606e+07,22.1131,22.1131,22.1131,16.8904,0,0.276536,0,2.17342e+07
12/12/2009 18:00,12,12,6,18,0,11.7,55,0,575363,3.59966e+07,22.1359,22.1359,22.1359,16.8904,0,0.0338512,0,2.67213e+06
12/12/2009 19:00,12,12,6,19,0,12.2,57,0,0,2.28739e+07,22.1513,22.1513,22.1513,22.1513,0,0,0,0
12/12/2009 20:00,12,12,6,20,0,12.2,59,0,0,2.28739e+07,22.1513,22.1513,22.1513,22.1513,0,0,0,0
12/12/2009 21:00,12,12,6,21,0,11.7,64,0,0,1.97521e+07,22.1513,22.1513,22.1513,22.1513,0,0,0,0
12/12/2009 22:00,12,12,6,22,0,11.7,66,0,0,1.97521e+07,22.1513,22.1513,22.1513,22.1513,0,0,0,0
12/12/2009 23:00,12,12,6,23,0,8.3,83,0,0,1.69425e+07,22.1513,22.1513,22.1513,22.1513,0,0,0,0
12/13/2009 00:00,12,13,0,0,0,8.3,83,0,0,1.53816e+07,22.1513,22.1513,22.1513,22.1513,0,0,0,0
12/13/2009 01:00,12,13,0,1,0,8.3,86,0,0,2.07703e+07,22.1513,22.1513,22.1513,22.1513,0,0,0,0
12/13/2009 02:00,12,13,0,2,0,8.3,89,0,0,2.07703e+07,22.1513,22.1513,22.1513,22.1513,0,0,0,0
12/13/2009 03:00,12,13,0,3,0,7.8,89,0,0,2.07703e+07,22.1513,22.1513,22.1513,22.1513,0,0,0,0
12/13/2009 04:00,12,13,0,4,0,7.2,93,0,0,2.07703e+07,22.1513,22.1513,22.1513,22.1513,0,0,0,0
12/13/2009 05:00,12,13,0,5,0,6.7,93,0,0,2.07703e+07,22.1513,22.1513,22.1513,22.1513,0,0,0,0
12/13/2009 06:00,12,13,0,6,0,7.2,89,0,0,2.23312e+07,22.1513,22.1513,22.1513,22.1513,0,0,0,0
12/13/2009 07:00,12,13,0,7,0,7.8,86,0,0,2.34449e+07,22.1513,22.1513,22.1513,22.1513,0,0,0,0
12/13/2009 08:00,12,13,0,8,0,8.9,83,0,0,2.60045e+07,22.1513,22.1513,22.1513,22.1513,0,0,0,0
12/13/2009 09:00,12,13,0,9,0,11.7,77,0,950483,5.29705e+07,22.1745,22.1745,22.1745,17.9426,0,0.0576546,0,4.58867e+06
12/13/2009 10:00,12,13,0,10,0,13.3,75,0,1.30785e+06,5.3406e+07,22.2001,22.2001,22.2001,16.8904,0,0.0808943,0,6.46217e+06
12/13/2009 11:00,12,13,0,11,0,14.4,75,0,1.83157e+06,5.40411e+07,22.1696,22.1696,22.1696,16.8904,0,0.113932,0,9.05105e+06
12/13/2009 12:00,12,13,0,12,0,17.8,63,0,3.18108e+06,5.56675e+07,22.1615,22.1615,22.1615,16.8904,0,0.195622,0,1.55179e+07
12/13/2009 13:00,12,13,0,13,0,20,57,0,3.63827e+06,5.18147e+07,22.1269,22.1269,22.1269,16.8904,0,0.228682,0,1.80208e+07
12/13/2009 14:00,12,13,0,14,0,20.6,57,0,6.23463e+06,5.94224e+07,22.1573,22.1573,22.1573,16.8904,0,0.402278,0,3.18842e+07
12/13/2009 15:00,12,13,0,15,0,21.7,55,0,6.54054e+06,5.9795e+07,22.1601,22.1601,22.1601,16.8904,0,0.421711,0,3.34423e+07
12/13/2009 16:00,12,13,0,16,0,20.6,59,0,6.10959e+06,5.92594e+07,22.1522,22.1522,22.1522,16.8904,0,0.39093,0,3.09545e+07
12/13/2009 17:00,12,13,0,17,0,19.4,63,0,5.33414e+06,5.83032e+07,22.1477,22.1477,22.1477,16.8904,0,0.337892,0,2.67323e+07
12/13/2009 18:00,12,13,0,18,0,17.8,73,0,1.12306e+06,3.66535e+07,22.1028,22.1028,22.1028,16.8904,0,0.0662452,0,5.19615e+06
12/13/2009 19:00,12,13,0,19,0,17.2,75,0,0,2.28739e+07,22.0802,22.0802,22.0802,22.0802,0,0,0,0
12/13/2009 20:00,12,13,0,20,0,17.2,75,0,0,2.28739e+07,22.0802,22.0802,22.0802,22.0802,0,0,0,0
12/13/2009 21:00,12,13,0,21,0,16.7,78,0,0,1.97521e+07,22.0802,22.0802,22.0802,22.0802,0,0,0,0
12/13/2009 22:00,12,13,0,22,0,16.1,78,0,0,1.97521e+07,22.0802,22.0802,22.0802,22.0802,0,0,0,0
12/13/2009 23:00,12,13,0,23,0,15.6,78,0,0,1.69425e+07,22.0802,22.0802,22.0802,22.0802,0,0,0,0
12/14/2009 00:00,12,14,1,0,0,13.3,87,0,0,1.53816e+07,22.0802,22.0802,22.0802,22.0802,0,0,0,0
12/14/2009 01:00,12,14,1,1,0,13.3,90,0,0,2.07703e+07,22.0802,22.0802,22.0802,22.0802,0,0,0,0
12/14/2009 02:00,12,14,1,2,0,12.2,90,0,0,2.07703e+07,22.0802,22.0802,22.0802,22.0802,0,0,0,0
12/14/2009 03:00,12,14,1,3,0,11.7,90,0,0,2.07703e+07,22.0802,22.0802,22.0802,22.0802,0,0,0,0
12/14/2009 04:00,12,14,1,4,0,11.7,90,0,0,2.07703e+07,22.0802,22.0802,22.0802,22.0802,0,0,0,0
12/14/2009 05:00,12,14,1,5,0,12.2,90,0,0,2.07703e+07,22.0802,22.0802,22.0802,22.0802,0,0,0,0
12/14/2009 06:00,12,14,1,6,0,11.1,93,0,0,2.23312e+07,22.0802,22.0802,22.0802,22.0802,0,0,0,0
12/14/2009 07:00,12,14,1,7,0,10,96,0,0,2.34449e+07,22.0802,22.0802,22.0802,22.0802,0,0,0,0
12/14/2009 08:00,12,14,1,8,0,11.1,90,0,0,2.60045e+07,22.0802,22.0802,22.0802,22.0802,0,0,0,0
12/14/2009 09:00,12,14,1,9,0,12.8,72,0,3.15728e+06,5.56425e+07,22.1052,22.1052,22.1052,16.8904,0,0.195113,0,1.53155e+07
12/14/2009 10:00,12,14,1,10,0,13.3,64,0,3.563e+06,5.61366e+07,22.1083,22.1083,22.1083,16.8904,0,0.221365,0,1.73827e+07
12/14/2009 11:00,12,14,1,11,0,16.1,54,0,5.49e+06,5.85015e+07,22.1059,22.1059,22.1059,16.8904,0,0.350455,0,2.75054e+07
12/14/2009 12:00,12,14,1,12,0,17.2,50,0,5.62533e+06,5.86658e+07,22.1016,22.1016,22.1016,16.8904,0,0.358998,0,2.81533e+07
12/14/2009 13:00,12,14,1,13,0,17.2,52,0,4.16316e+06,5.24392e+07,22.0937,22.0937,22.0937,16.8904,0,0.257829,0,2.01885e+07
12/14/2009 14:00,12,14,1,14,0,17.8,50,0,5.89272e+06,5.89931e+07,22.079,22.079,22.079,16.8904,0,0.3765,0,2.93972e+07
12/14/2009 15:00,12,14,1,15,0,17.8,50,0,5.86988e+06,5.89654e+07,22.0733,22.0733,22.0733,16.8904,0,0.375118,0,2.92571e+07
12/14/2009 16:00,12,14,1,16,0,18.3,50,0,7.85105e+06,6.14269e+07,22.0608,22.0608,22.0608,16.8904,0,0.516306,0,4.01725e+07
12/14/2009 17:00,12,14,1,17,0,16.1,58,0,6.26177e+06,5.94519e+07,22.0487,22.0487,22.0487,16.8904,0,0.402935,0,3.1278e+07
12/14/2009 18:00,12,14,1,18,0,13.3,75,0,1.55139e+06,3.71455e+07,22.0335,22.0335,22.0335,16.8904,0,0.0851068,0,6.58693e+06
12/14/2009 19:00,12,14,1,19,0,11.7,83,0,0,2.28739e+07,22.0276,22.0276,22.0276,22.0276,0,0,0,0
12/14/2009 20:00,12,14,1,20,0,11.1,86,0,0,2.28739e+07,22.0276,22.0276,22.0276,22.0276,0,0,0,0
12/14/2009 21:00,12,14,1,21,0,11.7,83,0,0,1.97521e+07,22.0276,22.0276,22.0276,22.0276,0,0,0,0
12/14/2009 22:00,12,14,1,22,0,12.2,83,0,0,1.97521e+07,22.0276,22.0276,22.0276,22.0276,0,0,0,0
12/14/2009 23:00,12,14,1,23,0,12.2,83,0,0,1.69425e+07,22.0276,22.0276,22.0276,22.0276,0,0,0,0
12/15/2009 00:00,12,15,2,0,0,12.2,86,0,0,1.53816e+07,22.0276,22.0276,22.0276,22.0276,0,0,0,0
12/15/2009 01:00,12,15,2,1,0,12.2,86,0,0,2.07703e+07,22.0276,22.0276,22.0276,22.0276,0,0,0,0
12/15/2009 02:00,12,15,2,2,0,12.8,86,0,0,2.07703e+07,22.0276,22.0276,22.0276,22.0276,0,0,0,0
12/15/2009 03:00,12,15,2,3,0,12.8,86,0,0,2.07703e+07,22.0276,22.0276,22.0276,22.0276,0,0,0,0
12/15/2009 04:00,12,15,2,4,0,12.2,86,0,0,2.07703e+07,22.0276,22.0276,22.0276,22.0276,0,0,0,0
12/15/2009 05:00,12,15,2,5,0,12.2,86,0,0,2.07703e+07,22.0276,22.0276,22.0276,22.0276,0,0,0,0
12/15/2009 06:00,12,15,2,6,0,12.2,86,0,0,2.23312e+07,22.0276,22.0276,22.0276,22.0276,0,0,0,0
12/15/2009 07:00,12,15,2,7,0,12.2,86,0,0,2.34449e+07,22.0276,22.0276,22.0276,22.0276,0,0,0,0
12/15/2009 08:00,12,15,2,8,0,12.8,83,0,118954,2.61378e+07,22.029,22.029,22.029,16.8904,0,0.00426675,0,329945
12/15/2009 09:00,12,15,2,9,0,14.4,72,0,2.86447e+06,5.5284e+07,22.0606,22.0606,22.0606,16.8904,0,0.175807,0,1.36849e+07
12/15/2009 10:00,12,15,2,10,0,16.1,65,0,4.1816e+06,5.68854e+07,22.0894,22.0894,22.0894,16.8904,0,0.259594,0,2.03102e+07
12/15/2009 11:00,12,15,2,11,0,17.8,56,0,4.70828e+06,5.75329e+07,22.0945,22.0945,22.0945,16.8904,0,0.295235,0,2.3121e+07
12/15/2009 12:00,12,15,2,12,0,19.4,47,0,5.40309e+06,5.83885e+07,22.0945,22.0945,22.0945,16.8904,0,0.342636,0,2.68333e+07
12/15/2009 13:00,12,15,2,13,0,17.8,54,0,4.61059e+06,5.29891e+07,22.0856,22.0856,22.0856,16.8904,0,0.288037,0,2.2519e+07
12/15/2009 14:00,12,15,2,14,0,15.6,67,0,5.21672e+06,5.81603e+07,22.0666,22.0666,22.0666,16.8904,0,0.330364,0,2.57335e+07
12/15/2009 15:00,12,15,2,15,0,13.9,80,0,5.3761e+06,5.83574e+07,22.0613,22.0613,22.0613,16.8904,0,0.341504,0,2.65741e+07
12/15/2009 16:00,12,15,2,16,0,13.9,93,0,5.56881e+06,5.85953e+07,22.0603,22.0603,22.0603,16.8904,0,0.354838,0,2.76065e+07
12/15/2009 17:00,12,15,2,17,0,13.9,93,0,5.45013e+06,5.84496e+07,22.0597,22.0597,22.0597,16.8904,0,0.346913,0,2.69867e+07
12/15/2009 18:00,12,15,2,18,0,13.9,93,0,1.48585e+06,3.70655e+07,22.0456,22.0456,22.0456,16.8904,0,0.0808244,0,6.27029e+06
12/15/2009 19:00,12,15,2,19,0,14.4,93,0,0,2.28739e+07,22.0395,22.0395,22.0395,22.0395,0,0,0,0
12/15/2009 20:00,12,15,2,20,0,14.4,93,0,0,2.28739e+07,22.0395,22.0395,22.0395,22.0395,0,0,0,0
12/15/2009 21:00,12,15,2,21,0,15,93,0,0,1.97521e+07,22.0395,22.0395,22.0395,22.0395,0,0,0,0
12/15/2009 22:00,12,15,2,22,0,15.6,90,0,0,1.97521e+07,22.0395,22.0395,22.0395,22.0395,0,0,0,0
12/15/2009 23:00,12,15,2,23,0,15.6,90,0,0,1.69425e+07,22.0395,22.0395,22.0395,22.0395,0,0,0,0
12/16/2009 00:00,12,16,3,0,0,15,97,0,0,1.53816e+07,22.0395,22.0395,22.0395,22.0395,0,0,0,0
12/16/2009 01:00,12,16,3,1,0,13.9,96,0,0,1.42679e+07,22.0395,22.0395,22.0395,22.0395,0,0,0,0
12/16/2009 02:00,12,16,3,2,0,12.2,96,0,0,1.42679e+07,22.0395,22.0395,22.0395,22.0395,0,0,0,0
12/16/2009 03:00,12,16,3,3,0,11.7,100,0,0,1.42679e+07,22.0395,22.0395,22.0395,22.0395,0,0,0,0
12/16/2009 04:00,12,16,3,4,0,10,100,0,0,1.42679e+07,22.0395,22.0395,22.0395,22.0395,0,0,0,0
12/16/2009 05:00,12,16,3,5,0,10,100,0,0,1.42679e+07,22.0395,22.0395,22.0395,22.0395,0,0,0,0
12/16/2009 06:00,12,16,3,6,0,7.8,100,0,0,1.42679e+07,22.0395,22.0395,22.0395,22.0395,0,0,0,0
12/16/2009 07:00,12,16,3,7,0,8.3,93,0,0,1.53816e+07,22.0395,22.0395,22.0395,22.0395,0,0,0,0
12/16/2009 08:00,12,16,3,8,0,9.4,86,0,0,1.20098e+07,22.0395,22.0395,22.0395,22.0395,0,0,0,0
12/16/2009 09:00,12,16,3,9,0,13.3,72,0,0,1.20098e+07,22.0395,22.0395,22.0395,22.0395,0,0,0,0
12/16/2009 10:00,12,16,3,10,0,17.2,56,0,0,1.20098e+07,22.0395,22.0395,22.0395,22.0395,0,0,0,0
12/16/2009 11:00,12,16,3,11,0,21.1,42,0,0,1.20098e+07,22.0395,22.0395,22.0395,22.0395,0,0,0,0
12/16/2009 12:00,12,16,3,12,0,22.8,34,0,0,1.20098e+07,22.0395,22.0395,22.0395,22.0395,0,0,0,0
12/16/2009 13:00,12,16,3,13,0,23.9,32,0,0,1.20098e+07,22.0395,22.0395,22.0395,22.0395,0,0,0,0
12/16/2009 14:00,12,16,3,14,0,23.9,33,0,0,1.20098e+07,22.0395,22.0395,22.0395,22.0395,0,0,0,0
12/16/2009 15:00,12,16,3,15,0,23.9,34,0,0,1.20098e+07,22.0395,22.0395,22.0395,22.0395,0,0,0,0
12/16/2009 16:00,12,16,3,16,0,24.4,33,0,0,1.20098e+07,22.0395,22.0395,22.0395,22.0395,0,0,0,0
12/16/2009 17:00,12,16,3,17,0,22.2,37,0,0,1.20098e+07,22.0395,22.0395,22.0395,22.0395,0,0,0,0
12/16/2009 18:00,12,16,3,18,0,19.4,39,0,0,1.53816e+07,22.0395,22.0395,22.0395,22.0395,0,0,0,0
12/16/2009 19:00,12,16,3,19,0,16.1,50,0,0,1.53816e+07,22.0395,22.0395,22.0395,22.0395,0,0,0,0
12/16/2009 20:00,12,16,3,20,0,16.1,52,0,0,1.53816e+07,22.0395,22.0395,22.0395,22.0395,0,0,0,0
12/16/2009 21:00,12,16,3,21,0,14.4,58,0,0,1.53816e+07,22.0395,22.0395,22.0395,22.0395,0,0,0,0
12/16/2009 22:00,12,16,3,22,0,11.7,72,0,0,1.53816e+07,22.0395,22.0395,22.0395,22.0395,0,0,0,0
12/16/2009 23:00,12,16,3,23,0,9.4,86,0,0,1.53816e+07,22.0395,22.0395,22.0395,22.0395,0,0,0,0
12/17/2009 00:00,12,17,4,0,0,8.3,93,0,0,1.53816e+07,22.0395,22.0395,22.0395,22.0395,0,0,0,0
12/17/2009 01:00,12,17,4,1,0,10,80,0,0,1.42679e+07,22.0395,22.0395,22.0395,22.0395,0,0,0,0
12/17/2009 02:00,12,17,4,2,0,7.2,89,0,0,1.42679e+07,22.0395,22.0395,22.0395,22.0395,0,0,0,0
12/17/2009 03:00,12,17,4,3,0,6.7,93,0,0,1.42679e+07,22.0395,22.0395,22.0395,22.0395,0,0,0,0
12/17/2009 04:00,12,17,4,4,0,6.7,93,0,0,1.42679e+07,22.0395,22.0395,22.0395,22.0395,0,0,0,0
12/17/2009 05:00,12,17,4,5,0,6.1,93,0,0,1.42679e+07,22.0395,22.0395,22.0395,22.0395,0,0,0,0
12/17/2009 06:00,12,17,4,6,0,5,96,0,0,1.42679e+07,22.0395,22.0395,22.0395,22.0395,0,0,0,0
12/17/2009 07:00,12,17,4,7,0,6.1,89,0,0,1.53816e+07,22.0395,22.0395,22.0395,22.0395,0,0,0,0
12/17/2009 08:00,12,17,4,8,0,7.2,86,0,0,1.20098e+07,22.0395,22.0395,22.0395,22.0395,0,0,0,0
12/17/2009 09:00,12,17,4,9,0,11.7,69,0,0,1.20098e+07,22.0395,22.0395,22.0395,22.0395,0,0,0,0
12/17/2009 10:00,12,17,4,10,0,14.4,58,0,0,1.20098e+07,22.0395,22.0395,22.0395,22.0395,0,0,0,0
12/17/2009 11:00,12,17,4,11,0,16.1,50,0,0,1.20098e+07,22.0395,22.0395,22.0395,22.0395,0,0,0,0
12/17/2009 12:00,12,17,4,12,0,17.8,42,0,0,1.20098e+07,22.0395,22.0395,22.0395,22.0395,0,0,0,0
12/17/2009 13:00,12,17,4,13,0,19.4,37,0,0,1.20098e+07,22.0395,22.0395,22.0395,22.0395,0,0,0,0
12/17/2009 14:00,12,17,4,14,0,20.6,36,0,0,1.20098e+07,22.0395,22.0395,22.0395,22.0395,0,0,0,0
12/17/2009 15:00,12,17,4,15,0,21.1,35,0,0,1.20098e+07,22.0395,22.0395,22.0395,22.0395,0,0,0,0
12/17/2009 16:00,12,17,4,16,0,21.7,34,0,0,1.20098e+07,22.0395,22.0395,22.0395,22.0395,0,0,0,0
12/17/2009 17:00,12,17,4,17,0,20,38,0,0,1.20098e+07,22.0395,22.0395,22.0395,22.0395,0,0,0,0
12/17/2009 18:00,12,17,4,18,0,16.7,50,0,0,1.53816e+07,22.0395,22.0395,22.0395,22.0395,0,0,0,0
12/17/2009 19:00,12,17,4,19,0,14.4,62,0,0,1.53816e+07,22.0395,22.0395,22.0395,22.0395,0,0,0,0
12/17/2009 20:00,12,17,4,20,0,13.3,72,0,0,1.53816e+07,22.0395,22.0395,22.0395,22.0395,0,0,0,0
12/17/2009 21:00,12,17,4,21,0,12.8,77,0,0,1.53816e+07,22.0395,22.0395,22.0395,22.0395,0,0,0,0
12/17/2009 22:00,12,17,4,22,0,12.8,75,0,0,1.53816e+07,22.0395,22.0395,22.0395,22.0395,0,0,0,0
12/17/2009 23:00,12,17,4,23,0,12.8,77,0,0,1.53816e+07,22.0395,22.0395,22.0395,22.0395,0,0,0,0
12/18/2009 00:00,12,18,5,0,0,12.8,80,0,0,1.53816e+07,22.0395,22.0395,22.0395,22.0395,0,0,0,0
12/18/2009 01:00,12,18,5,1,0,11.7,83,0,0,2.07703e+07,22.0395,22.0395,22.0395,22.0395,0,0,0,0
12/18/2009 02:00,12,18,5,2,0,11.7,83,0,0,2.07703e+07,22.0395,22.0395,22.0395,22.0395,0,0,0,0
12/18/2009 03:00,12,18,5,3,0,9.4,89,0,0,2.07703e+07,22.0395,22.0395,22.0395,22.0395,0,0,0,0
12/18/2009 04:00,12,18,5,4,0,8.3,89,0,0,2.07703e+07,22.0395,22.0395,22.0395,22.0395,0,0,0,0
12/18/2009 05:00,12,18,5,5,0,8.9,93,0,0,2.07703e+07,22.0395,22.0395,22.0395,22.0395,0,0,0,0
12/18/2009 06:00,12,18,5,6,0,7.8,96,0,0,2.23312e+07,22.0395,22.0395,22.0395,22.0395,0,0,0,0
12/18/2009 07:00,12,18,5,7,0,8.9,89,0,0,2.34449e+07,22.0395,22.0395,22.0395,22.0395,0,0,0,0
12/18/2009 08:00,12,18,5,8,0,11.1,83,0,0,2.60045e+07,22.0395,22.0395,22.0395,22.0395,0,0,0,0
12/18/2009 09:00,12,18,5,9,0,15.6,70,0,2.69623e+06,5.50986e+07,21.8848,21.8848,21.8848,16.8904,0,0.170235,0,1.277e+07
12/18/2009 10:00,12,18,5,10,0,20.6,63,0,4.07711e+06,5.67962e+07,21.868,21.868,21.868,16.8904,0,0.263805,0,1.97613e+07
12/18/2009 11:00,12,18,5,11,0,22.8,57,0,5.27622e+06,5.8272e+07,21.9024,21.9024,21.9024,16.8904,0,0.345624,0,2.60696e+07
12/18/2009 12:00,12,18,5,12,0,24.4,52,0,6.19245e+06,5.94108e+07,21.9393,21.9393,21.9393,16.8904,0,0.411555,0,3.12707e+07
12/18/2009 13:00,12,18,5,13,0,26.1,38,0,5.99497e+06,5.47487e+07,21.9382,21.9382,21.9382,16.8904,0,0.398942,0,3.0305e+07
12/18/2009 14:00,12,18,5,14,0,27.2,38,0,8.00834e+06,6.16614e+07,21.9461,21.9461,21.9461,16.8904,0,0.539559,0,4.10505e+07
12/18/2009 15:00,12,18,5,15,0,27.8,37,0,8.84859e+06,6.2699e+07,21.9563,21.9563,21.9563,16.8904,0,0.597293,0,4.55345e+07
12/18/2009 16:00,12,18,5,16,0,26.7,41,0,8.96908e+06,6.28385e+07,21.9639,21.9639,21.9639,16.8904,0,0.6027,0,4.60161e+07
12/18/2009 17:00,12,18,5,17,0,25,47,0,8.26469e+06,6.19484e+07,21.9718,21.9718,21.9718,16.8904,0,0.548025,0,4.1907e+07
12/18/2009 18:00,12,18,5,18,0,22.8,55,0,3.13309e+06,3.90813e+07,21.9753,21.9753,21.9753,16.8904,0,0.189309,0,1.44861e+07
12/18/2009 19:00,12,18,5,19,0,21.1,66,0,0,2.28739e+07,21.9754,21.9754,21.9754,21.9754,0,0,0,0
12/18/2009 20:00,12,18,5,20,0,20.6,71,0,0,2.28739e+07,21.9754,21.9754,21.9754,21.9754,0,0,0,0
12/18/2009 21:00,12,18,5,21,0,19.4,76,0,0,1.97521e+07,21.9754,21.9754,21.9754,21.9754,0,0,0,0
12/18/2009 22:00,12,18,5,22,0,18.9,81,0,0,1.97521e+07,21.9754,21.9754,21.9754,21.9754,0,0,0,0
12/18/2009 23:00,12,18,5,23,0,18.3,84,0,0,1.69425e+07,21.9754,21.9754,21.9754,21.9754,0,0,0,0
12/19/2009 00:00,12,19,6,0,0,17.8,87,0,0,1.53816e+07,21.9754,21.9754,21.9754,21.9754,0,0,0,0
12/19/2009 01:00,12,19,6,1,0,16.7,90,0,0,2.07703e+07,21.9754,21.9754,21.9754,21.9754,0,0,0,0
12/19/2009 02:00,12,19,6,2,0,13.9,96,0,0,2.07703e+07,21.9754,21.9754,21.9754,21.9754,0,0,0,0
12/19/2009 03:00,12,19,6,3,0,13.9,96,0,0,2.07703e+07,21.9754,21.9754,21.9754,21.9754,0,0,0,0
12/19/2009 04:00,12,19,6,4,0,12.8,96,0,0,2.07703e+07,21.9754,21.9754,21.9754,21.9754,0,0,0,0
12/19/2009 05:00,12,19,6,5,0,14.4,93,0,0,2.07703e+07,21.9754,21.9754,21.9754,21.9754,0,0,0,0
12/19/2009 06:00,12,19,6,6,0,14.4,93,0,0,2.23312e+07,21.9754,21.9754,21.9754,21.9754,0,0,0,0
12/19/2009 07:00,12,19,6,7,0,14.4,96,0,238267,2.37231e+07,21.9976,21.9976,21.9976,16.8904,0,0.0119088,0,915276
12/19/2009 08:00,12,19,6,8,0,15,93,0,447338,2.65258e+07,22.0399,22.0399,22.0399,16.8904,0,0.0220341,0,1.70747e+06
12/19/2009 09:00,12,19,6,9,0,12.8,93,0,4.14916e+06,5.68539e+07,22.075,22.075,22.075,16.8904,0,0.259984,0,2.02869e+07
12/19/2009 10:00,12,19,6,10,0,12.2,80,0,5.40993e+06,5.83985e+07,22.0837,22.0837,22.0837,16.8904,0,0.343577,0,2.68509e+07
12/19/2009 11:00,12,19,6,11,0,12.8,67,0,5.60681e+06,5.86424e+07,22.0804,22.0804,22.0804,16.8904,0,0.357535,0,2.79242e+07
12/19/2009 12:00,12,19,6,12,0,13.3,57,0,5.99696e+06,5.91238e+07,22.0741,22.0741,22.0741,16.8904,0,0.384432,0,2.99885e+07
12/19/2009 13:00,12,19,6,13,0,12.8,55,0,5.08096e+06,5.35705e+07,22.0619,22.0619,22.0619,16.8904,0,0.32087,0,2.49715e+07
12/19/2009 14:00,12,19,6,14,0,13.3,51,0,6.15356e+06,5.93181e+07,22.0412,22.0412,22.0412,16.8904,0,0.395537,0,3.06591e+07
12/19/2009 15:00,12,19,6,15,0,11.7,57,0,5.97152e+06,5.90942e+07,22.027,22.027,22.027,16.8904,0,0.383237,0,2.9624e+07
12/19/2009 16:00,12,19,6,16,0,11.1,61,0,5.75684e+06,5.88298e+07,22.023,22.023,22.023,16.8904,0,0.368631,0,2.84725e+07
12/19/2009 17:00,12,19,6,17,0,10,69,0,5.52693e+06,5.85467e+07,22.022,22.022,22.022,16.8904,0,0.352992,0,2.72591e+07
12/19/2009 18:00,12,19,6,18,0,8.9,80,0,1.24529e+06,3.68051e+07,22.0168,22.0168,22.0168,16.8904,0,0.0750938,0,5.79318e+06
12/19/2009 19:00,12,19,6,19,0,7.8,83,0,0,2.28739e+07,22.0145,22.0145,22.0145,22.0145,0,0,0,0
12/19/2009 20:00,12,19,6,20,0,7.2,80,0,0,2.28739e+07,22.0145,22.0145,22.0145,22.0145,0,0,0,0
12/19/2009 21:00,12,19,6,21,0,6.7,80,0,0,1.97521e+07,22.0145,22.0145,22.0145,22.0145,0,0,0,0
12/19/2009 22:00,12,19,6,22,0,6.1,79,0,0,1.97521e+07,22.0145,22.0145,22.0145,22.0145,0,0,0,0
12/19/2009 23:00,12,19,6,23,0,5.6,76,0,0,1.69425e+07,22.0145,22.0145,22.0145,22.0145,0,0,0,0
12/20/2009 00:00,12,20,0,0,0,5.6,76,0,0,1.53816e+07,22.0145,22.0145,22.0145,22.0145,0,0,0,0
12/20/2009 01:00,12,20,0,1,0,5.6,68,0,0,2.07703e+07,22.0145,22.0145,22.0145,22.0145,0,0,0,0
12/20/2009 02:00,12,20,0,2,0,5,65,0,0,2.07703e+07,22.0145,22.0145,22.0145,22.0145,0,0,0,0
12/20/2009 03:00,12,20,0,3,0,5,58,0,0,2.07703e+07,22.0145,22.0145,22.0145,22.0145,0,0,0,0
12/20/2009 04:00,12,20,0,4,0,4.4,49,0,0,2.07703e+07,22.0145,22.0145,22.0145,22.0145,0,0,0,0
12/20/2009 05:00,12,20,0,5,0,4.4,47,0,0,2.07703e+07,22.0145,22.0145,22.0145,22.0145,0,0,0,0
12/20/2009 06:00,12,20,0,6,0,4.4,43,0,0,2.23312e+07,22.0145,22.0145,22.0145,22.0145,0,0,0,0
12/20/2009 07:00,12,20,0,7,0,3.9,39,302373,0,2.3776e+07,21.0331,21.0331,21.0331,16.8904,0,0.00840589,0,524093
12/20/2009 08:00,12,20,0,8,0,4.4,35,0,0,2.60045e+07,20.1358,20.1358,20.1358,20.1358,0,0,0,0
12/20/2009 09:00,12,20,0,9,0,4.4,36,0,1.16834e+06,5.32433e+07,21.2923,21.2923,21.2923,16.8904,0,0.0740707,0,4.95982e+06
12/20/2009 10:00,12,20,0,10,0,4.4,38,0,1.36741e+06,5.34884e+07,22.0298,22.0298,22.0298,16.8904,0,0.0877924,0,6.79076e+06
12/20/2009 11:00,12,20,0,11,0,5,40,0,1.72879e+06,5.39191e+07,22.0483,22.0483,22.0483,16.8904,0,0.108359,0,8.41071e+06
12/20/2009 12:00,12,20,0,12,0,6.1,37,0,1.67797e+06,5.38581e+07,22.057,22.057,22.057,16.8904,0,0.105389,0,8.19395e+06
12/20/2009 13:00,12,20,0,13,0,6.1,37,0,1.20966e+06,4.88715e+07,22.0794,22.0794,22.0794,16.8904,0,0.0768189,0,5.99855e+06
12/20/2009 14:00,12,20,0,14,0,6.7,35,0,2.30016e+06,5.46076e+07,22.0154,22.0154,22.0154,16.8904,0,0.143041,0,1.10303e+07
12/20/2009 15:00,12,20,0,15,0,7.2,34,0,2.69121e+06,5.50761e+07,21.9889,21.9889,21.9889,16.8904,0,0.165822,0,1.27229e+07
12/20/2009 16:00,12,20,0,16,0,6.7,35,0,2.63742e+06,5.50224e+07,21.9989,21.9989,21.9989,16.8904,0,0.165842,0,1.27493e+07
12/20/2009 17:00,12,20,0,17,0,5.6,38,0,2.92037e+06,5.53697e+07,22.0067,22.0067,22.0067,16.8904,0,0.184721,0,1.42222e+07
12/20/2009 18:00,12,20,0,18,0,4.4,43,0,688048,3.61347e+07,22.033,22.033,22.033,16.8904,0,0.0414145,0,3.20506e+06
12/20/2009 19:00,12,20,0,19,0,4.4,43,0,0,2.28739e+07,22.0485,22.0485,22.0485,22.0485,0,0,0,0
12/20/2009 20:00,12,20,0,20,0,5,40,0,0,2.28739e+07,22.0485,22.0485,22.0485,22.0485,0,0,0,0
12/20/2009 21:00,12,20,0,21,0,5,40,0,0,1.97521e+07,22.0485,22.0485,22.0485,22.0485,0,0,0,0
12/20/2009 22:00,12,20,0,22,0,4.4,43,0,0,1.97521e+07,22.0485,22.0485,22.0485,22.0485,0,0,0,0
12/20/2009 23:00,12,20,0,23,0,5,40,0,0,1.69425e+07,22.0485,22.0485,22.0485,22.0485,0,0,0,0
12/21/2009 00:00,12,21,1,0,0,3.9,43,0,0,1.53816e+07,22.0485,22.0485,22.0485,22.0485,0,0,0,0
12/21/2009 01:00,12,21,1,1,0,3.3,43,0,0,2.07703e+07,22.0485,22.0485,22.0485,22.0485,0,0,0,0
12/21/2009 02:00,12,21,1,2,0,2.8,44,0,0,2.07703e+07,22.0485,22.0485,22.0485,22.0485,0,0,0,0
12/21/2009 03:00,12,21,1,3,0,2.8,44,0,0,2.07703e+07,22.0485,22.0485,22.0485,22.0485,0,0,0,0
12/21/2009 04:00,12,21,1,4,0,2.8,46,0,0,2.07703e+07,22.0485,22.0485,22.0485,22.0485,0,0,0,0
12/21/2009 05:00,12,21,1,5,0,2.2,48,0,0,2.07703e+07,22.0485,22.0485,22.0485,22.0485,0,0,0,0
12/21/2009 06:00,12,21,1,6,0,2.2,48,0,0,2.23312e+07,22.0485,22.0485,22.0485,22.0485,0,0,0,0
12/21/2009 07:00,12,21,1,7,0,1.7,48,3.15133e+06,0,2.71993e+07,14.9262,14.9262,16.8923,14.9243,0.0976728,0.0797525,3.93302e+06,9125.73
12/21/2009 08:00,12,21,1,8,0,1.7,46,959936,0,2.71125e+07,14.0595,14.0595,16.8904,14.0595,0.0435268,0,1.85695e+06,0
12/21/2009 09:00,12,21,1,9,0,1.7,44,0,537864,5.2473e+07,16.5123,16.5123,16.862,15.8312,0.0127193,0.0196765,268053,384950
12/21/2009 10:00,12,21,1,10,0,2.2,40,0,674489,5.26368e+07,20.426,20.426,20.426,16.8904,0,0.0404955,0,2.24012e+06
12/21/2009 11:00,12,21,1,11,0,3.3,37,0,883572,5.28926e+07,21.7892,21.7892,21.7892,16.8904,0,0.054412,0,4.01775e+06
12/21/2009 12:00,12,21,1,12,0,3.9,36,0,1.07244e+06,5.31244e+07,22.1309,22.1309,22.1309,16.8904,0,0.0672128,0,5.30064e+06
12/21/2009 13:00,12,21,1,13,0,5,35,0,756209,4.83142e+07,22.1873,22.1873,22.1873,16.8904,0,0.0458355,0,3.65351e+06
12/21/2009 14:00,12,21,1,14,0,6.7,31,0,1.23283e+06,5.33218e+07,22.1908,22.1908,22.1908,16.8904,0,0.0782516,0,6.24153e+06
12/21/2009 15:00,12,21,1,15,0,7.2,30,0,1.33593e+06,5.34489e+07,22.1844,22.1844,22.1844,16.8904,0,0.0854219,0,6.80518e+06
12/21/2009 16:00,12,21,1,16,0,7.2,30,0,1.41095e+06,5.35416e+07,22.1772,22.1772,22.1772,16.8904,0,0.0906779,0,7.21419e+06
12/21/2009 17:00,12,21,1,17,0,6.7,32,0,1.45829e+06,5.36001e+07,22.166,22.166,22.166,16.8904,0,0.0940264,0,7.46468e+06
12/21/2009 18:00,12,21,1,18,0,6.1,35,0,338279,3.57076e+07,22.1595,22.1595,22.1595,16.8904,0,0.018356,0,1.45547e+06
12/21/2009 19:00,12,21,1,19,0,5.6,36,0,0,2.28739e+07,22.1578,22.1578,22.1578,22.1578,0,0,0,0
12/21/2009 20:00,12,21,1,20,0,5.6,35,0,0,2.28739e+07,22.1578,22.1578,22.1578,22.1578,0,0,0,0
12/21/2009 21:00,12,21,1,21,0,5.6,36,0,0,1.97521e+07,22.1578,22.1578,22.1578,22.1578,0,0,0,0
12/21/2009 22:00,12,21,1,22,0,5.6,36,0,0,1.97521e+07,22.1578,22.1578,22.1578,22.1578,0,0,0,0
12/21/2009 23:00,12,21,1,23,0,5,40,0,0,1.69425e+07,22.1578,22.1578,22.1578,22.1578,0,0,0,0
12/22/2009 00:00,12,22,2,0,0,5,41,0,0,1.53816e+07,22.1578,22.1578,22.1578,22.1578,0,0,0,0
12/22/2009 01:00,12,22,2,1,0,5,40,0,0,2.07703e+07,22.1578,22.1578,22.1578,22.1578,0,0,0,0
12/22/2009 02:00,12,22,2,2,0,5,38,0,0,2.07703e+07,22.1578,22.1578,22.1578,22.1578,0,0,0,0
12/22/2009 03:00,12,22,2,3,0,5,41,0,0,2.07703e+07,22.1578,22.1578,22.1578,22.1578,0,0,0,0
12/22/2009 04:00,12,22,2,4,0,5,43,0,0,2.07703e+07,22.1578,22.1578,22.1578,22.1578,0,0,0,0
12/22/2009 05:00,12,22,2,5,0,5,43,0,0,2.07703e+07,22.1578,22.1578,22.1578,22.1578,0,0,0,0
12/22/2009 06:00,12,22,2,6,0,4.4,51,0,0,2.23312e+07,22.1578,22.1578,22.1578,22.1578,0,0,0,0
12/22/2009 07:00,12,22,2,7,0,4.4,53,3.01043e+06,0,2.70275e+07,15.2493,15.2493,17.0211,15.1186,0.0927505,0.0755882,3.45035e+06,595060
12/22/2009 08:00,12,22,2,8,0,5.6,49,1.00318e+06,0,2.71645e+07,14.0777,14.0777,16.8904,14.0777,0.0460699,0,1.95278e+06,0
12/22/2009 09:00,12,22,2,9,0,6.1,45,0,278709,5.21572e+07,15.2335,15.2335,16.2185,15.1978,0.0127281,0.00275719,263377,5928.51
12/22/2009 10:00,12,22,2,10,0,6.7,44,0,277887,5.21589e+07,17.8174,17.8174,17.8174,17.0798,0,0.01625,0,360946
12/22/2009 11:00,12,22,2,11,0,7.8,42,0,621617,5.25716e+07,20.4688,20.4688,20.4688,16.8904,0,0.0368222,0,2.01194e+06
12/22/2009 12:00,12,22,2,12,0,8.9,44,0,913705,5.2929e+07,21.8694,21.8694,21.8694,16.8904,0,0.0562812,0,4.21772e+06
12/22/2009 13:00,12,22,2,13,0,8.3,50,0,598759,4.81214e+07,22.2164,22.2164,22.2164,16.8904,0,0.0352879,0,2.8282e+06
12/22/2009 14:00,12,22,2,14,0,9.4,48,0,1.19067e+06,5.32693e+07,22.2811,22.2811,22.2811,16.8904,0,0.0751697,0,6.0977e+06
12/22/2009 15:00,12,22,2,15,0,10,50,0,1.33019e+06,5.34413e+07,22.2778,22.2778,22.2778,16.8904,0,0.0848537,0,6.87913e+06
12/22/2009 16:00,12,22,2,16,0,10,52,0,1.42429e+06,5.35575e+07,22.2592,22.2592,22.2592,16.8904,0,0.0914582,0,7.38899e+06
12/22/2009 17:00,12,22,2,17,0,10,54,0,1.47767e+06,5.36237e+07,22.2319,22.2319,22.2319,16.8904,0,0.0952645,0,7.65742e+06
12/22/2009 18:00,12,22,2,18,0,10,54,0,288416,3.56469e+07,22.2185,22.2185,22.2185,16.8904,0,0.0151106,0,1.21156e+06
12/22/2009 19:00,12,22,2,19,0,9.4,59,0,0,2.28739e+07,22.2149,22.2149,22.2149,22.2149,0,0,0,0
12/22/2009 20:00,12,22,2,20,0,8.9,61,0,0,2.28739e+07,22.2149,22.2149,22.2149,22.2149,0,0,0,0
12/22/2009 21:00,12,22,2,21,0,8.9,63,0,0,1.97521e+07,22.2149,22.2149,22.2149,22.2149,0,0,0,0
12/22/2009 22:00,12,22,2,22,0,9.4,69,0,0,1.97521e+07,22.2149,22.2149,22.2149,22.2149,0,0,0,0
12/22/2009 23:00,12,22,2,23,0,9.4,71,0,0,1.69425e+07,22.2149,22.2149,22.2149,22.2149,0,0,0,0
12/23/2009 00:00,12,23,3,0,0,10,74,0,0,1.53816e+07,22.2149,22.2149,22.2149,22.2149,0,0,0,0
12/23/2009 01:00,12,23,3,1,0,10,77,0,0,1.42679e+07,22.2149,22.2149,22.2149,22.2149,0,0,0,0
12/23/2009 02:00,12,23,3,2,0,10.6,77,0,0,1.42679e+07,22.2149,22.2149,22.2149,22.2149,0,0,0,0
12/23/2009 03:00,12,23,3,3,0,10.6,77,0,0,1.42679e+07,22.2149,22.2149,22.2149,22.2149,0,0,0,0
12/23/2009 04:00,12,23,3,4,0,11.1,77,0,0,1.42679e+07,22.2149,22.2149,22.2149,22.2149,0,0,0,0
12/23/2009 05:00,12,23,3,5,0,11.7,77,0,0,1.42679e+07,22.2149,22.2149,22.2149,22.2149,0,0,0,0
12/23/2009 06:00,12,23,3,6,0,12.2,80,0,0,1.42679e+07,22.2149,22.2149,22.2149,22.2149,0,0,0,0
12/23/2009 07:00,12,23,3,7,0,12.8,80,0,0,1.53816e+07,22.2149,22.2149,22.2149,22.2149,0,0,0,0
12/23/2009 08:00,12,23,3,8,0,14.4,81,0,0,1.20098e+07,22.2149,22.2149,22.2149,22.2149,0,0,0,0
12/23/2009 09:00,12,23,3,9,0,17.8,75,0,0,1.20098e+07,22.2149,22.2149,22.2149,22.2149,0,0,0,0
12/23/2009 10:00,12,23,3,10,0,21.1,68,0,0,1.20098e+07,22.2149,22.2149,22.2149,22.2149,0,0,0,0
12/23/2009 11:00,12,23,3,11,0,22.2,68,0,0,1.20098e+07,22.2149,22.2149,22.2149,22.2149,0,0,0,0
12/23/2009 12:00,12,23,3,12,0,22.8,69,0,0,1.20098e+07,22.2149,22.2149,22.2149,22.2149,0,0,0,0
12/23/2009 13:00,12,23,3,13,0,23.9,64,0,0,1.20098e+07,22.2149,22.2149,22.2149,22.2149,0,0,0,0
12/23/2009 14:00,12,23,3,14,0,24.4,64,0,0,1.20098e+07,22.2149,22.2149,22.2149,22.2149,0,0,0,0
12/23/2009 15:00,12,23,3,15,0,25,62,0,0,1.20098e+07,22.2149,22.2149,22.2149,22.2149,0,0,0,0
12/23/2009 16:00,12,23,3,16,0,26.1,54,0,0,1.20098e+07,22.2149,22.2149,22.2149,22.2149,0,0,0,0
12/23/2009 17:00,12,23,3,17,0,24.4,58,0,0,1.20098e+07,22.2149,22.2149,22.2149,22.2149,0,0,0,0
12/23/2009 18:00,12,23,3,18,0,23.3,59,0,0,1.53816e+07,22.2149,22.2149,22.2149,22.2149,0,0,0,0
12/23/2009 19:00,12,23,3,19,0,21.7,66,0,0,1.53816e+07,22.2149,22.2149,22.2149,22.2149,0,0,0,0
12/23/2009 20:00,12,23,3,20,0,19.4,76,0,0,1.53816e+07,22.2149,22.2149,22.2149,22.2149,0,0,0,0
12/23/2009 21:00,12,23,3,21,0,17.8,84,0,0,1.53816e+07,22.2149,22.2149,22.2149,22.2149,0,0,0,0
12/23/2009 22:00,12,23,3,22,0,16.7,87,0,0,1.53816e+07,22.2149,22.2149,22.2149,22.2149,0,0,0,0
12/23/2009 23:00,12,23,3,23,0,16.1,90,0,0,1.53816e+07,22.2149,22.2149,22.2149,22.2149,0,0,0,0
12/24/2009 00:00,12,24,4,0,0,15.6,93,0,0,1.53816e+07,22.2149,22.2149,22.2149,22.2149,0,0,0,0
12/24/2009 01:00,12,24,4,1,0,15.6,93,0,0,1.42679e+07,22.2149,22.2149,22.2149,22.2149,0,0,0,0
12/24/2009 02:00,12,24,4,2,0,15,93,0,0,1.42679e+07,22.2149,22.2149,22.2149,22.2149,0,0,0,0
12/24/2009 03:00,12,24,4,3,0,14.4,93,0,0,1.42679e+07,22.2149,22.2149,22.2149,22.2149,0,0,0,0
12/24/2009 04:00,12,24,4,4,0,14.4,93,0,0,1.42679e+07,22.2149,22.2149,22.2149,22.2149,0,0,0,0
12/24/2009 05:00,12,24,4,5,0,13.9,93,0,0,1.42679e+07,22.2149,22.2149,22.2149,22.2149,0,0,0,0
12/24/2009 06:00,12,24,4,6,0,13.3,93,0,0,1.42679e+07,22.2149,22.2149,22.2149,22.2149,0,0,0,0
12/24/2009 07:00,12,24,4,7,0,13.9,90,0,0,1.53816e+07,22.2149,22.2149,22.2149,22.2149,0,0,0,0
12/24/2009 08:00,12,24,4,8,0,11.7,77,0,0,1.20098e+07,22.2149,22.2149,22.2149,22.2149,0,0,0,0
12/24/2009 09:00,12,24,4,9,0,12.2,75,0,0,1.20098e+07,22.2149,22.2149,22.2149,22.2149,0,0,0,0
12/24/2009 10:00,12,24,4,10,0,13.3,67,0,0,1.20098e+07,22.2149,22.2149,22.2149,22.2149,0,0,0,0
12/24/2009 11:00,12,24,4,11,0,14.4,62,0,0,1.20098e+07,22.2149,22.2149,22.2149,22.2149,0,0,0,0
12/24/2009 12:00,12,24,4,12,0,15,60,0,0,1.20098e+07,22.2149,22.2149,22.2149,22.2149,0,0,0,0
12/24/2009 13:00,12,24,4,13,0,15.6,52,0,0,1.20098e+07,22.2149,22.2149,22.2149,22.2149,0,0,0,0
12/24/2009 14:00,12,24,4,14,0,16.1,46,0,0,1.20098e+07,22.2149,22.2149,22.2149,22.2149,0,0,0,0
12/24/2009 15:00,12,24,4,15,0,15.6,46,0,0,1.20098e+07,22.2149,22.2149,22.2149,22.2149,0,0,0,0
12/24/2009 16:00,12,24,4,16,0,14.4,48,0,0,1.20098e+07,22.2149,22.2149,22.2149,22.2149,0,0,0,0
12/24/2009 17:00,12,24,4,17,0,12.8,51,0,0,1.20098e+07,22.2149,22.2149,22.2149,22.2149,0,0,0,0
12/24/2009 18:00,12,24,4,18,0,10.6,54,0,0,1.53816e+07,22.2149,22.2149,22.2149,22.2149,0,0,0,0
12/24/2009 19:00,12,24,4,19,0,8.9,52,0,0,1.53816e+07,22.2149,22.2149,22.2149,22.2149,0,0,0,0
12/24/2009 20:00,12,24,4,20,0,7.8,52,0,0,1.53816e+07,22.2149,22.2149,22.2149,22.2149,0,0,0,0
12/24/2009 21:00,12,24,4,21,0,6.7,53,0,0,1.53816e+07,22.2149,22.2149,22.2149,22.2149,0,0,0,0
12/24/2009 22:00,12,24,4,22,0,6.1,49,0,0,1.53816e+07,22.2149,22.2149,22.2149,22.2149,0,0,0,0
12/24/2009 23:00,12,24,4,23,0,5,51,0,0,1.53816e+07,22.2149,22.2149,22.2149,22.2149,0,0,0,0
12/25/2009 00:00,12,25,5,0,0,4.4,55,0,0,1.53816e+07,22.2149,22.2149,22.2149,22.2149,0,0,0,0
12/25/2009 01:00,12,25,5,1,0,3.9,55,0,0,2.07703e+07,22.2149,22.2149,22.2149,22.2149,0,0,0,0
12/25/2009 02:00,12,25,5,2,0,2.2,57,0,0,2.07703e+07,22.2149,22.2149,22.2149,22.2149,0,0,0,0
12/25/2009 03:00,12,25,5,3,0,1.7,54,0,0,2.07703e+07,22.2149,22.2149,22.2149,22.2149,0,0,0,0
12/25/2009 04:00,12,25,5,4,0,0.6,56,0,0,2.07703e+07,22.2149,22.2149,22.2149,22.2149,0,0,0,0
12/25/2009 05:00,12,25,5,5,0,0,56,0,0,2.07703e+07,22.2149,22.2149,22.2149,22.2149,0,0,0,0
12/25/2009 06:00,12,25,5,6,0,0,56,0,0,2.23312e+07,22.2149,22.2149,22.2149,22.2149,0,0,0,0
12/25/2009 07:00,12,25,5,7,0,-1.1,61,4.8589e+06,0,2.92804e+07,14.462,14.462,16.8904,14.462,0.287401,0,8.62748e+06,0
12/25/2009 08:00,12,25,5,8,0,-0.6,59,1.68199e+06,0,2.79813e+07,14.0464,14.0464,16.8904,14.0464,0.0866666,0,3.71454e+06,0
12/25/2009 09:00,12,25,5,9,0,1.1,52,0,0,5.18266e+07,14.0462,14.0462,14.0462,14.0462,0,0,0,0
12/25/2009 10:00,12,25,5,10,0,3.3,46,0,244763,5.21177e+07,15.1442,15.1442,15.9424,15.1442,0.0137285,0,296919,0
12/25/2009 11:00,12,25,5,11,0,5,41,0,1.25377e+06,5.33537e+07,19.7855,19.7855,19.7855,16.8904,0,0.0808421,0,3.52099e+06
12/25/2009 12:00,12,25,5,12,0,6.7,37,0,2.10876e+06,5.43972e+07,21.5629,21.5629,21.5629,16.8904,0,0.136687,0,9.61436e+06
12/25/2009 13:00,12,25,5,13,0,7.2,37,0,1.76799e+06,4.95688e+07,21.6738,21.6738,21.6738,16.8904,0,0.117274,0,8.4422e+06
12/25/2009 14:00,12,25,5,14,0,9.4,32,0,3.24273e+06,5.57899e+07,21.9212,21.9212,21.9212,16.8904,0,0.213631,0,1.6174e+07
12/25/2009 15:00,12,25,5,15,0,10,32,0,3.74301e+06,5.63884e+07,22.0193,22.0193,22.0193,16.8904,0,0.24259,0,1.87232e+07
12/25/2009 16:00,12,25,5,16,0,10,33,0,3.3617e+06,5.59105e+07,22.0832,22.0832,22.0832,16.8904,0,0.213999,0,1.67229e+07
12/25/2009 17:00,12,25,5,17,0,8.9,36,0,2.77809e+06,5.51921e+07,22.1582,22.1582,22.1582,16.8904,0,0.174364,0,1.38222e+07
12/25/2009 18:00,12,25,5,18,0,6.1,47,0,123672,3.54466e+07,22.183,22.183,22.183,16.8904,0,0.00452165,0,360144
12/25/2009 19:00,12,25,5,19,0,5.6,55,0,0,2.28739e+07,22.195,22.195,22.195,22.195,0,0,0,0
12/25/2009 20:00,12,25,5,20,0,5.6,55,0,0,2.28739e+07,22.195,22.195,22.195,22.195,0,0,0,0
12/25/2009 21:00,12,25,5,21,0,5.6,55,0,0,1.97521e+07,22.195,22.195,22.195,22.195,0,0,0,0
12/25/2009 22:00,12,25,5,22,0,5,55,0,0,1.97521e+07,22.195,22.195,22.195,22.195,0,0,0,0
12/25/2009 23:00,12,25,5,23,0,3.9,62,0,0,1.69425e+07,22.195,22.195,22.195,22.195,0,0,0,0
12/26/2009 00:00,12,26,6,0,0,3.3,67,0,0,1.53816e+07,22.195,22.195,22.195,22.195,0,0,0,0
12/26/2009 01:00,12,26,6,1,0,1.7,79,0,0,2.07703e+07,22.195,22.195,22.195,22.195,0,0,0,0
12/26/2009 02:00,12,26,6,2,0,0.6,85,0,0,2.07703e+07,22.195,22.195,22.195,22.195,0,0,0,0
12/26/2009 03:00,12,26,6,3,0,0.6,85,0,0,2.07703e+07,22.195,22.195,22.195,22.195,0,0,0,0
12/26/2009 04:00,12,26,6,4,0,0.6,85,0,0,2.07703e+07,22.195,22.195,22.195,22.195,0,0,0,0
12/26/2009 05:00,12,26,6,5,0,0.6,85,0,0,2.07703e+07,22.195,22.195,22.195,22.195,0,0,0,0
12/26/2009 06:00,12,26,6,6,0,0,89,0,0,2.23312e+07,22.195,22.195,22.195,22.195,0,0,0,0
12/26/2009 07:00,12,26,6,7,0,0.6,85,3.36562e+06,0,2.746e+07,14.8702,14.8702,16.8904,14.8702,0.191078,0,4.44834e+06,0
12/26/2009 08:00,12,26,6,8,0,0.6,85,1.45952e+06,0,2.77131e+07,14.0521,14.0521,16.8904,14.0521,0.0732205,0,3.13194e+06,0
12/26/2009 09:00,12,26,6,9,0,3.3,73,0,199293,5.20611e+07,14.8935,14.8935,15.9428,14.8935,0.0105106,0,250394,0
12/26/2009 10:00,12,26,6,10,0,6.7,63,0,169286,5.20264e+07,16.8369,16.8369,16.8369,16.6647,0,0.0091244,0,47334.5
12/26/2009 11:00,12,26,6,11,0,12.2,47,0,2.44641e+06,5.48053e+07,21.0333,21.0333,21.0333,16.8904,0,0.157753,0,1.01195e+07
12/26/2009 12:00,12,26,6,12,0,14.4,44,0,2.64109e+06,5.50393e+07,22.0342,22.0342,22.0342,16.8904,0,0.169588,0,1.31275e+07
12/26/2009 13:00,12,26,6,13,0,16.7,40,0,2.66849e+06,5.06577e+07,22.0041,22.0041,22.0041,16.8904,0,0.173319,0,1.33378e+07
12/26/2009 14:00,12,26,6,14,0,17.8,40,0,4.05666e+06,5.67913e+07,22.0373,22.0373,22.0373,16.8904,0,0.269228,0,2.08529e+07
12/26/2009 15:00,12,26,6,15,0,18.9,43,0,4.84426e+06,5.7753e+07,22.0431,22.0431,22.0431,16.8904,0,0.320162,0,2.48257e+07
12/26/2009 16:00,12,26,6,16,0,17.8,50,0,5.07513e+06,5.8034e+07,22.0464,22.0464,22.0464,16.8904,0,0.334619,0,2.59635e+07
12/26/2009 17:00,12,26,6,17,0,16.1,58,0,4.79415e+06,5.76705e+07,22.0595,22.0595,22.0595,16.8904,0,0.310251,0,2.41338e+07
12/26/2009 18:00,12,26,6,18,0,12.8,72,0,544711,3.59591e+07,22.1232,22.1232,22.1232,16.8904,0,0.0317902,0,2.50339e+06
12/26/2009 19:00,12,26,6,19,0,10,83,0,0,2.28739e+07,22.1676,22.1676,22.1676,22.1676,0,0,0,0
12/26/2009 20:00,12,26,6,20,0,8.3,93,0,0,2.28739e+07,22.1676,22.1676,22.1676,22.1676,0,0,0,0
12/26/2009 21:00,12,26,6,21,0,6.7,93,0,0,1.97521e+07,22.1676,22.1676,22.1676,22.1676,0,0,0,0
12/26/2009 22:00,12,26,6,22,0,6.7,89,0,0,1.97521e+07,22.1676,22.1676,22.1676,22.1676,0,0,0,0
12/26/2009 23:00,12,26,6,23,0,5.6,89,0,0,1.69425e+07,22.1676,22.1676,22.1676,22.1676,0,0,0,0
12/27/2009 00:00,12,27,0,0,0,5.6,93,0,0,1.53816e+07,22.1676,22.1676,22.1676,22.1676,0,0,0,0
12/27/2009 01:00,12,27,0,1,0,4.4,93,0,0,2.07703e+07,22.1676,22.1676,22.1676,22.1676,0,0,0,0
12/27/2009 02:00,12,27,0,2,0,3.3,93,0,0,2.07703e+07,22.1676,22.1676,22.1676,22.1676,0,0,0,0
12/27/2009 03:00,12,27,0,3,0,4.4,89,0,0,2.07703e+07,22.1676,22.1676,22.1676,22.1676,0,0,0,0
12/27/2009 04:00,12,27,0,4,0,4.4,89,0,0,2.07703e+07,22.1676,22.1676,22.1676,22.1676,0,0,0,0
12/27/2009 05:00,12,27,0,5,0,3.3,93,0,0,2.07703e+07,22.1676,22.1676,22.1676,22.1676,0,0,0,0
12/27/2009 06:00,12,27,0,6,0,4.4,86,0,0,2.23312e+07,22.1676,22.1676,22.1676,22.1676,0,0,0,0
12/27/2009 07:00,12,27,0,7,0,2.8,96,1.46465e+06,0,2.51619e+07,16.6235,16.6235,17.4951,16.0189,0.0357267,0.038468,777367,1.05052e+06
12/27/2009 08:00,12,27,0,8,0,2.2,96,488504,0,2.65585e+07,14.6054,14.6054,16.8904,14.6054,0.0192715,0,663507,0
12/27/2009 09:00,12,27,0,9,0,4.4,89,0,642748,5.25968e+07,16.9563,16.9563,17.1141,16.0356,0.0120808,0.0259008,200983,689312
12/27/2009 10:00,12,27,0,10,0,5.6,86,0,730969,5.27056e+07,20.891,20.891,20.891,16.8904,0,0.0441528,0,2.74875e+06
12/27/2009 11:00,12,27,0,11,0,9.4,69,0,1.65538e+06,5.38236e+07,22.0265,22.0265,22.0265,16.8904,0,0.10156,0,7.86112e+06
12/27/2009 12:00,12,27,0,12,0,12.2,62,0,3.68457e+06,5.63377e+07,22.0802,22.0802,22.0802,16.8904,0,0.245078,0,1.91402e+07
12/27/2009 13:00,12,27,0,13,0,15.6,50,0,3.54317e+06,5.17467e+07,22.0298,22.0298,22.0298,16.8904,0,0.236828,0,1.8317e+07
12/27/2009 14:00,12,27,0,14,0,17.2,45,0,4.66178e+06,5.75333e+07,22.0237,22.0237,22.0237,16.8904,0,0.309556,0,2.39132e+07
12/27/2009 15:00,12,27,0,15,0,18.3,42,0,5.60291e+06,5.86843e+07,22.046,22.046,22.046,16.8904,0,0.370791,0,2.87677e+07
12/27/2009 16:00,12,27,0,16,0,17.8,42,0,5.87587e+06,5.89971e+07,22.0628,22.0628,22.0628,16.8904,0,0.382223,0,2.97513e+07
12/27/2009 17:00,12,27,0,17,0,16.7,43,0,5.20145e+06,5.81526e+07,22.0762,22.0762,22.0762,16.8904,0,0.332249,0,2.59285e+07
12/27/2009 18:00,12,27,0,18,0,12.2,59,0,762500,3.62135e+07,22.0959,22.0959,22.0959,16.8904,0,0.0426649,0,3.3422e+06
12/27/2009 19:00,12,27,0,19,0,10,74,0,0,2.28739e+07,22.1071,22.1071,22.1071,22.1071,0,0,0,0
12/27/2009 20:00,12,27,0,20,0,8.3,80,0,0,2.28739e+07,22.1071,22.1071,22.1071,22.1071,0,0,0,0
12/27/2009 21:00,12,27,0,21,0,8.9,71,0,0,1.97521e+07,22.1071,22.1071,22.1071,22.1071,0,0,0,0
12/27/2009 22:00,12,27,0,22,0,7.8,86,0,0,1.97521e+07,22.1071,22.1071,22.1071,22.1071,0,0,0,0
12/27/2009 23:00,12,27,0,23,0,7.2,89,0,0,1.69425e+07,22.1071,22.1071,22.1071,22.1071,0,0,0,0
12/28/2009 00:00,12,28,1,0,0,5,96,0,0,1.53816e+07,22.1071,22.1071,22.1071,22.1071,0,0,0,0
12/28/2009 01:00,12,28,1,1,0,5,96,0,0,2.07703e+07,22.1071,22.1071,22.1071,22.1071,0,0,0,0
12/28/2009 02:00,12,28,1,2,0,3.9,96,0,0,2.07703e+07,22.1071,22.1071,22.1071,22.1071,0,0,0,0
12/28/2009 03:00,12,28,1,3,0,3.9,96,0,0,2.07703e+07,22.1071,22.1071,22.1071,22.1071,0,0,0,0
12/28/2009 04:00,12,28,1,4,0,3.9,96,0,0,2.07703e+07,22.1071,22.1071,22.1071,22.1071,0,0,0,0
12/28/2009 05:00,12,28,1,5,0,2.8,96,0,0,2.07703e+07,22.1071,22.1071,22.1071,22.1071,0,0,0,0
12/28/2009 06:00,12,28,1,6,0,2.8,92,0,0,2.23312e+07,22.1071,22.1071,22.1071,22.1071,0,0,0,0
12/28/2009 07:00,12,28,1,7,0,2.8,92,1.00043e+06,0,2.46084e+07,17.7932,17.7932,18.049,16.6346,0.0177149,0.0302158,136505,1.05398e+06
12/28/2009 08:00,12,28,1,8,0,4.4,86,204466,0,2.6233e+07,15.5869,15.5869,16.8904,15.5869,0.00708339,0,137936,0
12/28/2009 09:00,12,28,1,9,0,7.2,71,0,1.80215e+06,5.40003e+07,19.3819,19.3819,19.5216,16.5883,0.00193225,0.108155,36600.7,5.59627e+06
12/28/2009 10:00,12,28,1,10,0,10,59,0,2.78913e+06,5.52062e+07,22.012,22.012,22.012,16.8904,0,0.174879,0,1.34999e+07
12/28/2009 11:00,12,28,1,11,0,12.2,51,0,2.92811e+06,5.53784e+07,22.0609,22.0609,22.0609,16.8904,0,0.184982,0,1.43931e+07
12/28/2009 12:00,12,28,1,12,0,14.4,44,0,4.19971e+06,5.69693e+07,22.0275,22.0275,22.0275,16.8904,0,0.279567,0,2.16125e+07
12/28/2009 13:00,12,28,1,13,0,15.6,41,0,3.59165e+06,5.18039e+07,21.9965,21.9965,21.9965,16.8904,0,0.239513,0,1.84045e+07
12/28/2009 14:00,12,28,1,14,0,17.8,37,0,5.2563e+06,5.82494e+07,22.0228,22.0228,22.0228,16.8904,0,0.345263,0,2.66685e+07
12/28/2009 15:00,12,28,1,15,0,17.8,37,0,6.66504e+06,5.99797e+07,22.0546,22.0546,22.0546,16.8904,0,0.439433,0,3.415e+07
12/28/2009 16:00,12,28,1,16,0,18.3,36,0,7.37961e+06,6.08591e+07,22.0646,22.0646,22.0646,16.8904,0,0.48771,0,3.7975e+07
12/28/2009 17:00,12,28,1,17,0,16.1,41,0,6.41074e+06,5.96447e+07,22.0712,22.0712,22.0712,16.8904,0,0.415465,0,3.23913e+07
12/28/2009 18:00,12,28,1,18,0,12.8,55,0,1.11868e+06,3.66482e+07,22.0501,22.0501,22.0501,16.8904,0,0.065955,0,5.12109e+06
12/28/2009 19:00,12,28,1,19,0,10,71,0,0,2.28739e+07,22.0398,22.0398,22.0398,22.0398,0,0,0,0
12/28/2009 20:00,12,28,1,20,0,8.3,80,0,0,2.28739e+07,22.0398,22.0398,22.0398,22.0398,0,0,0,0
12/28/2009 21:00,12,28,1,21,0,8.3,77,0,0,1.97521e+07,22.0398,22.0398,22.0398,22.0398,0,0,0,0
12/28/2009 22:00,12,28,1,22,0,8.3,74,0,0,1.97521e+07,22.0398,22.0398,22.0398,22.0398,0,0,0,0
12/28/2009 23:00,12,28,1,23,0,6.7,83,0,0,1.69425e+07,22.0398,22.0398,22.0398,22.0398,0,0,0,0
12/29/2009 00:00,12,29,2,0,0,5.6,86,0,0,1.53816e+07,22.0398,22.0398,22.0398,22.0398,0,0,0,0
12/29/2009 01:00,12,29,2,1,0,5.6,83,0,0,2.07703e+07,22.0398,22.0398,22.0398,22.0398,0,0,0,0
12/29/2009 02:00,12,29,2,2,0,4.4,89,0,0,2.07703e+07,22.0398,22.0398,22.0398,22.0398,0,0,0,0
12/29/2009 03:00,12,29,2,3,0,3.3,93,0,0,2.07703e+07,22.0398,22.0398,22.0398,22.0398,0,0,0,0
12/29/2009 04:00,12,29,2,4,0,2.8,92,0,0,2.07703e+07,22.0398,22.0398,22.0398,22.0398,0,0,0,0
12/29/2009 05:00,12,29,2,5,0,2.2,92,0,0,2.07703e+07,22.0398,22.0398,22.0398,22.0398,0,0,0,0
12/29/2009 06:00,12,29,2,6,0,2.2,92,0,0,2.23312e+07,22.0398,22.0398,22.0398,22.0398,0,0,0,0
12/29/2009 07:00,12,29,2,7,0,2.2,92,745164,0,2.43074e+07,18.8812,18.8812,18.8812,16.8904,0,0.034513,0,1.03441e+06
12/29/2009 08:00,12,29,2,8,0,4.4,82,30041.3,0,2.60349e+07,16.6809,16.6809,16.6809,16.6809,0,0,0,0
12/29/2009 09:00,12,29,2,9,0,7.8,71,0,2.27282e+06,5.45783e+07,20.2412,20.2412,20.2412,16.864,0,0.14178,0,8.51306e+06
12/29/2009 10:00,12,29,2,10,0,12.8,57,0,3.53471e+06,5.61259e+07,22.0341,22.0341,22.0341,16.8904,0,0.226247,0,1.75167e+07
12/29/2009 11:00,12,29,2,11,0,17.8,43,0,4.28939e+06,5.70559e+07,22.0375,22.0375,22.0375,16.8904,0,0.278196,0,2.1548e+07
12/29/2009 12:00,12,29,2,12,0,18.3,47,0,4.08051e+06,5.67927e+07,22.0331,22.0331,22.0331,16.8904,0,0.262346,0,2.03031e+07
12/29/2009 13:00,12,29,2,13,0,20,49,0,2.88351e+06,5.0887e+07,22.0459,22.0459,22.0459,16.8904,0,0.177518,0,1.37723e+07
12/29/2009 14:00,12,29,2,14,0,20,51,0,4.30748e+06,5.70405e+07,22.1112,22.1112,22.1112,16.8904,0,0.268247,0,2.10751e+07
12/29/2009 15:00,12,29,2,15,0,18.3,59,0,4.73904e+06,5.75706e+07,22.1305,22.1305,22.1305,16.8904,0,0.297285,0,2.34426e+07
12/29/2009 16:00,12,29,2,16,0,18.3,61,0,4.9675e+06,5.78517e+07,22.1343,22.1343,22.1343,16.8904,0,0.312837,0,2.4687e+07
12/29/2009 17:00,12,29,2,17,0,16.7,67,0,4.78236e+06,5.76249e+07,22.1264,22.1264,22.1264,16.8904,0,0.300615,0,2.36865e+07
12/29/2009 18:00,12,29,2,18,0,16.7,70,0,1.05055e+06,3.6565e+07,22.0873,22.0873,22.0873,16.8904,0,0.0614903,0,4.80891e+06
12/29/2009 19:00,12,29,2,19,0,15,75,0,0,2.28739e+07,22.067,22.067,22.067,22.067,0,0,0,0
12/29/2009 20:00,12,29,2,20,0,13.9,78,0,0,2.28739e+07,22.067,22.067,22.067,22.067,0,0,0,0
12/29/2009 21:00,12,29,2,21,0,13.3,67,0,0,1.97521e+07,22.067,22.067,22.067,22.067,0,0,0,0
12/29/2009 22:00,12,29,2,22,0,12.8,59,0,0,1.97521e+07,22.067,22.067,22.067,22.067,0,0,0,0
12/29/2009 23:00,12,29,2,23,0,12.2,57,0,0,1.69425e+07,22.067,22.067,22.067,22.067,0,0,0,0
12/30/2009 00:00,12,30,3,0,0,11.7,59,0,0,1.53816e+07,22.067,22.067,22.067,22.067,0,0,0,0
12/30/2009 01:00,12,30,3,1,0,10,64,0,0,1.42679e+07,22.067,22.067,22.067,22.067,0,0,0,0
12/30/2009 02:00,12,30,3,2,0,8.9,68,0,0,1.42679e+07,22.067,22.067,22.067,22.067,0,0,0,0
12/30/2009 03:00,12,30,3,3,0,7.8,74,0,0,1.42679e+07,22.067,22.067,22.067,22.067,0,0,0,0
12/30/2009 04:00,12,30,3,4,0,6.7,76,0,0,1.42679e+07,22.067,22.067,22.067,22.067,0,0,0,0
12/30/2009 05:00,12,30,3,5,0,5.6,73,0,0,1.42679e+07,22.067,22.067,22.067,22.067,0,0,0,0
12/30/2009 06:00,12,30,3,6,0,5,82,0,0,1.42679e+07,22.067,22.067,22.067,22.067,0,0,0,0
12/30/2009 07:00,12,30,3,7,0,5,82,0,0,1.53816e+07,22.067,22.067,22.067,22.067,0,0,0,0
12/30/2009 08:00,12,30,3,8,0,4.4,82,0,0,1.20098e+07,22.067,22.067,22.067,22.067,0,0,0,0
12/30/2009 09:00,12,30,3,9,0,7.2,68,0,0,1.20098e+07,22.067,22.067,22.067,22.067,0,0,0,0
12/30/2009 10:00,12,30,3,10,0,10.6,57,0,0,1.20098e+07,22.067,22.067,22.067,22.067,0,0,0,0
12/30/2009 11:00,12,30,3,11,0,12.2,51,0,0,1.20098e+07,22.067,22.067,22.067,22.067,0,0,0,0
12/30/2009 12:00,12,30,3,12,0,14.4,44,0,0,1.20098e+07,22.067,22.067,22.067,22.067,0,0,0,0
12/30/2009 13:00,12,30,3,13,0,16.7,37,0,0,1.20098e+07,22.067,22.067,22.067,22.067,0,0,0,0
12/30/2009 14:00,12,30,3,14,0,17.2,34,0,0,1.20098e+07,22.067,22.067,22.067,22.067,0,0,0,0
12/30/2009 15:00,12,30,3,15,0,18.3,29,0,0,1.20098e+07,22.067,22.067,22.067,22.067,0,0,0,0
12/30/2009 16:00,12,30,3,16,0,17.8,30,0,0,1.20098e+07,22.067,22.067,22.067,22.067,0,0,0,0
12/30/2009 17:00,12,30,3,17,0,16.1,36,0,0,1.20098e+07,22.067,22.067,22.067,22.067,0,0,0,0
12/30/2009 18:00,12,30,3,18,0,11.7,51,0,0,1.53816e+07,22.067,22.067,22.067,22.067,0,0,0,0
12/30/2009 19:00,12,30,3,19,0,8.3,63,0,0,1.53816e+07,22.067,22.067,22.067,22.067,0,0,0,0
12/30/2009 20:00,12,30,3,20,0,6.1,76,0,0,1.53816e+07,22.067,22.067,22.067,22.067,0,0,0,0
12/30/2009 21:00,12,30,3,21,0,5.6,76,0,0,1.53816e+07,22.067,22.067,22.067,22.067,0,0,0,0
12/30/2009 22:00,12,30,3,22,0,4.4,82,0,0,1.53816e+07,22.067,22.067,22.067,22.067,0,0,0,0
12/30/2009 23:00,12,30,3,23,0,3.9,82,0,0,1.53816e+07,22.067,22.067,22.067,22.067,0,0,0,0
12/31/2009 00:00,12,31,4,0,0,3.3,82,0,0,1.53816e+07,22.067,22.067,22.067,22.067,0,0,0,0
12/31/2009 01:00,12,31,4,1,0,2.2,85,0,0,1.42679e+07,22.067,22.067,22.067,22.067,0,0,0,0
12/31/2009 02:00,12,31,4,2,0,1.7,89,0,0,1.42679e+07,22.067,22.067,22.067,22.067,0,0,0,0
12/31/2009 03:00,12,31,4,3,0,1.7,89,0,0,1.42679e+07,22.067,22.067,22.067,22.067,0,0,0,0
12/31/2009 04:00,12,31,4,4,0,1.1,89,0,0,1.42679e+07,22.067,22.067,22.067,22.067,0,0,0,0
12/31/2009 05:00,12,31,4,5,0,1.1,89,0,0,1.42679e+07,22.067,22.067,22.067,22.067,0,0,0,0
12/31/2009 06:00,12,31,4,6,0,1.1,92,0,0,1.42679e+07,22.067,22.067,22.067,22.067,0,0,0,0
12/31/2009 07:00,12,31,4,7,0,2.8,76,0,0,1.53816e+07,22.067,22.067,22.067,22.067,0,0,0,0
12/31/2009 08:00,12,31,4,8,0,5.6,68,0,0,1.20098e+07,22.067,22.067,22.067,22.067,0,0,0,0
12/31/2009 09:00,12,31,4,9,0,8.9,61,0,0,1.20098e+07,22.067,22.067,22.067,22.067,0,0,0,0
12/31/2009 10:00,12,31,4,10,0,13.9,46,0,0,1.20098e+07,22.067,22.067,22.067,22.067,0,0,0,0
12/31/2009 11:00,12,31,4,11,0,16.7,37,0,0,1.20098e+07,22.067,22.067,22.067,22.067,0,0,0,0
12/31/2009 12:00,12,31,4,12,0,18.9,32,0,0,1.20098e+07,22.067,22.067,22.067,22.067,0,0,0,0
12/31/2009 13:00,12,31,4,13,0,20.6,28,0,0,1.20098e+07,22.067,22.067,22.067,22.067,0,0,0,0
12/31/2009 14:00,12,31,4,14,0,21.7,27,0,0,1.20098e+07,22.067,22.067,22.067,22.067,0,0,0,0
12/31/2009 15:00,12,31,4,15,0,22.2,26,0,0,1.20098e+07,22.067,22.067,22.067,22.067,0,0,0,0
12/31/2009 16:00,12,31,4,16,0,21.7,27,0,0,1.20098e+07,22.067,22.067,22.067,22.067,0,0,0,0
12/31/2009 17:00,12,31,4,17,0,20.6,30,0,0,1.20098e+07,22.067,22.067,22.067,22.067,0,0,0,0
12/31/2009 18:00,12,31,4,18,0,16.1,41,0,0,1.53816e+07,22.067,22.067,22.067,22.067,0,0,0,0
12/31/2009 19:00,12,31,4,19,0,11.1,59,0,0,1.53816e+07,22.067,22.067,22.067,22.067,0,0,0,0
12/31/2009 20:00,12,31,4,20,0,11.1,61,0,0,1.53816e+07,22.067,22.067,22.067,22.067,0,0,0,0
12/31/2009 21:00,12,31,4,21,0,9.4,69,0,0,1.53816e+07,22.067,22.067,22.067,22.067,0,0,0,0
12/31/2009 22:00,12,31,4,22,0,7.2,80,0,0,1.53816e+07,22.067,22.067,22.067,22.067,0,0,0,0
12/31/2009 23:00,12,31,4,23,0,6.7,80,0,0,1.53816e+07,22.067,22.067,22.067,22.067,0,0,0,0
01/01/2010 00:00,1,1,5,0,0,6.7,80,0,0,1.53816e+07,22.067,22.067,22.067,22.067,0,0,0,0
